geoid,units_single_family,units_multi_family,units_total,year
01001,181,0,181,2000
01003,1841,631,2472,2000
01005,27,40,67,2000
01007,4,0,4,2000
01009,59,12,71,2000
01011,1,0,1,2000
01013,8,96,104,2000
01015,252,84,336,2000
01017,26,0,26,2000
01019,14,0,14,2000
01021,45,0,45,2000
01023,1,0,1,2000
01025,11,0,11,2000
01027,5,0,5,2000
01029,11,16,27,2000
01031,108,0,108,2000
01033,96,48,144,2000
01035,5,0,5,2000
01037,0,0,0,2000
01039,21,0,21,2000
01041,2,0,2,2000
01043,42,24,66,2000
01045,44,2,46,2000
01047,9,56,65,2000
01049,57,20,77,2000
01051,226,28,254,2000
01053,16,0,16,2000
01055,180,83,263,2000
01057,6,0,6,2000
01059,21,0,21,2000
01061,22,0,22,2000
01063,7,0,7,2000
01065,32,0,32,2000
01067,17,0,17,2000
01069,340,320,660,2000
01071,47,56,103,2000
01073,2347,710,3057,2000
01075,2,0,2,2000
01077,124,56,180,2000
01079,8,24,32,2000
01081,330,244,574,2000
01083,109,0,109,2000
01085,3,0,3,2000
01087,70,0,70,2000
01089,949,152,1101,2000
01091,8,0,8,2000
01093,25,40,65,2000
01095,153,0,153,2000
01097,1746,412,2158,2000
01099,13,48,61,2000
01101,811,24,835,2000
01103,367,0,367,2000
01105,3,0,3,2000
01107,14,0,14,2000
01109,25,0,25,2000
01111,2,0,2,2000
01113,108,250,358,2000
01115,204,3,207,2000
01117,1742,56,1798,2000
01119,7,0,7,2000
01121,77,24,101,2000
01123,39,48,87,2000
01125,582,127,709,2000
01127,32,0,32,2000
01129,5,0,5,2000
01131,0,0,0,2000
01133,3,0,3,2000
02000,153,14,167,2000
02013,1,0,1,2000
02016,19,32,51,2000
02020,821,369,1190,2000
02050,50,0,50,2000
02060,0,0,0,2000
02090,124,0,124,2000
02100,9,0,9,2000
02110,86,12,98,2000
02122,91,18,109,2000
02130,31,8,39,2000
02150,46,8,54,2000
02170,61,59,120,2000
02180,3,0,3,2000
02185,11,0,11,2000
02201,1,0,1,2000
02220,28,10,38,2000
02232,22,10,32,2000
02261,35,0,35,2000
02280,9,0,9,2000
02282,6,0,6,2000
04001,104,0,104,2000
04003,686,0,686,2000
04005,581,102,683,2000
04007,335,4,339,2000
04009,70,0,70,2000
04011,5,0,5,2000
04012,32,0,32,2000
04013,32049,11007,43056,2000
04015,1887,51,1938,2000
04017,555,29,584,2000
04019,6816,963,7779,2000
04021,2183,71,2254,2000
04023,329,111,440,2000
04025,2032,195,2227,2000
04027,1180,108,1288,2000
05001,13,0,13,2000
05003,5,20,25,2000
05005,58,73,131,2000
05007,1059,100,1159,2000
05009,138,13,151,2000
05011,3,0,3,2000
05013,2,0,2,2000
05015,35,4,39,2000
05017,12,0,12,2000
05019,29,0,29,2000
05021,8,6,14,2000
05023,36,10,46,2000
05025,0,0,0,2000
05027,12,0,12,2000
05029,9,0,9,2000
05031,274,46,320,2000
05033,115,34,149,2000
05035,217,188,405,2000
05037,27,4,31,2000
05039,3,0,3,2000
05041,15,16,31,2000
05043,39,30,69,2000
05045,459,64,523,2000
05047,15,0,15,2000
05049,9,0,9,2000
05051,105,0,105,2000
05053,8,0,8,2000
05055,200,4,204,2000
05057,16,0,16,2000
05059,5,2,7,2000
05061,17,0,17,2000
05063,10,24,34,2000
05065,16,0,16,2000
05067,22,0,22,2000
05069,109,30,139,2000
05071,26,0,26,2000
05073,2,16,18,2000
05075,16,4,20,2000
05077,12,21,33,2000
05079,9,0,9,2000
05081,2,0,2,2000
05083,8,0,8,2000
05085,333,23,356,2000
05087,5,0,5,2000
05089,173,6,179,2000
05091,161,0,161,2000
05093,40,0,40,2000
05095,7,25,32,2000
05099,4,0,4,2000
05101,3,0,3,2000
05103,8,0,8,2000
05105,0,0,0,2000
05107,9,0,9,2000
05111,57,0,57,2000
05113,19,4,23,2000
05115,89,46,135,2000
05117,6,0,6,2000
05119,1031,384,1415,2000
05121,25,17,42,2000
05123,16,64,80,2000
05125,409,35,444,2000
05127,3,20,23,2000
05129,3,0,3,2000
05131,265,154,419,2000
05133,7,0,7,2000
05135,5,0,5,2000
05137,10,0,10,2000
05139,7,0,7,2000
05141,0,0,0,2000
05143,944,739,1683,2000
05145,96,26,122,2000
05147,6,0,6,2000
05149,16,24,40,2000
06001,3071,983,4054,2000
06003,25,0,25,2000
06005,245,8,253,2000
06007,965,169,1134,2000
06009,425,0,425,2000
06011,44,2,46,2000
06013,4185,1294,5479,2000
06015,45,0,45,2000
06017,1389,87,1476,2000
06019,2909,247,3156,2000
06021,41,0,41,2000
06023,390,142,532,2000
06025,594,179,773,2000
06027,18,0,18,2000
06029,2862,208,3070,2000
06031,445,0,445,2000
06033,132,0,132,2000
06035,102,4,106,2000
06037,8372,8596,16968,2000
06039,549,99,648,2000
06041,437,156,593,2000
06043,87,0,87,2000
06045,270,14,284,2000
06047,1344,36,1380,2000
06049,0,0,0,2000
06051,99,138,237,2000
06053,1505,209,1714,2000
06055,538,4,542,2000
06057,739,92,831,2000
06059,6814,5706,12520,2000
06061,4745,1698,6443,2000
06063,178,0,178,2000
06065,13323,1702,15025,2000
06067,6293,1379,7672,2000
06069,538,0,538,2000
06071,5767,704,6471,2000
06073,9287,6305,15592,2000
06075,81,2685,2766,2000
06077,5350,42,5392,2000
06079,1541,132,1673,2000
06081,1143,1078,2221,2000
06083,759,108,867,2000
06085,2841,3798,6639,2000
06087,390,155,545,2000
06089,791,179,970,2000
06091,19,0,19,2000
06093,144,4,148,2000
06095,2047,186,2233,2000
06097,2013,492,2505,2000
06099,2799,224,3023,2000
06101,238,2,240,2000
06103,135,82,217,2000
06105,34,0,34,2000
06107,1539,88,1627,2000
06109,275,4,279,2000
06111,2984,976,3960,2000
06113,1041,161,1202,2000
06115,82,0,82,2000
08001,2901,2578,5479,2000
08003,54,0,54,2000
08005,4242,3898,8140,2000
08007,358,2,360,2000
08009,7,0,7,2000
08011,17,0,17,2000
08013,2474,306,2780,2000
08015,227,3,230,2000
08017,3,0,3,2000
08019,58,0,58,2000
08021,193,0,193,2000
08025,20,0,20,2000
08027,130,13,143,2000
08029,92,2,94,2000
08031,1439,2210,3649,2000
08033,7,0,7,2000
08035,4760,1635,6395,2000
08037,448,253,701,2000
08039,317,0,317,2000
08041,5086,1178,6264,2000
08043,377,8,385,2000
08045,516,158,674,2000
08047,83,0,83,2000
08049,346,198,544,2000
08051,208,122,330,2000
08053,11,4,15,2000
08055,96,0,96,2000
08057,24,0,24,2000
08059,1922,1094,3016,2000
08061,0,0,0,2000
08063,24,8,32,2000
08065,61,0,61,2000
08067,393,40,433,2000
08069,2724,800,3524,2000
08071,83,0,83,2000
08073,13,0,13,2000
08075,69,4,73,2000
08077,1132,184,1316,2000
08079,14,0,14,2000
08081,41,0,41,2000
08083,29,12,41,2000
08085,286,23,309,2000
08087,110,6,116,2000
08089,34,8,42,2000
08091,59,7,66,2000
08093,434,0,434,2000
08095,7,2,9,2000
08097,199,75,274,2000
08099,18,0,18,2000
08101,1028,70,1098,2000
08103,15,2,17,2000
08105,120,3,123,2000
08107,292,235,527,2000
08109,134,0,134,2000
08111,5,0,5,2000
08113,131,11,142,2000
08115,4,0,4,2000
08117,384,415,799,2000
08119,362,6,368,2000
08121,16,0,16,2000
08123,3934,435,4369,2000
08125,17,0,17,2000
09001,1602,676,2278,2000
09003,1619,86,1705,2000
09005,718,7,725,2000
09007,765,102,867,2000
09009,1597,321,1918,2000
09011,814,0,814,2000
09013,693,0,693,2000
09015,350,26,376,2000
10001,853,5,858,2000
10003,1640,691,2331,2000
10005,1422,0,1422,2000
11001,187,619,806,2000
12001,1072,901,1973,2000
12003,109,2,111,2000
12005,759,693,1452,2000
12007,59,0,59,2000
12009,3438,846,4284,2000
12011,9160,2810,11970,2000
12013,23,0,23,2000
12015,1211,459,1670,2000
12017,1176,14,1190,2000
12019,1520,8,1528,2000
12021,4065,3905,7970,2000
12023,289,0,289,2000
12027,45,76,121,2000
12029,51,2,53,2000
12031,3631,2170,5801,2000
12033,1363,92,1455,2000
12035,1335,110,1445,2000
12037,131,0,131,2000
12039,80,0,80,2000
12041,70,0,70,2000
12043,25,0,25,2000
12045,188,0,188,2000
12047,36,0,36,2000
12049,52,4,56,2000
12051,75,0,75,2000
12053,1150,176,1326,2000
12055,428,22,450,2000
12057,7328,4328,11656,2000
12059,41,0,41,2000
12061,1214,845,2059,2000
12063,194,75,269,2000
12065,70,0,70,2000
12067,30,0,30,2000
12069,3698,1533,5231,2000
12071,5152,3968,9120,2000
12073,1347,853,2200,2000
12075,130,26,156,2000
12077,6,0,6,2000
12079,45,0,45,2000
12081,2848,604,3452,2000
12083,2333,21,2354,2000
12085,1026,358,1384,2000
12086,5998,6477,12475,2000
12087,195,8,203,2000
12089,620,138,758,2000
12091,1057,432,1489,2000
12093,128,3,131,2000
12095,6174,4065,10239,2000
12097,3061,1974,5035,2000
12099,6769,3735,10504,2000
12101,3021,465,3486,2000
12103,1794,982,2776,2000
12105,3520,1226,4746,2000
12107,178,2,180,2000
12109,2086,398,2484,2000
12111,1719,374,2093,2000
12113,1050,6,1056,2000
12115,3041,617,3658,2000
12117,2467,1952,4419,2000
12119,1907,2,1909,2000
12121,125,0,125,2000
12123,45,2,47,2000
12125,28,0,28,2000
12127,3088,499,3587,2000
12129,391,3,394,2000
12131,903,561,1464,2000
12133,79,0,79,2000
13001,3,0,3,2000
13005,3,0,3,2000
13009,111,40,151,2000
13011,128,0,128,2000
13013,855,0,855,2000
13015,1222,133,1355,2000
13017,27,2,29,2000
13019,16,0,16,2000
13021,553,241,794,2000
13023,37,9,46,2000
13025,3,0,3,2000
13027,41,0,41,2000
13029,341,0,341,2000
13031,256,270,526,2000
13033,38,4,42,2000
13035,279,26,305,2000
13037,2,0,2,2000
13039,452,60,512,2000
13043,2,0,2,2000
13045,1650,206,1856,2000
13047,410,90,500,2000
13049,17,0,17,2000
13051,1236,686,1922,2000
13053,4,0,4,2000
13055,9,0,9,2000
13057,2882,894,3776,2000
13059,536,427,963,2000
13061,0,0,0,2000
13063,2323,1024,3347,2000
13065,0,0,0,2000
13067,5455,1187,6642,2000
13069,118,8,126,2000
13071,9,0,9,2000
13073,939,4,943,2000
13075,37,0,37,2000
13077,1240,39,1279,2000
13079,54,42,96,2000
13081,70,18,88,2000
13083,9,0,9,2000
13085,282,0,282,2000
13087,84,10,94,2000
13089,4266,1879,6145,2000
13091,41,0,41,2000
13093,0,0,0,2000
13095,187,209,396,2000
13097,890,11,901,2000
13099,5,0,5,2000
13103,399,46,445,2000
13105,4,10,14,2000
13107,0,0,0,2000
13109,12,0,12,2000
13111,797,0,797,2000
13113,938,0,938,2000
13115,307,75,382,2000
13117,3181,208,3389,2000
13119,22,0,22,2000
13121,3446,6175,9621,2000
13123,478,56,534,2000
13125,0,0,0,2000
13127,532,81,613,2000
13129,375,174,549,2000
13131,64,0,64,2000
13133,192,2,194,2000
13135,8852,3520,12372,2000
13137,374,2,376,2000
13139,1633,488,2121,2000
13141,37,0,37,2000
13143,102,4,106,2000
13145,301,0,301,2000
13147,7,8,15,2000
13149,56,0,56,2000
13151,3401,729,4130,2000
13153,1131,374,1505,2000
13155,0,0,0,2000
13157,766,98,864,2000
13159,153,0,153,2000
13161,1,0,1,2000
13163,28,0,28,2000
13165,0,0,0,2000
13167,0,0,0,2000
13169,220,20,240,2000
13171,66,24,90,2000
13173,23,16,39,2000
13175,45,0,45,2000
13177,279,6,285,2000
13179,177,44,221,2000
13181,43,0,43,2000
13185,501,385,886,2000
13187,347,7,354,2000
13189,55,0,55,2000
13191,91,0,91,2000
13193,14,0,14,2000
13195,154,0,154,2000
13199,158,0,158,2000
13201,3,0,3,2000
13205,79,20,99,2000
13207,146,0,146,2000
13209,35,2,37,2000
13211,168,21,189,2000
13213,200,23,223,2000
13215,556,419,975,2000
13217,1496,422,1918,2000
13219,241,0,241,2000
13223,2171,674,2845,2000
13225,115,16,131,2000
13227,408,2,410,2000
13229,66,0,66,2000
13231,212,0,212,2000
13233,256,10,266,2000
13235,73,0,73,2000
13237,184,2,186,2000
13239,1,0,1,2000
13241,285,14,299,2000
13243,0,0,0,2000
13245,483,42,525,2000
13247,454,312,766,2000
13249,4,0,4,2000
13251,6,0,6,2000
13253,0,0,0,2000
13255,422,8,430,2000
13257,87,4,91,2000
13259,0,0,0,2000
13261,49,23,72,2000
13263,35,0,35,2000
13267,4,0,4,2000
13269,14,0,14,2000
13271,1,0,1,2000
13273,45,3,48,2000
13275,192,0,192,2000
13277,116,0,116,2000
13279,22,2,24,2000
13281,181,0,181,2000
13283,0,0,0,2000
13285,324,266,590,2000
13287,1,3,4,2000
13289,22,0,22,2000
13291,399,2,401,2000
13293,133,5,138,2000
13295,294,40,334,2000
13297,1195,46,1241,2000
13299,67,0,67,2000
13301,0,0,0,2000
13303,13,0,13,2000
13305,9,4,13,2000
13309,0,0,0,2000
13311,312,3,315,2000
13313,367,509,876,2000
13315,0,0,0,2000
13317,13,0,13,2000
13321,44,0,44,2000
15001,1356,147,1503,2000
15003,1732,237,1969,2000
15007,263,27,290,2000
15009,904,239,1143,2000
16001,3625,374,3999,2000
16003,43,0,43,2000
16005,227,8,235,2000
16007,71,0,71,2000
16009,18,0,18,2000
16011,104,8,112,2000
16013,241,156,397,2000
16015,88,0,88,2000
16017,19,4,23,2000
16019,477,86,563,2000
16021,31,0,31,2000
16023,0,0,0,2000
16025,19,2,21,2000
16027,1895,148,2043,2000
16029,24,0,24,2000
16031,39,4,43,2000
16033,0,0,0,2000
16035,14,38,52,2000
16037,3,0,3,2000
16039,137,58,195,2000
16041,81,0,81,2000
16043,85,0,85,2000
16045,77,36,113,2000
16047,75,8,83,2000
16049,11,0,11,2000
16051,102,0,102,2000
16053,51,2,53,2000
16055,1058,116,1174,2000
16057,74,53,127,2000
16059,45,0,45,2000
16061,5,0,5,2000
16063,19,0,19,2000
16065,77,6,83,2000
16067,21,0,21,2000
16069,94,35,129,2000
16071,33,0,33,2000
16073,42,4,46,2000
16075,105,7,112,2000
16077,12,0,12,2000
16079,13,0,13,2000
16081,172,44,216,2000
16083,260,28,288,2000
16085,150,9,159,2000
16087,18,0,18,2000
17001,66,34,100,2000
17003,2,0,2,2000
17005,52,54,106,2000
17007,361,4,365,2000
17009,2,15,17,2000
17011,57,42,99,2000
17013,10,3,13,2000
17015,66,4,70,2000
17017,11,0,11,2000
17019,594,455,1049,2000
17021,86,13,99,2000
17023,12,2,14,2000
17025,11,0,11,2000
17027,81,17,98,2000
17029,38,63,101,2000
17031,5369,6508,11877,2000
17033,5,0,5,2000
17035,9,2,11,2000
17037,319,257,576,2000
17039,53,0,53,2000
17041,32,0,32,2000
17043,3292,639,3931,2000
17045,22,46,68,2000
17049,49,8,57,2000
17051,11,0,11,2000
17053,31,6,37,2000
17055,27,2,29,2000
17057,73,0,73,2000
17059,0,0,0,2000
17061,6,0,6,2000
17063,170,57,227,2000
17067,20,2,22,2000
17069,0,0,0,2000
17071,18,0,18,2000
17073,94,13,107,2000
17075,65,4,69,2000
17077,45,67,112,2000
17079,2,0,2,2000
17081,29,58,87,2000
17083,103,0,103,2000
17085,134,0,134,2000
17089,4351,1433,5784,2000
17091,313,76,389,2000
17093,767,96,863,2000
17095,110,0,110,2000
17097,3168,966,4134,2000
17099,324,170,494,2000
17101,3,0,3,2000
17103,90,28,118,2000
17105,83,12,95,2000
17107,25,2,27,2000
17109,19,133,152,2000
17111,3269,253,3522,2000
17113,650,259,909,2000
17115,241,120,361,2000
17117,47,12,59,2000
17119,910,255,1165,2000
17121,15,2,17,2000
17123,17,0,17,2000
17125,15,0,15,2000
17127,5,0,5,2000
17129,79,0,79,2000
17131,39,2,41,2000
17133,252,16,268,2000
17135,17,0,17,2000
17137,14,8,22,2000
17139,45,2,47,2000
17141,207,0,207,2000
17143,604,334,938,2000
17147,69,0,69,2000
17149,46,0,46,2000
17151,2,0,2,2000
17153,3,0,3,2000
17155,40,0,40,2000
17157,51,13,64,2000
17159,15,30,45,2000
17161,206,14,220,2000
17163,909,193,1102,2000
17165,0,0,0,2000
17167,680,170,850,2000
17171,0,0,0,2000
17173,51,9,60,2000
17175,17,0,17,2000
17177,81,60,141,2000
17179,394,51,445,2000
17181,48,0,48,2000
17183,64,6,70,2000
17185,13,0,13,2000
17187,38,0,38,2000
17189,67,4,71,2000
17191,8,46,54,2000
17193,2,0,2,2000
17195,126,10,136,2000
17197,6478,681,7159,2000
17199,135,10,145,2000
17201,1013,250,1263,2000
17203,155,26,181,2000
18001,103,18,121,2000
18003,1649,142,1791,2000
18005,210,2,212,2000
18007,26,2,28,2000
18009,28,68,96,2000
18011,410,268,678,2000
18013,136,4,140,2000
18015,92,0,92,2000
18017,87,0,87,2000
18019,731,62,793,2000
18021,59,3,62,2000
18023,73,4,77,2000
18025,6,0,6,2000
18027,22,0,22,2000
18029,340,34,374,2000
18031,100,0,100,2000
18033,190,2,192,2000
18035,270,132,402,2000
18037,208,42,250,2000
18039,896,400,1296,2000
18041,88,0,88,2000
18043,353,72,425,2000
18045,8,0,8,2000
18047,88,0,88,2000
18049,32,0,32,2000
18051,18,161,179,2000
18053,215,22,237,2000
18055,0,0,0,2000
18057,3514,768,4282,2000
18059,603,96,699,2000
18061,204,0,204,2000
18063,1727,174,1901,2000
18065,175,34,209,2000
18067,374,34,408,2000
18069,153,0,153,2000
18071,156,47,203,2000
18073,236,34,270,2000
18075,65,0,65,2000
18077,153,16,169,2000
18079,208,0,208,2000
18081,1450,30,1480,2000
18083,48,16,64,2000
18085,403,30,433,2000
18087,215,2,217,2000
18089,1549,379,1928,2000
18091,418,22,440,2000
18093,41,0,41,2000
18095,334,22,356,2000
18097,3952,1264,5216,2000
18099,224,62,286,2000
18101,7,0,7,2000
18103,115,0,115,2000
18105,480,140,620,2000
18107,116,0,116,2000
18109,551,32,583,2000
18111,87,11,98,2000
18113,221,23,244,2000
18115,23,0,23,2000
18117,5,0,5,2000
18119,1,4,5,2000
18121,43,0,43,2000
18123,50,6,56,2000
18125,61,12,73,2000
18127,846,261,1107,2000
18129,97,0,97,2000
18131,69,4,73,2000
18133,38,2,40,2000
18135,60,0,60,2000
18137,157,53,210,2000
18139,75,2,77,2000
18141,889,776,1665,2000
18143,117,88,205,2000
18145,145,16,161,2000
18147,145,2,147,2000
18149,111,0,111,2000
18151,240,35,275,2000
18153,19,2,21,2000
18155,122,0,122,2000
18157,769,941,1710,2000
18159,53,0,53,2000
18161,39,0,39,2000
18163,566,474,1040,2000
18165,41,0,41,2000
18167,281,31,312,2000
18169,88,0,88,2000
18171,63,4,67,2000
18173,366,73,439,2000
18175,35,0,35,2000
18177,142,4,146,2000
18179,111,12,123,2000
18181,126,8,134,2000
18183,210,2,212,2000
19001,25,36,61,2000
19003,2,0,2,2000
19005,63,12,75,2000
19007,16,0,16,2000
19009,2,0,2,2000
19011,85,10,95,2000
19013,251,128,379,2000
19015,96,6,102,2000
19017,110,28,138,2000
19019,38,4,42,2000
19021,20,2,22,2000
19023,21,0,21,2000
19025,11,0,11,2000
19027,41,0,41,2000
19029,31,0,31,2000
19031,66,10,76,2000
19033,66,14,80,2000
19035,17,0,17,2000
19037,5,4,9,2000
19039,20,0,20,2000
19041,45,0,45,2000
19043,48,48,96,2000
19045,104,32,136,2000
19047,25,10,35,2000
19049,245,38,283,2000
19051,8,0,8,2000
19053,7,3,10,2000
19055,17,0,17,2000
19057,35,14,49,2000
19059,110,28,138,2000
19061,262,79,341,2000
19063,18,15,33,2000
19065,25,7,32,2000
19067,9,0,9,2000
19069,8,0,8,2000
19071,23,0,23,2000
19073,15,0,15,2000
19075,36,24,60,2000
19077,59,0,59,2000
19079,33,2,35,2000
19081,28,14,42,2000
19083,13,10,23,2000
19085,69,4,73,2000
19087,51,4,55,2000
19089,16,0,16,2000
19091,17,44,61,2000
19093,8,0,8,2000
19095,25,12,37,2000
19097,49,18,67,2000
19099,66,14,80,2000
19101,6,12,18,2000
19103,529,622,1151,2000
19105,29,6,35,2000
19107,13,0,13,2000
19109,9,2,11,2000
19111,14,30,44,2000
19113,850,829,1679,2000
19115,17,0,17,2000
19117,1,0,1,2000
19119,21,0,21,2000
19121,92,11,103,2000
19123,30,2,32,2000
19125,188,50,238,2000
19127,45,16,61,2000
19129,12,8,20,2000
19131,6,0,6,2000
19133,32,9,41,2000
19135,5,0,5,2000
19137,9,0,9,2000
19139,111,0,111,2000
19141,23,17,40,2000
19143,4,0,4,2000
19145,20,2,22,2000
19147,14,2,16,2000
19149,91,10,101,2000
19151,0,0,0,2000
19153,2028,342,2370,2000
19155,295,368,663,2000
19157,60,27,87,2000
19159,3,0,3,2000
19161,14,0,14,2000
19163,474,227,701,2000
19165,29,0,29,2000
19167,78,55,133,2000
19169,254,420,674,2000
19171,40,13,53,2000
19173,7,0,7,2000
19175,17,0,17,2000
19177,6,0,6,2000
19179,53,0,53,2000
19181,154,210,364,2000
19183,54,0,54,2000
19185,2,2,4,2000
19187,72,10,82,2000
19189,16,16,32,2000
19191,60,20,80,2000
19193,186,18,204,2000
19195,7,0,7,2000
19197,12,0,12,2000
20001,14,0,14,2000
20003,5,0,5,2000
20005,11,0,11,2000
20007,1,0,1,2000
20009,12,0,12,2000
20011,11,6,17,2000
20013,8,24,32,2000
20015,379,143,522,2000
20017,0,0,0,2000
20021,11,7,18,2000
20023,1,0,1,2000
20025,7,0,7,2000
20027,19,6,25,2000
20029,0,0,0,2000
20031,30,4,34,2000
20033,0,0,0,2000
20035,58,50,108,2000
20037,75,71,146,2000
20039,0,0,0,2000
20041,48,0,48,2000
20043,13,2,15,2000
20045,478,325,803,2000
20047,0,0,0,2000
20051,33,2,35,2000
20053,8,2,10,2000
20055,36,26,62,2000
20057,60,6,66,2000
20059,139,10,149,2000
20061,41,2,43,2000
20063,0,0,0,2000
20065,0,0,0,2000
20067,7,0,7,2000
20069,10,0,10,2000
20071,1,0,1,2000
20073,2,0,2,2000
20075,3,0,3,2000
20077,6,0,6,2000
20079,124,0,124,2000
20081,0,0,0,2000
20085,58,0,58,2000
20087,121,0,121,2000
20089,0,0,0,2000
20091,3504,1964,5468,2000
20093,19,0,19,2000
20095,25,0,25,2000
20097,0,0,0,2000
20099,66,0,66,2000
20101,0,0,0,2000
20103,357,74,431,2000
20105,0,2,2,2000
20107,26,0,26,2000
20109,0,0,0,2000
20111,24,10,34,2000
20113,103,4,107,2000
20115,48,4,52,2000
20117,3,0,3,2000
20119,2,0,2,2000
20121,148,8,156,2000
20123,2,0,2,2000
20125,14,0,14,2000
20127,1,8,9,2000
20129,0,0,0,2000
20131,10,18,28,2000
20133,8,8,16,2000
20135,3,0,3,2000
20137,2,0,2,2000
20139,67,8,75,2000
20141,3,0,3,2000
20143,5,0,5,2000
20145,3,0,3,2000
20147,3,0,3,2000
20149,93,2,95,2000
20151,6,20,26,2000
20153,2,0,2,2000
20155,112,16,128,2000
20157,1,0,1,2000
20159,5,0,5,2000
20161,96,73,169,2000
20163,0,0,0,2000
20165,0,0,0,2000
20167,2,0,2,2000
20169,139,0,139,2000
20171,4,0,4,2000
20173,1723,226,1949,2000
20175,15,0,15,2000
20177,538,53,591,2000
20181,3,8,11,2000
20183,5,0,5,2000
20185,0,0,0,2000
20187,0,0,0,2000
20189,5,6,11,2000
20191,64,0,64,2000
20193,3,0,3,2000
20195,1,0,1,2000
20197,32,0,32,2000
20199,0,0,0,2000
20201,0,0,0,2000
20203,2,0,2,2000
20205,2,0,2,2000
20207,5,2,7,2000
20209,189,50,239,2000
21001,0,0,0,2000
21005,151,16,167,2000
21009,45,16,61,2000
21011,4,0,4,2000
21013,65,4,69,2000
21015,1264,188,1452,2000
21017,157,0,157,2000
21019,18,0,18,2000
21021,129,17,146,2000
21025,0,0,0,2000
21027,14,0,14,2000
21029,633,56,689,2000
21031,1,0,1,2000
21033,27,0,27,2000
21035,22,43,65,2000
21037,239,60,299,2000
21041,4,0,4,2000
21043,7,8,15,2000
21045,2,0,2,2000
21047,249,80,329,2000
21049,347,43,390,2000
21051,0,0,0,2000
21053,0,6,6,2000
21057,1,2,3,2000
21059,707,128,835,2000
21065,1,0,1,2000
21067,1898,646,2544,2000
21069,2,0,2,2000
21071,2,4,6,2000
21073,138,92,230,2000
21075,5,0,5,2000
21077,0,0,0,2000
21079,9,8,17,2000
21081,157,62,219,2000
21083,11,4,15,2000
21085,0,3,3,2000
21087,0,0,0,2000
21089,48,4,52,2000
21091,0,0,0,2000
21093,405,35,440,2000
21095,0,0,0,2000
21097,60,13,73,2000
21099,35,2,37,2000
21101,139,32,171,2000
21103,127,0,127,2000
21107,36,4,40,2000
21109,0,0,0,2000
21111,2797,1012,3809,2000
21113,340,112,452,2000
21115,4,0,4,2000
21117,543,200,743,2000
21121,2,0,2,2000
21123,107,2,109,2000
21125,10,7,17,2000
21127,0,0,0,2000
21133,0,0,0,2000
21135,0,0,0,2000
21137,196,10,206,2000
21141,11,39,50,2000
21143,11,0,11,2000
21145,163,8,171,2000
21147,0,0,0,2000
21149,4,0,4,2000
21151,228,123,351,2000
21155,7,0,7,2000
21157,125,5,130,2000
21161,17,0,17,2000
21163,9,18,27,2000
21167,109,8,117,2000
21173,126,8,134,2000
21177,13,5,18,2000
21179,439,29,468,2000
21181,3,0,3,2000
21183,10,2,12,2000
21185,561,65,626,2000
21187,1,7,8,2000
21191,0,0,0,2000
21193,10,10,20,2000
21195,28,10,38,2000
21199,30,4,34,2000
21205,16,0,16,2000
21207,3,0,3,2000
21209,184,2,186,2000
21211,316,106,422,2000
21213,98,36,134,2000
21215,284,33,317,2000
21217,8,0,8,2000
21219,0,0,0,2000
21221,12,0,12,2000
21225,42,0,42,2000
21227,627,174,801,2000
21229,3,2,5,2000
21231,0,0,0,2000
21233,5,0,5,2000
21235,7,18,25,2000
21239,157,4,161,2000
22001,152,0,152,2000
22003,17,0,17,2000
22005,796,4,800,2000
22007,81,0,81,2000
22009,208,0,208,2000
22011,3,0,3,2000
22013,0,0,0,2000
22015,438,0,438,2000
22017,505,0,505,2000
22019,893,66,959,2000
22021,12,0,12,2000
22023,42,0,42,2000
22025,24,0,24,2000
22027,0,0,0,2000
22029,33,0,33,2000
22031,0,0,0,2000
22033,1109,384,1493,2000
22035,0,0,0,2000
22037,1,0,1,2000
22039,104,8,112,2000
22041,34,0,34,2000
22043,1,0,1,2000
22045,181,0,181,2000
22047,79,0,79,2000
22049,2,0,2,2000
22051,699,118,817,2000
22053,67,6,73,2000
22055,854,44,898,2000
22057,285,0,285,2000
22059,3,0,3,2000
22061,105,15,120,2000
22063,843,0,843,2000
22065,17,3,20,2000
22067,7,38,45,2000
22069,68,55,123,2000
22071,348,331,679,2000
22073,366,29,395,2000
22075,118,0,118,2000
22077,67,34,101,2000
22079,376,64,440,2000
22081,1,0,1,2000
22083,31,2,33,2000
22085,0,0,0,2000
22087,96,12,108,2000
22089,174,2,176,2000
22091,11,0,11,2000
22093,14,2,16,2000
22095,242,8,250,2000
22097,233,4,237,2000
22099,171,0,171,2000
22101,90,12,102,2000
22103,1798,221,2019,2000
22105,469,83,552,2000
22107,28,0,28,2000
22109,407,4,411,2000
22111,2,0,2,2000
22113,125,0,125,2000
22115,1,0,1,2000
22117,114,2,116,2000
22119,17,60,77,2000
22121,86,0,86,2000
22123,2,0,2,2000
22125,59,0,59,2000
22127,0,0,0,2000
23000,90,0,90,2000
23001,310,11,321,2000
23003,121,8,129,2000
23005,1588,92,1680,2000
23007,109,0,109,2000
23009,356,22,378,2000
23011,348,41,389,2000
23013,219,17,236,2000
23015,204,0,204,2000
23017,248,24,272,2000
23019,356,126,482,2000
23021,41,2,43,2000
23023,157,0,157,2000
23025,82,0,82,2000
23027,181,38,219,2000
23029,84,2,86,2000
23031,1256,46,1302,2000
24001,79,0,79,2000
24003,2470,608,3078,2000
24005,2068,639,2707,2000
24009,906,25,931,2000
24011,154,0,154,2000
24013,1347,112,1459,2000
24015,683,85,768,2000
24017,1143,90,1233,2000
24019,109,0,109,2000
24021,2695,52,2747,2000
24023,253,0,253,2000
24025,1546,156,1702,2000
24027,1631,551,2182,2000
24029,334,0,334,2000
24031,2931,2019,4950,2000
24033,3179,277,3456,2000
24035,419,0,419,2000
24037,1043,120,1163,2000
24039,27,0,27,2000
24041,339,0,339,2000
24043,559,162,721,2000
24045,371,109,480,2000
24047,627,183,810,2000
24510,219,38,257,2000
25001,1782,100,1882,2000
25003,265,49,314,2000
25005,1526,124,1650,2000
25007,219,27,246,2000
25009,1276,661,1937,2000
25011,201,6,207,2000
25013,665,85,750,2000
25015,356,14,370,2000
25017,2330,1287,3617,2000
25019,185,32,217,2000
25021,1049,493,1542,2000
25023,1611,204,1815,2000
25025,110,542,652,2000
25027,2624,177,2801,2000
26000,220,0,220,2000
26001,135,0,135,2000
26003,91,0,91,2000
26005,642,47,689,2000
26007,90,0,90,2000
26009,308,0,308,2000
26011,81,0,81,2000
26013,51,7,58,2000
26015,319,12,331,2000
26017,248,26,274,2000
26019,250,0,250,2000
26021,485,22,507,2000
26023,123,0,123,2000
26025,368,115,483,2000
26027,314,8,322,2000
26029,371,0,371,2000
26031,240,14,254,2000
26033,199,0,199,2000
26035,146,14,160,2000
26037,430,250,680,2000
26039,100,0,100,2000
26041,180,57,237,2000
26043,104,2,106,2000
26045,519,130,649,2000
26047,378,114,492,2000
26049,1746,578,2324,2000
26051,266,0,266,2000
26053,46,0,46,2000
26055,604,375,979,2000
26057,62,50,112,2000
26059,263,68,331,2000
26061,116,6,122,2000
26063,206,0,206,2000
26065,712,275,987,2000
26067,370,54,424,2000
26069,161,0,161,2000
26071,50,0,50,2000
26073,299,911,1210,2000
26075,688,231,919,2000
26077,907,580,1487,2000
26079,130,2,132,2000
26081,2697,353,3050,2000
26083,25,0,25,2000
26085,113,0,113,2000
26087,566,0,566,2000
26089,276,53,329,2000
26091,475,23,498,2000
26093,1877,290,2167,2000
26095,30,0,30,2000
26097,112,2,114,2000
26099,5093,870,5963,2000
26101,34,18,52,2000
26103,239,28,267,2000
26105,145,46,191,2000
26107,263,0,263,2000
26109,138,0,138,2000
26111,234,65,299,2000
26113,87,6,93,2000
26115,720,482,1202,2000
26117,240,32,272,2000
26119,99,0,99,2000
26121,803,33,836,2000
26123,210,0,210,2000
26125,4654,805,5459,2000
26127,129,24,153,2000
26129,135,0,135,2000
26131,18,0,18,2000
26133,204,0,204,2000
26135,92,0,92,2000
26137,297,20,317,2000
26139,1520,519,2039,2000
26141,134,0,134,2000
26143,373,0,373,2000
26145,630,342,972,2000
26147,936,140,1076,2000
26149,232,8,240,2000
26151,226,0,226,2000
26153,59,0,59,2000
26155,281,61,342,2000
26157,168,4,172,2000
26159,412,35,447,2000
26161,1863,117,1980,2000
26163,2939,1143,4082,2000
26165,164,62,226,2000
27001,157,26,183,2000
27003,1983,64,2047,2000
27005,191,8,199,2000
27007,77,8,85,2000
27009,276,120,396,2000
27011,10,0,10,2000
27013,212,119,331,2000
27015,37,2,39,2000
27017,226,78,304,2000
27019,900,475,1375,2000
27021,383,9,392,2000
27023,40,5,45,2000
27025,635,24,659,2000
27027,181,44,225,2000
27029,5,0,5,2000
27031,106,11,117,2000
27033,13,4,17,2000
27035,793,24,817,2000
27037,2383,783,3166,2000
27039,175,6,181,2000
27041,326,30,356,2000
27043,18,0,18,2000
27045,108,20,128,2000
27047,64,42,106,2000
27049,238,69,307,2000
27051,11,0,11,2000
27053,2706,2218,4924,2000
27055,71,2,73,2000
27057,29,26,55,2000
27059,326,4,330,2000
27061,348,0,348,2000
27063,26,0,26,2000
27065,83,2,85,2000
27067,152,60,212,2000
27069,10,0,10,2000
27071,48,2,50,2000
27073,12,0,12,2000
27075,126,5,131,2000
27077,3,0,3,2000
27079,159,45,204,2000
27081,3,10,13,2000
27083,67,30,97,2000
27085,166,24,190,2000
27087,3,0,3,2000
27089,6,0,6,2000
27091,36,56,92,2000
27093,141,6,147,2000
27095,187,6,193,2000
27097,238,58,296,2000
27099,107,13,120,2000
27101,42,2,44,2000
27103,92,47,139,2000
27105,14,10,24,2000
27107,12,0,12,2000
27109,892,660,1552,2000
27111,112,15,127,2000
27113,22,18,40,2000
27115,72,10,82,2000
27117,30,4,34,2000
27119,90,2,92,2000
27121,125,140,265,2000
27123,517,588,1105,2000
27125,2,2,4,2000
27127,34,2,36,2000
27129,29,0,29,2000
27131,363,64,427,2000
27133,14,16,30,2000
27135,20,4,24,2000
27137,500,81,581,2000
27139,1976,226,2202,2000
27141,1108,179,1287,2000
27143,58,6,64,2000
27145,849,109,958,2000
27147,173,26,199,2000
27149,28,0,28,2000
27151,16,6,22,2000
27153,144,2,146,2000
27155,6,0,6,2000
27157,119,2,121,2000
27159,61,4,65,2000
27161,61,35,96,2000
27163,1795,436,2231,2000
27165,15,0,15,2000
27167,14,0,14,2000
27169,152,17,169,2000
27171,1426,146,1572,2000
27173,24,2,26,2000
28001,12,0,12,2000
28003,29,7,36,2000
28005,4,0,4,2000
28007,11,52,63,2000
28009,1,2,3,2000
28011,47,30,77,2000
28013,1,0,1,2000
28017,6,0,6,2000
28019,2,0,2,2000
28021,0,0,0,2000
28023,7,0,7,2000
28025,25,0,25,2000
28027,22,0,22,2000
28029,10,0,10,2000
28031,2,0,2,2000
28033,1611,864,2475,2000
28035,135,182,317,2000
28037,2,0,2,2000
28039,2,0,2,2000
28041,0,0,0,2000
28043,32,2,34,2000
28045,492,128,620,2000
28047,1088,1134,2222,2000
28049,606,267,873,2000
28051,11,0,11,2000
28053,9,0,9,2000
28055,0,0,0,2000
28057,12,24,36,2000
28059,855,122,977,2000
28061,13,6,19,2000
28063,6,0,6,2000
28065,0,0,0,2000
28067,12,0,12,2000
28069,0,0,0,2000
28071,81,178,259,2000
28073,9,0,9,2000
28075,58,40,98,2000
28077,4,0,4,2000
28079,8,0,8,2000
28081,92,20,112,2000
28083,20,0,20,2000
28085,8,0,8,2000
28087,170,0,170,2000
28089,594,12,606,2000
28091,3,0,3,2000
28093,76,0,76,2000
28095,17,2,19,2000
28097,4,80,84,2000
28099,14,0,14,2000
28101,7,9,16,2000
28103,3,0,3,2000
28105,102,254,356,2000
28107,18,0,18,2000
28109,330,10,340,2000
28111,4,0,4,2000
28113,12,0,12,2000
28115,36,44,80,2000
28117,24,0,24,2000
28119,1,0,1,2000
28121,787,4,791,2000
28123,17,0,17,2000
28125,4,0,4,2000
28127,32,0,32,2000
28129,4,0,4,2000
28131,10,0,10,2000
28133,35,0,35,2000
28135,3,0,3,2000
28137,155,2,157,2000
28139,20,0,20,2000
28141,3,0,3,2000
28143,29,215,244,2000
28145,16,0,16,2000
28147,4,0,4,2000
28149,18,24,42,2000
28151,68,58,126,2000
28153,4,0,4,2000
28155,5,2,7,2000
28157,0,0,0,2000
28159,16,0,16,2000
28161,19,0,19,2000
28163,2,0,2,2000
29001,30,81,111,2000
29003,17,22,39,2000
29005,6,0,6,2000
29007,17,3,20,2000
29009,65,18,83,2000
29011,13,0,13,2000
29013,0,0,0,2000
29015,5,0,5,2000
29017,2,0,2,2000
29019,899,364,1263,2000
29021,207,40,247,2000
29023,22,0,22,2000
29025,2,0,2,2000
29027,38,86,124,2000
29029,25,97,122,2000
29031,150,180,330,2000
29033,6,0,6,2000
29035,1,0,1,2000
29037,637,174,811,2000
29039,10,2,12,2000
29041,4,0,4,2000
29043,472,73,545,2000
29045,4,0,4,2000
29047,660,3,663,2000
29049,166,14,180,2000
29051,447,184,631,2000
29053,20,55,75,2000
29055,19,0,19,2000
29057,0,0,0,2000
29061,2,0,2,2000
29063,0,0,0,2000
29065,3,0,3,2000
29067,12,0,12,2000
29069,34,14,48,2000
29071,533,46,579,2000
29073,11,0,11,2000
29075,4,0,4,2000
29077,1311,603,1914,2000
29079,20,0,20,2000
29081,11,0,11,2000
29083,23,30,53,2000
29085,0,0,0,2000
29087,4,0,4,2000
29089,3,0,3,2000
29091,61,2,63,2000
29093,2,0,2,2000
29095,3086,1261,4347,2000
29097,363,81,444,2000
29099,1242,30,1272,2000
29101,49,24,73,2000
29103,2,0,2,2000
29105,76,30,106,2000
29107,16,0,16,2000
29109,25,18,43,2000
29111,2,6,8,2000
29113,112,2,114,2000
29115,6,4,10,2000
29117,34,0,34,2000
29119,3,4,7,2000
29121,11,0,11,2000
29123,8,0,8,2000
29127,55,52,107,2000
29129,0,0,0,2000
29131,11,44,55,2000
29133,15,8,23,2000
29135,4,0,4,2000
29137,34,0,34,2000
29139,19,4,23,2000
29143,15,0,15,2000
29145,37,0,37,2000
29147,23,36,59,2000
29149,0,0,0,2000
29153,5,0,5,2000
29155,26,10,36,2000
29157,57,0,57,2000
29159,14,2,16,2000
29161,68,98,166,2000
29163,13,0,13,2000
29165,379,88,467,2000
29167,40,26,66,2000
29169,5,2,7,2000
29171,4,0,4,2000
29173,2,0,2,2000
29175,21,0,21,2000
29177,95,4,99,2000
29181,3,0,3,2000
29183,2963,1038,4001,2000
29186,9,0,9,2000
29187,122,118,240,2000
29189,1993,698,2691,2000
29195,15,8,23,2000
29197,20,0,20,2000
29199,6,0,6,2000
29201,53,6,59,2000
29203,1,12,13,2000
29205,0,0,0,2000
29207,33,0,33,2000
29209,22,2,24,2000
29211,6,0,6,2000
29213,229,246,475,2000
29215,9,0,9,2000
29217,15,0,15,2000
29219,269,70,339,2000
29221,1,0,1,2000
29225,65,34,99,2000
29227,0,0,0,2000
29229,15,0,15,2000
29510,162,235,397,2000
30001,7,2,9,2000
30003,0,5,5,2000
30005,2,0,2,2000
30007,6,0,6,2000
30009,27,0,27,2000
30011,0,0,0,2000
30013,81,18,99,2000
30015,2,0,2,2000
30017,8,0,8,2000
30019,1,0,1,2000
30021,1,0,1,2000
30023,11,0,11,2000
30025,0,0,0,2000
30027,5,0,5,2000
30029,188,46,234,2000
30031,317,406,723,2000
30033,0,0,0,2000
30035,1,0,1,2000
30037,0,0,0,2000
30039,0,0,0,2000
30041,5,0,5,2000
30043,3,0,3,2000
30045,0,0,0,2000
30047,34,31,65,2000
30049,40,59,99,2000
30051,0,0,0,2000
30053,2,20,22,2000
30055,0,0,0,2000
30057,2,0,2,2000
30059,0,0,0,2000
30061,5,0,5,2000
30063,299,272,571,2000
30065,1,0,1,2000
30067,5,10,15,2000
30069,0,0,0,2000
30071,1,0,1,2000
30073,1,0,1,2000
30075,0,0,0,2000
30077,0,0,0,2000
30079,0,0,0,2000
30081,35,39,74,2000
30083,7,0,7,2000
30085,1,0,1,2000
30087,2,0,2,2000
30089,2,12,14,2000
30091,0,0,0,2000
30093,29,2,31,2000
30095,21,3,24,2000
30097,1,24,25,2000
30099,2,2,4,2000
30101,2,0,2,2000
30103,0,0,0,2000
30105,0,0,0,2000
30107,0,0,0,2000
30109,0,0,0,2000
30111,408,56,464,2000
31001,81,4,85,2000
31003,16,0,16,2000
31011,3,0,3,2000
31013,2,0,2,2000
31015,0,0,0,2000
31017,4,0,4,2000
31019,160,54,214,2000
31021,7,0,7,2000
31023,7,8,15,2000
31025,148,23,171,2000
31027,23,0,23,2000
31029,12,0,12,2000
31031,7,0,7,2000
31033,32,4,36,2000
31035,19,0,19,2000
31037,7,0,7,2000
31039,13,8,21,2000
31041,6,0,6,2000
31043,60,16,76,2000
31045,7,0,7,2000
31047,18,4,22,2000
31049,3,0,3,2000
31051,11,0,11,2000
31053,93,48,141,2000
31055,2087,801,2888,2000
31057,0,0,0,2000
31059,10,0,10,2000
31061,4,0,4,2000
31063,2,0,2,2000
31065,6,0,6,2000
31067,27,121,148,2000
31069,2,0,2,2000
31071,3,0,3,2000
31073,8,0,8,2000
31077,0,0,0,2000
31079,111,36,147,2000
31081,33,0,33,2000
31083,2,0,2,2000
31085,2,0,2,2000
31087,0,0,0,2000
31089,36,8,44,2000
31091,0,0,0,2000
31093,20,36,56,2000
31095,5,0,5,2000
31097,6,0,6,2000
31099,7,0,7,2000
31101,116,24,140,2000
31105,0,0,0,2000
31107,6,0,6,2000
31109,1312,385,1697,2000
31111,109,52,161,2000
31115,0,0,0,2000
31119,75,20,95,2000
31121,18,0,18,2000
31123,3,0,3,2000
31125,2,0,2,2000
31127,9,0,9,2000
31129,3,0,3,2000
31131,128,0,128,2000
31133,2,0,2,2000
31135,1,0,1,2000
31137,3,5,8,2000
31139,20,0,20,2000
31141,60,56,116,2000
31143,2,8,10,2000
31145,8,24,32,2000
31147,0,0,0,2000
31149,2,0,2,2000
31151,23,18,41,2000
31153,1127,766,1893,2000
31155,86,19,105,2000
31157,66,4,70,2000
31159,50,24,74,2000
31161,1,0,1,2000
31163,2,0,2,2000
31167,15,0,15,2000
31169,3,4,7,2000
31173,12,0,12,2000
31175,1,2,3,2000
31177,102,10,112,2000
31179,13,0,13,2000
31181,2,0,2,2000
31183,0,0,0,2000
31185,21,0,21,2000
32001,110,7,117,2000
32003,21282,4942,26224,2000
32005,542,104,646,2000
32007,102,42,144,2000
32013,6,42,48,2000
32015,4,0,4,2000
32017,12,0,12,2000
32019,172,55,227,2000
32021,3,0,3,2000
32023,0,0,0,2000
32027,4,0,4,2000
32029,27,3,30,2000
32031,3177,1367,4544,2000
32033,6,0,6,2000
32510,276,0,276,2000
33001,436,22,458,2000
33003,410,8,418,2000
33005,255,29,284,2000
33007,73,4,77,2000
33009,327,40,367,2000
33011,1565,278,1843,2000
33013,688,4,692,2000
33015,1579,150,1729,2000
33017,562,36,598,2000
33019,202,12,214,2000
34001,1433,192,1625,2000
34003,1076,1771,2847,2000
34005,2282,493,2775,2000
34007,686,110,796,2000
34009,791,451,1242,2000
34011,226,29,255,2000
34013,686,805,1491,2000
34015,1294,43,1337,2000
34017,98,1240,1338,2000
34019,616,0,616,2000
34021,1210,73,1283,2000
34023,1850,610,2460,2000
34025,2268,644,2912,2000
34027,2122,562,2684,2000
34029,5032,601,5633,2000
34031,341,116,457,2000
34033,161,0,161,2000
34035,1227,1055,2282,2000
34037,719,0,719,2000
34039,387,389,776,2000
34041,755,141,896,2000
35000,1490,0,1490,2000
35001,3737,110,3847,2000
35005,30,0,30,2000
35009,39,0,39,2000
35013,754,228,982,2000
35015,31,0,31,2000
35025,2,0,2,2000
35027,168,12,180,2000
35028,76,120,196,2000
35029,25,0,25,2000
35031,29,115,144,2000
35035,96,48,144,2000
35039,9,0,9,2000
35041,13,2,15,2000
35043,576,0,576,2000
35045,169,3,172,2000
35049,354,41,395,2000
35053,8,0,8,2000
35055,234,0,234,2000
35061,350,0,350,2000
36001,591,144,735,2000
36003,99,0,99,2000
36005,36,1610,1646,2000
36007,156,2,158,2000
36009,147,15,162,2000
36011,142,6,148,2000
36013,208,28,236,2000
36015,142,36,178,2000
36017,66,15,81,2000
36019,189,52,241,2000
36021,186,4,190,2000
36023,63,0,63,2000
36025,133,2,135,2000
36027,983,20,1003,2000
36029,1446,737,2183,2000
36031,136,12,148,2000
36033,93,0,93,2000
36035,95,19,114,2000
36037,104,2,106,2000
36039,185,0,185,2000
36041,52,0,52,2000
36043,124,0,124,2000
36045,164,0,164,2000
36047,133,2771,2904,2000
36049,150,0,150,2000
36051,133,160,293,2000
36053,123,4,127,2000
36055,1595,565,2160,2000
36057,53,0,53,2000
36059,753,753,1506,2000
36061,0,5110,5110,2000
36063,457,32,489,2000
36065,253,28,281,2000
36067,932,291,1223,2000
36069,372,75,447,2000
36071,1598,402,2000,2000
36073,65,0,65,2000
36075,227,14,241,2000
36077,141,436,577,2000
36079,344,15,359,2000
36081,87,2636,2723,2000
36083,332,48,380,2000
36085,1361,1306,2667,2000
36087,351,196,547,2000
36089,228,14,242,2000
36091,993,159,1152,2000
36093,200,50,250,2000
36095,68,12,80,2000
36097,38,0,38,2000
36099,46,0,46,2000
36101,237,8,245,2000
36103,3910,1022,4932,2000
36105,277,6,283,2000
36107,77,18,95,2000
36109,165,391,556,2000
36111,510,38,548,2000
36113,321,57,378,2000
36115,164,8,172,2000
36117,255,65,320,2000
36119,1287,839,2126,2000
36121,82,10,92,2000
36123,66,0,66,2000
37001,872,73,945,2000
37003,156,10,166,2000
37005,151,0,151,2000
37007,31,0,31,2000
37009,239,0,239,2000
37011,142,6,148,2000
37013,190,0,190,2000
37015,28,0,28,2000
37017,63,0,63,2000
37019,1333,116,1449,2000
37021,991,336,1327,2000
37023,296,6,302,2000
37025,1452,272,1724,2000
37027,400,42,442,2000
37029,63,0,63,2000
37031,444,15,459,2000
37033,89,0,89,2000
37035,1152,128,1280,2000
37037,418,0,418,2000
37039,271,0,271,2000
37041,42,0,42,2000
37043,151,0,151,2000
37045,352,18,370,2000
37047,93,6,99,2000
37049,442,48,490,2000
37051,814,730,1544,2000
37053,336,4,340,2000
37055,899,21,920,2000
37057,756,137,893,2000
37059,328,0,328,2000
37061,97,70,167,2000
37063,1541,1322,2863,2000
37065,95,0,95,2000
37067,2191,684,2875,2000
37069,372,2,374,2000
37071,1075,138,1213,2000
37073,18,0,18,2000
37075,58,0,58,2000
37077,392,22,414,2000
37079,31,0,31,2000
37081,3059,470,3529,2000
37083,94,0,94,2000
37085,612,80,692,2000
37087,393,0,393,2000
37089,670,50,720,2000
37091,26,5,31,2000
37093,261,0,261,2000
37095,20,0,20,2000
37097,1342,488,1830,2000
37099,424,321,745,2000
37101,1180,455,1635,2000
37103,5,0,5,2000
37105,231,0,231,2000
37107,194,48,242,2000
37109,662,171,833,2000
37111,122,10,132,2000
37113,359,0,359,2000
37115,143,0,143,2000
37117,50,0,50,2000
37119,8564,5396,13960,2000
37121,70,0,70,2000
37123,102,0,102,2000
37125,601,71,672,2000
37127,523,172,695,2000
37129,1403,457,1860,2000
37131,45,0,45,2000
37133,634,281,915,2000
37135,1025,45,1070,2000
37137,56,0,56,2000
37139,108,0,108,2000
37141,293,55,348,2000
37143,63,0,63,2000
37145,172,8,180,2000
37147,722,1044,1766,2000
37149,121,0,121,2000
37151,575,340,915,2000
37153,274,0,274,2000
37155,401,12,413,2000
37157,290,52,342,2000
37159,630,134,764,2000
37161,280,10,290,2000
37163,134,0,134,2000
37165,88,56,144,2000
37167,275,12,287,2000
37169,141,42,183,2000
37171,214,8,222,2000
37173,105,50,155,2000
37175,238,0,238,2000
37177,9,0,9,2000
37179,2289,168,2457,2000
37181,136,2,138,2000
37183,7967,4226,12193,2000
37185,89,0,89,2000
37187,17,0,17,2000
37189,497,76,573,2000
37191,357,71,428,2000
37193,235,7,242,2000
37195,392,206,598,2000
37197,134,4,138,2000
37199,81,6,87,2000
38001,10,0,10,2000
38003,9,2,11,2000
38005,0,0,0,2000
38007,0,0,0,2000
38009,1,0,1,2000
38011,4,0,4,2000
38013,3,0,3,2000
38015,301,108,409,2000
38017,467,612,1079,2000
38019,0,0,0,2000
38021,1,0,1,2000
38023,0,0,0,2000
38025,2,0,2,2000
38027,3,0,3,2000
38029,12,0,12,2000
38031,3,0,3,2000
38033,0,0,0,2000
38035,61,2,63,2000
38037,1,0,1,2000
38039,0,0,0,2000
38041,0,0,0,2000
38043,4,0,4,2000
38045,6,0,6,2000
38047,0,0,0,2000
38049,5,0,5,2000
38051,5,0,5,2000
38053,0,0,0,2000
38055,9,0,9,2000
38057,8,0,8,2000
38059,85,8,93,2000
38061,8,0,8,2000
38063,2,2,4,2000
38065,1,0,1,2000
38067,5,0,5,2000
38069,3,2,5,2000
38071,18,0,18,2000
38073,6,40,46,2000
38075,4,0,4,2000
38077,23,0,23,2000
38079,3,0,3,2000
38081,6,0,6,2000
38083,0,0,0,2000
38085,0,0,0,2000
38087,0,0,0,2000
38089,34,0,34,2000
38091,0,0,0,2000
38093,24,27,51,2000
38095,0,0,0,2000
38097,7,0,7,2000
38099,4,4,8,2000
38101,85,64,149,2000
38103,1,0,1,2000
38105,25,0,25,2000
39001,1,0,1,2000
39003,215,16,231,2000
39005,171,14,185,2000
39007,445,4,449,2000
39009,38,3,41,2000
39011,154,10,164,2000
39013,25,0,25,2000
39015,87,24,111,2000
39017,1887,498,2385,2000
39019,12,12,24,2000
39021,175,0,175,2000
39023,274,10,284,2000
39025,1156,501,1657,2000
39027,198,8,206,2000
39029,55,85,140,2000
39031,5,3,8,2000
39033,93,0,93,2000
39035,1777,432,2209,2000
39037,170,7,177,2000
39039,134,8,142,2000
39041,3061,32,3093,2000
39043,277,32,309,2000
39045,817,97,914,2000
39047,105,0,105,2000
39049,4885,4436,9321,2000
39051,147,16,163,2000
39053,5,2,7,2000
39055,519,0,519,2000
39057,522,338,860,2000
39059,84,0,84,2000
39061,1321,619,1940,2000
39063,243,62,305,2000
39065,62,5,67,2000
39067,0,0,0,2000
39069,72,0,72,2000
39071,59,0,59,2000
39073,4,0,4,2000
39075,3,16,19,2000
39077,147,13,160,2000
39079,150,36,186,2000
39081,32,80,112,2000
39083,290,35,325,2000
39085,674,87,761,2000
39087,71,32,103,2000
39089,1014,121,1135,2000
39091,246,14,260,2000
39093,1326,458,1784,2000
39095,981,246,1227,2000
39097,183,2,185,2000
39099,612,104,716,2000
39101,129,5,134,2000
39103,1443,238,1681,2000
39105,12,0,12,2000
39107,113,46,159,2000
39109,265,0,265,2000
39111,0,0,0,2000
39113,1055,329,1384,2000
39115,1,0,1,2000
39117,51,0,51,2000
39119,22,164,186,2000
39121,32,0,32,2000
39123,239,4,243,2000
39125,78,65,143,2000
39127,34,0,34,2000
39129,205,0,205,2000
39131,14,82,96,2000
39133,725,12,737,2000
39135,167,9,176,2000
39137,78,14,92,2000
39139,310,228,538,2000
39141,53,15,68,2000
39143,141,8,149,2000
39145,4,2,6,2000
39147,187,16,203,2000
39149,186,24,210,2000
39151,1189,66,1255,2000
39153,1851,754,2605,2000
39155,365,103,468,2000
39157,143,30,173,2000
39159,450,0,450,2000
39161,82,2,84,2000
39163,0,0,0,2000
39165,2353,553,2906,2000
39167,19,0,19,2000
39169,408,89,497,2000
39171,141,29,170,2000
39173,433,321,754,2000
39175,62,6,68,2000
40001,6,4,10,2000
40003,0,0,0,2000
40005,1,0,1,2000
40007,1,0,1,2000
40009,36,60,96,2000
40011,1,0,1,2000
40013,21,0,21,2000
40015,26,2,28,2000
40017,237,22,259,2000
40019,74,74,148,2000
40021,6,152,158,2000
40023,7,0,7,2000
40025,0,0,0,2000
40027,795,16,811,2000
40029,1,0,1,2000
40031,128,10,138,2000
40033,2,0,2,2000
40035,2,0,2,2000
40037,77,26,103,2000
40039,35,10,45,2000
40041,115,0,115,2000
40043,0,0,0,2000
40045,2,0,2,2000
40047,55,4,59,2000
40049,8,0,8,2000
40051,65,0,65,2000
40053,1,0,1,2000
40055,1,0,1,2000
40059,2,0,2,2000
40061,3,0,3,2000
40063,9,0,9,2000
40065,14,0,14,2000
40067,1,0,1,2000
40069,3,24,27,2000
40071,43,35,78,2000
40073,27,0,27,2000
40075,3,0,3,2000
40077,7,0,7,2000
40079,46,0,46,2000
40081,24,0,24,2000
40083,16,0,16,2000
40085,0,0,0,2000
40087,118,5,123,2000
40089,28,0,28,2000
40091,17,50,67,2000
40093,2,0,2,2000
40095,1,0,1,2000
40097,33,6,39,2000
40099,15,0,15,2000
40101,76,0,76,2000
40103,10,0,10,2000
40105,1,5,6,2000
40107,1,0,1,2000
40109,2896,1196,4092,2000
40111,33,2,35,2000
40113,46,0,46,2000
40115,7,8,15,2000
40117,0,0,0,2000
40119,136,84,220,2000
40121,37,6,43,2000
40123,18,14,32,2000
40125,100,0,100,2000
40127,1,0,1,2000
40129,0,0,0,2000
40131,444,4,448,2000
40133,6,0,6,2000
40135,51,45,96,2000
40137,43,0,43,2000
40139,11,64,75,2000
40141,0,0,0,2000
40143,2483,232,2715,2000
40145,417,11,428,2000
40147,37,0,37,2000
40149,1,0,1,2000
40151,5,0,5,2000
40153,6,0,6,2000
41000,176,98,274,2000
41001,28,0,28,2000
41003,226,38,264,2000
41005,1771,540,2311,2000
41007,137,17,154,2000
41009,255,23,278,2000
41011,34,2,36,2000
41013,201,4,205,2000
41015,83,39,122,2000
41017,1897,202,2099,2000
41019,305,58,363,2000
41021,1,0,1,2000
41025,11,0,11,2000
41027,88,21,109,2000
41029,1140,211,1351,2000
41031,205,4,209,2000
41033,367,57,424,2000
41035,148,2,150,2000
41037,16,0,16,2000
41039,1153,177,1330,2000
41041,177,137,314,2000
41043,369,143,512,2000
41045,56,0,56,2000
41047,1193,231,1424,2000
41051,1420,1171,2591,2000
41053,167,93,260,2000
41055,4,0,4,2000
41057,171,8,179,2000
41059,108,36,144,2000
41061,46,0,46,2000
41065,27,4,31,2000
41067,3229,598,3827,2000
41069,4,0,4,2000
41071,406,344,750,2000
42001,600,39,639,2000
42003,1865,841,2706,2000
42005,97,54,151,2000
42007,457,10,467,2000
42009,153,22,175,2000
42011,1583,226,1809,2000
42013,212,14,226,2000
42015,159,0,159,2000
42017,2368,400,2768,2000
42019,857,173,1030,2000
42021,211,9,220,2000
42023,9,0,9,2000
42025,205,2,207,2000
42027,554,99,653,2000
42029,2912,139,3051,2000
42031,114,6,120,2000
42033,186,0,186,2000
42035,127,10,137,2000
42037,206,53,259,2000
42039,227,13,240,2000
42041,926,82,1008,2000
42043,648,132,780,2000
42045,886,256,1142,2000
42047,99,0,99,2000
42049,574,130,704,2000
42051,292,60,352,2000
42053,47,0,47,2000
42055,594,120,714,2000
42057,49,0,49,2000
42059,82,24,106,2000
42061,178,2,180,2000
42063,135,200,335,2000
42065,143,0,143,2000
42067,49,0,49,2000
42069,370,150,520,2000
42071,1704,312,2016,2000
42073,177,93,270,2000
42075,514,0,514,2000
42077,1208,136,1344,2000
42079,568,35,603,2000
42081,283,30,313,2000
42083,88,0,88,2000
42085,303,129,432,2000
42087,120,0,120,2000
42089,1481,149,1630,2000
42091,2780,278,3058,2000
42093,62,0,62,2000
42095,1091,221,1312,2000
42097,163,6,169,2000
42099,156,9,165,2000
42101,95,1238,1333,2000
42103,469,6,475,2000
42105,105,0,105,2000
42107,289,63,352,2000
42109,110,11,121,2000
42111,210,30,240,2000
42113,25,0,25,2000
42115,130,0,130,2000
42117,172,24,196,2000
42119,111,0,111,2000
42121,101,28,129,2000
42123,88,0,88,2000
42125,794,82,876,2000
42127,253,0,253,2000
42129,865,134,999,2000
42131,98,0,98,2000
42133,1714,295,2009,2000
43001,12840,5649,18489,2000
44001,85,0,85,2000
44003,406,47,453,2000
44005,254,53,307,2000
44007,764,238,1002,2000
44009,747,2,749,2000
45001,96,0,96,2000
45003,678,0,678,2000
45005,0,20,20,2000
45007,952,158,1110,2000
45009,17,4,21,2000
45011,4,0,4,2000
45013,1986,703,2689,2000
45015,556,0,556,2000
45017,84,0,84,2000
45019,2776,1310,4086,2000
45021,147,4,151,2000
45023,88,0,88,2000
45025,244,24,268,2000
45027,109,0,109,2000
45029,112,18,130,2000
45031,169,0,169,2000
45033,40,2,42,2000
45035,574,171,745,2000
45037,76,0,76,2000
45039,71,0,71,2000
45041,516,129,645,2000
45043,483,164,647,2000
45045,2822,589,3411,2000
45047,196,188,384,2000
45049,22,0,22,2000
45051,1907,2585,4492,2000
45053,72,0,72,2000
45055,314,0,314,2000
45057,362,5,367,2000
45059,314,12,326,2000
45061,24,27,51,2000
45063,1383,0,1383,2000
45065,91,0,91,2000
45067,41,36,77,2000
45069,21,0,21,2000
45071,128,0,128,2000
45073,473,0,473,2000
45075,197,37,234,2000
45077,611,0,611,2000
45079,2494,442,2936,2000
45081,47,0,47,2000
45083,1515,52,1567,2000
45085,294,0,294,2000
45087,47,0,47,2000
45089,50,0,50,2000
45091,1708,1269,2977,2000
46003,2,0,2,2000
46005,29,0,29,2000
46007,1,0,1,2000
46009,5,0,5,2000
46011,71,30,101,2000
46013,55,56,111,2000
46015,9,4,13,2000
46019,8,4,12,2000
46021,0,0,0,2000
46023,7,0,7,2000
46025,2,0,2,2000
46027,41,8,49,2000
46029,103,6,109,2000
46031,0,0,0,2000
46033,70,0,70,2000
46035,56,14,70,2000
46037,21,0,21,2000
46039,22,0,22,2000
46041,0,16,16,2000
46043,1,4,5,2000
46045,6,0,6,2000
46047,5,0,5,2000
46049,4,0,4,2000
46051,19,0,19,2000
46053,0,0,0,2000
46055,0,0,0,2000
46057,19,4,23,2000
46059,3,0,3,2000
46063,0,0,0,2000
46065,41,8,49,2000
46067,18,4,22,2000
46069,0,0,0,2000
46071,0,0,0,2000
46073,3,0,3,2000
46075,4,0,4,2000
46077,17,4,21,2000
46079,57,24,81,2000
46081,110,26,136,2000
46083,163,5,168,2000
46085,5,0,5,2000
46087,37,8,45,2000
46089,0,0,0,2000
46091,17,7,24,2000
46093,92,9,101,2000
46095,0,0,0,2000
46097,2,0,2,2000
46099,1393,744,2137,2000
46101,2,0,2,2000
46103,413,14,427,2000
46105,0,0,0,2000
46107,4,0,4,2000
46109,38,0,38,2000
46111,6,0,6,2000
46115,5,3,8,2000
46117,18,0,18,2000
46119,7,0,7,2000
46121,0,0,0,2000
46123,1,12,13,2000
46125,21,4,25,2000
46127,71,0,71,2000
46129,2,0,2,2000
46135,43,36,79,2000
47001,208,4,212,2000
47003,61,0,61,2000
47005,5,0,5,2000
47009,149,39,188,2000
47011,432,78,510,2000
47013,36,10,46,2000
47015,6,2,8,2000
47017,13,0,13,2000
47019,17,0,17,2000
47021,190,46,236,2000
47023,63,0,63,2000
47025,254,0,254,2000
47029,6,0,6,2000
47031,73,151,224,2000
47033,7,0,7,2000
47035,54,47,101,2000
47037,2376,711,3087,2000
47039,2,4,6,2000
47041,10,0,10,2000
47043,284,30,314,2000
47045,149,125,274,2000
47047,162,0,162,2000
47049,0,4,4,2000
47051,268,38,306,2000
47053,151,0,151,2000
47055,49,0,49,2000
47057,0,0,0,2000
47059,269,13,282,2000
47063,221,87,308,2000
47065,1209,217,1426,2000
47067,3,0,3,2000
47069,97,0,97,2000
47071,10,0,10,2000
47073,124,14,138,2000
47075,25,34,59,2000
47077,21,6,27,2000
47079,15,2,17,2000
47081,0,0,0,2000
47083,2,0,2,2000
47085,18,2,20,2000
47087,0,0,0,2000
47089,308,12,320,2000
47091,32,50,82,2000
47093,2291,523,2814,2000
47095,7,0,7,2000
47097,100,4,104,2000
47099,4,11,15,2000
47101,9,0,9,2000
47103,4,2,6,2000
47105,187,10,197,2000
47107,61,4,65,2000
47109,23,0,23,2000
47111,5,13,18,2000
47113,593,0,593,2000
47115,233,8,241,2000
47117,146,6,152,2000
47119,754,0,754,2000
47121,7,0,7,2000
47123,136,0,136,2000
47125,966,377,1343,2000
47127,70,0,70,2000
47129,1,0,1,2000
47131,83,4,87,2000
47133,3,0,3,2000
47135,1,0,1,2000
47139,0,0,0,2000
47141,87,156,243,2000
47143,122,0,122,2000
47145,34,0,34,2000
47147,596,14,610,2000
47149,2456,1030,3486,2000
47151,4,0,4,2000
47153,23,0,23,2000
47155,218,267,485,2000
47157,3583,3151,6734,2000
47159,55,0,55,2000
47161,3,0,3,2000
47163,448,9,457,2000
47165,846,32,878,2000
47167,479,4,483,2000
47169,19,0,19,2000
47171,8,0,8,2000
47173,111,0,111,2000
47177,59,0,59,2000
47179,221,262,483,2000
47181,2,0,2,2000
47183,65,71,136,2000
47185,19,19,38,2000
47187,1205,0,1205,2000
47189,758,66,824,2000
48001,34,34,68,2000
48003,24,0,24,2000
48005,132,9,141,2000
48007,101,112,213,2000
48009,10,0,10,2000
48011,2,0,2,2000
48013,66,0,66,2000
48015,114,0,114,2000
48017,1,0,1,2000
48019,3,0,3,2000
48021,146,2,148,2000
48023,0,0,0,2000
48025,4,0,4,2000
48027,1321,474,1795,2000
48029,6873,2105,8978,2000
48031,12,0,12,2000
48035,6,0,6,2000
48037,102,156,258,2000
48039,1903,182,2085,2000
48041,752,620,1372,2000
48043,13,22,35,2000
48047,3,0,3,2000
48049,31,2,33,2000
48051,2,0,2,2000
48053,427,22,449,2000
48055,57,0,57,2000
48057,64,4,68,2000
48059,7,0,7,2000
48061,2706,405,3111,2000
48063,3,0,3,2000
48065,1,0,1,2000
48067,15,0,15,2000
48069,0,0,0,2000
48071,309,0,309,2000
48073,43,2,45,2000
48075,1,0,1,2000
48077,12,0,12,2000
48079,0,0,0,2000
48081,0,0,0,2000
48083,2,0,2,2000
48085,9621,490,10111,2000
48087,0,0,0,2000
48089,12,0,12,2000
48091,1050,82,1132,2000
48093,1,0,1,2000
48097,38,12,50,2000
48099,78,12,90,2000
48101,0,0,0,2000
48103,0,0,0,2000
48107,2,0,2,2000
48109,0,0,0,2000
48111,30,0,30,2000
48113,8856,4889,13745,2000
48115,4,0,4,2000
48117,3,0,3,2000
48119,2,0,2,2000
48121,5245,544,5789,2000
48123,10,0,10,2000
48127,0,0,0,2000
48129,0,0,0,2000
48133,1,0,1,2000
48135,104,134,238,2000
48139,669,307,976,2000
48141,2879,324,3203,2000
48143,23,0,23,2000
48145,9,0,9,2000
48147,36,14,50,2000
48149,15,0,15,2000
48151,0,0,0,2000
48153,3,0,3,2000
48155,0,0,0,2000
48157,1063,250,1313,2000
48159,3,0,3,2000
48161,21,28,49,2000
48163,15,0,15,2000
48165,1,0,1,2000
48167,2235,696,2931,2000
48169,3,0,3,2000
48171,61,0,61,2000
48177,3,0,3,2000
48179,0,0,0,2000
48181,171,29,200,2000
48183,160,0,160,2000
48185,13,0,13,2000
48187,473,0,473,2000
48189,24,100,124,2000
48191,0,0,0,2000
48193,4,4,8,2000
48195,2,0,2,2000
48197,0,0,0,2000
48199,21,0,21,2000
48201,18244,6321,24565,2000
48203,28,0,28,2000
48207,1,0,1,2000
48209,727,997,1724,2000
48211,0,0,0,2000
48213,111,4,115,2000
48215,5038,621,5659,2000
48217,16,0,16,2000
48219,16,0,16,2000
48221,29,4,33,2000
48223,33,0,33,2000
48225,5,0,5,2000
48227,15,0,15,2000
48231,67,0,67,2000
48233,1,0,1,2000
48237,0,0,0,2000
48239,25,0,25,2000
48241,9,0,9,2000
48245,596,19,615,2000
48249,24,0,24,2000
48251,639,26,665,2000
48253,0,0,0,2000
48255,2,0,2,2000
48257,202,128,330,2000
48259,278,0,278,2000
48265,79,88,167,2000
48267,0,0,0,2000
48271,3,0,3,2000
48273,11,0,11,2000
48277,96,21,117,2000
48279,1,3,4,2000
48281,12,0,12,2000
48283,1,0,1,2000
48285,10,0,10,2000
48287,10,0,10,2000
48291,213,0,213,2000
48293,11,0,11,2000
48295,0,0,0,2000
48297,4,0,4,2000
48299,24,0,24,2000
48303,804,120,924,2000
48305,3,0,3,2000
48307,4,2,6,2000
48309,523,178,701,2000
48313,6,0,6,2000
48315,0,0,0,2000
48317,1,0,1,2000
48319,3,0,3,2000
48321,90,28,118,2000
48323,148,31,179,2000
48325,35,0,35,2000
48329,158,0,158,2000
48331,6,4,10,2000
48335,0,0,0,2000
48337,8,0,8,2000
48339,4067,130,4197,2000
48341,14,0,14,2000
48343,2,0,2,2000
48345,0,0,0,2000
48347,42,58,100,2000
48349,35,4,39,2000
48351,0,0,0,2000
48353,2,0,2,2000
48355,737,202,939,2000
48357,3,0,3,2000
48359,0,0,0,2000
48361,174,0,174,2000
48363,4,0,4,2000
48365,6,0,6,2000
48367,282,0,282,2000
48369,5,0,5,2000
48371,4,0,4,2000
48373,7,110,117,2000
48375,518,2,520,2000
48377,67,0,67,2000
48379,9,0,9,2000
48381,29,8,37,2000
48383,3,0,3,2000
48385,31,0,31,2000
48387,5,0,5,2000
48389,1,0,1,2000
48391,1,0,1,2000
48395,9,0,9,2000
48397,955,0,955,2000
48399,1,0,1,2000
48401,13,0,13,2000
48403,0,0,0,2000
48405,0,0,0,2000
48407,11,0,11,2000
48409,233,262,495,2000
48411,23,0,23,2000
48413,0,0,0,2000
48415,8,0,8,2000
48419,1,0,1,2000
48421,14,2,16,2000
48423,467,76,543,2000
48425,6,34,40,2000
48427,0,0,0,2000
48429,1,0,1,2000
48435,0,0,0,2000
48437,0,0,0,2000
48439,9505,2180,11685,2000
48441,164,210,374,2000
48445,3,0,3,2000
48449,28,0,28,2000
48451,239,8,247,2000
48453,7451,6818,14269,2000
48455,0,0,0,2000
48457,1,0,1,2000
48459,13,0,13,2000
48461,0,0,0,2000
48463,31,0,31,2000
48465,117,10,127,2000
48467,32,0,32,2000
48469,167,0,167,2000
48471,56,0,56,2000
48473,21,266,287,2000
48475,2,0,2,2000
48477,26,0,26,2000
48479,1423,440,1863,2000
48481,32,100,132,2000
48483,1,0,1,2000
48485,211,10,221,2000
48487,3,0,3,2000
48489,42,0,42,2000
48491,4664,1027,5691,2000
48493,11,0,11,2000
48495,0,0,0,2000
48497,88,2,90,2000
48499,13,0,13,2000
48501,1,0,1,2000
48503,7,0,7,2000
48507,4,0,4,2000
49001,37,0,37,2000
49003,225,62,287,2000
49005,481,163,644,2000
49007,32,84,116,2000
49009,8,0,8,2000
49011,1687,101,1788,2000
49013,141,0,141,2000
49015,40,0,40,2000
49017,68,0,68,2000
49019,72,19,91,2000
49021,286,166,452,2000
49023,85,0,85,2000
49025,83,2,85,2000
49027,53,0,53,2000
49029,58,0,58,2000
49031,6,0,6,2000
49033,86,9,95,2000
49035,3449,986,4435,2000
49037,52,0,52,2000
49039,76,86,162,2000
49041,92,0,92,2000
49043,398,141,539,2000
49045,777,72,849,2000
49047,119,2,121,2000
49049,3193,538,3731,2000
49051,318,0,318,2000
49053,1357,194,1551,2000
49055,0,0,0,2000
49057,1483,301,1784,2000
50001,183,2,185,2000
50003,195,18,213,2000
50005,111,0,111,2000
50007,564,97,661,2000
50009,16,0,16,2000
50011,201,24,225,2000
50013,38,0,38,2000
50015,113,8,121,2000
50017,50,2,52,2000
50019,77,0,77,2000
50021,133,2,135,2000
50023,211,0,211,2000
50025,144,64,208,2000
50027,176,77,253,2000
51001,119,13,132,2000
51003,549,38,587,2000
51005,27,0,27,2000
51007,69,0,69,2000
51009,93,13,106,2000
51011,65,0,65,2000
51013,59,752,811,2000
51015,467,0,467,2000
51017,51,0,51,2000
51019,468,0,468,2000
51021,54,0,54,2000
51023,203,0,203,2000
51025,47,0,47,2000
51027,17,4,21,2000
51029,53,2,55,2000
51031,187,0,187,2000
51033,97,0,97,2000
51035,136,30,166,2000
51036,44,0,44,2000
51037,90,4,94,2000
51041,1920,38,1958,2000
51043,101,0,101,2000
51045,42,0,42,2000
51047,301,33,334,2000
51049,34,0,34,2000
51051,24,0,24,2000
51053,140,4,144,2000
51057,41,0,41,2000
51059,3818,1998,5816,2000
51061,533,0,533,2000
51063,95,2,97,2000
51065,336,0,336,2000
51067,380,12,392,2000
51069,500,0,500,2000
51071,53,0,53,2000
51073,182,0,182,2000
51075,223,0,223,2000
51077,122,0,122,2000
51079,201,0,201,2000
51081,32,40,72,2000
51083,72,0,72,2000
51085,891,75,966,2000
51087,1566,0,1566,2000
51089,92,20,112,2000
51091,20,0,20,2000
51093,254,3,257,2000
51095,781,290,1071,2000
51097,24,0,24,2000
51099,125,4,129,2000
51101,117,0,117,2000
51103,83,8,91,2000
51105,63,2,65,2000
51107,5131,1169,6300,2000
51109,262,0,262,2000
51111,18,0,18,2000
51113,106,0,106,2000
51115,45,0,45,2000
51117,122,64,186,2000
51119,71,3,74,2000
51121,264,66,330,2000
51125,112,0,112,2000
51127,157,0,157,2000
51131,63,46,109,2000
51133,124,0,124,2000
51135,51,0,51,2000
51137,217,30,247,2000
51139,78,2,80,2000
51141,87,0,87,2000
51143,261,8,269,2000
51145,260,0,260,2000
51147,51,16,67,2000
51149,181,0,181,2000
51153,3816,942,4758,2000
51155,145,0,145,2000
51157,44,0,44,2000
51159,34,4,38,2000
51161,478,102,580,2000
51163,213,6,219,2000
51165,413,25,438,2000
51167,58,0,58,2000
51169,67,0,67,2000
51171,240,30,270,2000
51173,65,6,71,2000
51175,66,2,68,2000
51177,1460,0,1460,2000
51179,1101,593,1694,2000
51181,53,0,53,2000
51183,13,0,13,2000
51185,79,15,94,2000
51187,197,4,201,2000
51191,285,9,294,2000
51193,58,0,58,2000
51195,49,0,49,2000
51197,102,6,108,2000
51199,643,140,783,2000
51510,386,714,1100,2000
51515,11,4,15,2000
51520,31,6,37,2000
51530,20,0,20,2000
51540,48,16,64,2000
51550,1081,0,1081,2000
51560,1,0,1,2000
51570,41,0,41,2000
51580,3,0,3,2000
51590,29,60,89,2000
51595,7,51,58,2000
51600,166,0,166,2000
51610,1,0,1,2000
51620,6,0,6,2000
51630,41,0,41,2000
51640,13,2,15,2000
51650,324,0,324,2000
51660,144,49,193,2000
51670,66,0,66,2000
51678,15,2,17,2000
51680,152,212,364,2000
51683,54,0,54,2000
51685,207,0,207,2000
51690,8,48,56,2000
51700,407,0,407,2000
51710,177,110,287,2000
51720,3,0,3,2000
51730,11,0,11,2000
51735,20,0,20,2000
51740,213,0,213,2000
51750,15,0,15,2000
51760,170,100,270,2000
51770,168,142,310,2000
51775,69,4,73,2000
51790,59,6,65,2000
51800,639,134,773,2000
51810,1312,152,1464,2000
51820,50,50,100,2000
51830,85,97,182,2000
51840,102,14,116,2000
52003,0,0,0,2000
52010,0,0,0,2000
53001,27,0,27,2000
53003,46,4,50,2000
53005,685,52,737,2000
53007,252,14,266,2000
53009,371,8,379,2000
53011,2643,562,3205,2000
53013,8,30,38,2000
53015,349,165,514,2000
53017,115,12,127,2000
53019,31,15,46,2000
53021,281,0,281,2000
53023,1,0,1,2000
53025,188,34,222,2000
53027,186,34,220,2000
53029,540,29,569,2000
53031,252,22,274,2000
53033,4483,7243,11726,2000
53035,1105,6,1111,2000
53037,216,99,315,2000
53039,82,4,86,2000
53041,182,2,184,2000
53043,33,0,33,2000
53045,364,40,404,2000
53047,193,26,219,2000
53049,59,4,63,2000
53051,47,44,91,2000
53053,3753,935,4688,2000
53055,368,24,392,2000
53057,564,113,677,2000
53059,36,0,36,2000
53061,3821,2290,6111,2000
53063,1328,766,2094,2000
53065,131,0,131,2000
53067,1139,160,1299,2000
53069,12,0,12,2000
53071,162,37,199,2000
53073,1069,556,1625,2000
53075,63,184,247,2000
53077,333,151,484,2000
54001,9,0,9,2000
54003,753,24,777,2000
54005,17,0,17,2000
54007,0,0,0,2000
54009,13,0,13,2000
54011,50,0,50,2000
54015,25,0,25,2000
54019,89,0,89,2000
54021,0,0,0,2000
54023,18,35,53,2000
54025,97,8,105,2000
54027,111,0,111,2000
54029,21,0,21,2000
54031,102,0,102,2000
54033,119,47,166,2000
54035,47,0,47,2000
54037,434,49,483,2000
54039,85,11,96,2000
54041,0,0,0,2000
54043,29,0,29,2000
54045,2,5,7,2000
54047,10,0,10,2000
54049,21,0,21,2000
54051,6,0,6,2000
54053,10,0,10,2000
54055,26,7,33,2000
54057,289,39,328,2000
54059,8,0,8,2000
54061,19,60,79,2000
54063,1,0,1,2000
54065,155,0,155,2000
54067,7,0,7,2000
54069,18,0,18,2000
54071,49,0,49,2000
54073,4,0,4,2000
54075,0,0,0,2000
54077,5,0,5,2000
54079,232,39,271,2000
54081,81,8,89,2000
54083,15,14,29,2000
54085,4,0,4,2000
54087,0,0,0,2000
54089,24,0,24,2000
54091,2,0,2,2000
54093,9,0,9,2000
54095,1,0,1,2000
54097,51,50,101,2000
54099,50,0,50,2000
54101,0,0,0,2000
54103,10,0,10,2000
54105,0,0,0,2000
54107,165,72,237,2000
54109,2,0,2,2000
55001,236,8,244,2000
55003,41,8,49,2000
55005,253,84,337,2000
55007,144,2,146,2000
55009,1130,429,1559,2000
55011,69,12,81,2000
55013,225,0,225,2000
55015,324,64,388,2000
55017,398,44,442,2000
55019,106,28,134,2000
55021,308,73,381,2000
55023,51,6,57,2000
55025,1992,1994,3986,2000
55027,320,64,384,2000
55029,327,131,458,2000
55031,224,27,251,2000
55033,219,86,305,2000
55035,441,290,731,2000
55037,0,0,0,2000
55039,347,68,415,2000
55041,96,0,96,2000
55043,143,16,159,2000
55045,175,36,211,2000
55047,69,13,82,2000
55049,134,64,198,2000
55051,73,0,73,2000
55053,85,4,89,2000
55055,406,171,577,2000
55057,143,44,187,2000
55059,626,388,1014,2000
55061,114,17,131,2000
55063,401,170,571,2000
55065,61,0,61,2000
55067,153,0,153,2000
55069,211,8,219,2000
55071,369,99,468,2000
55073,652,151,803,2000
55075,230,41,271,2000
55077,116,12,128,2000
55078,28,0,28,2000
55079,736,1014,1750,2000
55081,181,54,235,2000
55083,447,14,461,2000
55085,372,39,411,2000
55087,910,578,1488,2000
55089,360,142,502,2000
55091,43,3,46,2000
55093,279,30,309,2000
55095,385,46,431,2000
55097,299,169,468,2000
55099,173,0,173,2000
55101,536,331,867,2000
55103,84,48,132,2000
55105,528,320,848,2000
55107,114,2,116,2000
55109,706,393,1099,2000
55111,401,174,575,2000
55113,264,10,274,2000
55115,198,18,216,2000
55117,361,314,675,2000
55119,71,2,73,2000
55121,142,11,153,2000
55123,92,18,110,2000
55125,309,51,360,2000
55127,680,291,971,2000
55129,235,6,241,2000
55131,637,294,931,2000
55133,1848,600,2448,2000
55135,204,68,272,2000
55137,223,39,262,2000
55139,566,245,811,2000
55141,232,160,392,2000
56001,105,2,107,2000
56003,12,0,12,2000
56005,61,0,61,2000
56007,33,0,33,2000
56009,1,10,11,2000
56011,7,0,7,2000
56013,37,6,43,2000
56015,1,0,1,2000
56017,4,0,4,2000
56019,12,0,12,2000
56021,245,0,245,2000
56023,145,0,145,2000
56025,107,38,145,2000
56027,0,0,0,2000
56029,137,0,137,2000
56031,6,2,8,2000
56033,95,4,99,2000
56035,54,0,54,2000
56037,36,5,41,2000
56039,257,69,326,2000
56041,72,0,72,2000
56043,1,7,8,2000
56045,1,10,11,2000
01001,176,224,400,2001
01003,1735,352,2087,2001
01005,23,0,23,2001
01007,4,0,4,2001
01009,44,0,44,2001
01011,1,0,1,2001
01013,7,0,7,2001
01015,243,16,259,2001
01017,22,0,22,2001
01019,21,0,21,2001
01021,44,46,90,2001
01023,2,0,2,2001
01025,16,0,16,2001
01027,5,0,5,2001
01029,5,0,5,2001
01031,128,0,128,2001
01033,95,64,159,2001
01035,1,0,1,2001
01037,0,0,0,2001
01039,20,0,20,2001
01041,6,0,6,2001
01043,25,0,25,2001
01045,47,0,47,2001
01047,5,0,5,2001
01049,63,16,79,2001
01051,249,32,281,2001
01053,13,0,13,2001
01055,199,107,306,2001
01057,6,0,6,2001
01059,25,2,27,2001
01061,12,0,12,2001
01063,8,0,8,2001
01065,33,0,33,2001
01067,22,0,22,2001
01069,325,39,364,2001
01071,43,0,43,2001
01073,2377,130,2507,2001
01075,0,0,0,2001
01077,85,5,90,2001
01079,9,0,9,2001
01081,365,598,963,2001
01083,110,0,110,2001
01085,2,0,2,2001
01087,75,0,75,2001
01089,895,624,1519,2001
01091,8,0,8,2001
01093,25,53,78,2001
01095,147,6,153,2001
01097,1863,496,2359,2001
01099,10,0,10,2001
01101,817,24,841,2001
01103,299,5,304,2001
01105,3,0,3,2001
01107,3,0,3,2001
01109,27,0,27,2001
01111,0,0,0,2001
01113,201,71,272,2001
01115,203,300,503,2001
01117,2028,0,2028,2001
01119,6,0,6,2001
01121,73,36,109,2001
01123,42,0,42,2001
01125,702,416,1118,2001
01127,20,0,20,2001
01129,4,0,4,2001
01131,0,0,0,2001
01133,2,0,2,2001
02000,129,0,129,2001
02013,0,0,0,2001
02016,8,15,23,2001
02020,1055,910,1965,2001
02050,22,0,22,2001
02060,0,0,0,2001
02090,169,14,183,2001
02100,15,0,15,2001
02110,61,24,85,2001
02122,82,8,90,2001
02130,30,33,63,2001
02150,38,8,46,2001
02170,61,120,181,2001
02180,3,0,3,2001
02185,17,4,21,2001
02201,0,0,0,2001
02220,28,16,44,2001
02232,13,0,13,2001
02261,32,0,32,2001
02280,24,0,24,2001
02282,0,0,0,2001
04001,82,37,119,2001
04003,613,6,619,2001
04005,851,26,877,2001
04007,260,0,260,2001
04009,70,0,70,2001
04011,1,0,1,2001
04012,38,0,38,2001
04013,33911,8664,42575,2001
04015,2141,90,2231,2001
04017,652,7,659,2001
04019,6298,1174,7472,2001
04021,3259,266,3525,2001
04023,312,116,428,2001
04025,2125,187,2312,2001
04027,1226,84,1310,2001
05001,15,4,19,2001
05003,18,20,38,2001
05005,51,88,139,2001
05007,1492,760,2252,2001
05009,81,0,81,2001
05011,3,0,3,2001
05013,0,0,0,2001
05015,22,0,22,2001
05017,8,4,12,2001
05019,41,147,188,2001
05021,12,4,16,2001
05023,38,12,50,2001
05025,0,0,0,2001
05027,13,0,13,2001
05029,9,0,9,2001
05031,380,72,452,2001
05033,125,8,133,2001
05035,134,0,134,2001
05037,58,4,62,2001
05039,5,0,5,2001
05041,11,21,32,2001
05043,14,80,94,2001
05045,526,309,835,2001
05047,16,2,18,2001
05049,1,0,1,2001
05051,113,0,113,2001
05053,15,12,27,2001
05055,164,4,168,2001
05057,18,0,18,2001
05059,9,8,17,2001
05061,12,0,12,2001
05063,13,18,31,2001
05065,12,0,12,2001
05067,16,0,16,2001
05069,136,7,143,2001
05071,27,0,27,2001
05073,0,0,0,2001
05075,12,6,18,2001
05077,12,27,39,2001
05079,5,0,5,2001
05081,9,0,9,2001
05083,12,8,20,2001
05085,390,74,464,2001
05087,2,0,2,2001
05089,18,20,38,2001
05091,105,18,123,2001
05093,26,4,30,2001
05095,7,0,7,2001
05099,10,0,10,2001
05101,3,0,3,2001
05103,2,0,2,2001
05105,1,0,1,2001
05107,11,0,11,2001
05111,34,0,34,2001
05113,15,0,15,2001
05115,101,196,297,2001
05117,4,0,4,2001
05119,1117,144,1261,2001
05121,26,12,38,2001
05123,8,0,8,2001
05125,425,33,458,2001
05127,3,0,3,2001
05129,2,2,4,2001
05131,289,63,352,2001
05133,11,0,11,2001
05135,6,6,12,2001
05137,13,0,13,2001
05139,13,0,13,2001
05141,1,0,1,2001
05143,996,716,1712,2001
05145,135,39,174,2001
05147,3,0,3,2001
05149,28,4,32,2001
06001,1764,1485,3249,2001
06003,28,26,54,2001
06005,217,4,221,2001
06007,1023,70,1093,2001
06009,542,4,546,2001
06011,28,5,33,2001
06013,4144,776,4920,2001
06015,56,0,56,2001
06017,1346,702,2048,2001
06019,3618,150,3768,2001
06021,69,0,69,2001
06023,381,160,541,2001
06025,551,506,1057,2001
06027,20,0,20,2001
06029,3408,86,3494,2001
06031,660,0,660,2001
06033,102,0,102,2001
06035,128,3,131,2001
06037,8308,9986,18294,2001
06039,713,76,789,2001
06041,191,184,375,2001
06043,95,0,95,2001
06045,317,8,325,2001
06047,1090,2,1092,2001
06049,0,0,0,2001
06051,76,210,286,2001
06053,890,166,1056,2001
06055,777,134,911,2001
06057,730,30,760,2001
06059,6010,2601,8611,2001
06061,4722,1257,5979,2001
06063,192,0,192,2001
06065,16778,2234,19012,2001
06067,7423,1684,9107,2001
06069,297,40,337,2001
06071,6818,1587,8405,2001
06073,9377,6028,15405,2001
06075,94,1097,1191,2001
06077,4005,334,4339,2001
06079,1709,234,1943,2001
06081,735,631,1366,2001
06083,915,111,1026,2001
06085,1626,4338,5964,2001
06087,432,168,600,2001
06089,1018,6,1024,2001
06091,10,0,10,2001
06093,161,0,161,2001
06095,1825,743,2568,2001
06097,1717,866,2583,2001
06099,3011,204,3215,2001
06101,434,6,440,2001
06103,180,2,182,2001
06105,48,0,48,2001
06107,1695,77,1772,2001
06109,253,0,253,2001
06111,3168,285,3453,2001
06113,1228,72,1300,2001
06115,208,0,208,2001
08001,4392,1738,6130,2001
08003,52,43,95,2001
08005,3525,4410,7935,2001
08007,271,21,292,2001
08009,7,0,7,2001
08011,12,0,12,2001
08013,1916,1405,3321,2001
08015,219,0,219,2001
08017,4,0,4,2001
08019,65,0,65,2001
08021,184,0,184,2001
08025,3,0,3,2001
08027,103,15,118,2001
08029,24,4,28,2001
08031,1011,3447,4458,2001
08033,8,0,8,2001
08035,4046,2006,6052,2001
08037,404,162,566,2001
08039,301,4,305,2001
08041,5254,1862,7116,2001
08043,362,8,370,2001
08045,499,62,561,2001
08047,65,0,65,2001
08049,293,186,479,2001
08051,173,26,199,2001
08053,16,0,16,2001
08055,91,2,93,2001
08057,16,0,16,2001
08059,1524,785,2309,2001
08061,1,0,1,2001
08063,14,0,14,2001
08065,52,4,56,2001
08067,383,169,552,2001
08069,2640,1024,3664,2001
08071,78,0,78,2001
08073,7,0,7,2001
08075,61,2,63,2001
08077,1146,107,1253,2001
08079,15,0,15,2001
08081,44,0,44,2001
08083,27,34,61,2001
08085,280,103,383,2001
08087,95,2,97,2001
08089,24,12,36,2001
08091,82,8,90,2001
08093,390,0,390,2001
08095,13,0,13,2001
08097,105,0,105,2001
08099,13,0,13,2001
08101,1114,276,1390,2001
08103,25,0,25,2001
08105,91,0,91,2001
08107,186,97,283,2001
08109,106,0,106,2001
08111,9,0,9,2001
08113,113,21,134,2001
08115,2,0,2,2001
08117,309,168,477,2001
08119,207,0,207,2001
08121,10,0,10,2001
08123,3944,357,4301,2001
08125,11,0,11,2001
09001,1521,699,2220,2001
09003,1732,294,2026,2001
09005,743,21,764,2001
09007,722,77,799,2001
09009,1363,223,1586,2001
09011,766,16,782,2001
09013,560,119,679,2001
09015,428,6,434,2001
10001,954,64,1018,2001
10003,1646,220,1866,2001
10005,1825,105,1930,2001
11001,131,765,896,2001
12001,1063,1272,2335,2001
12003,112,0,112,2001
12005,852,219,1071,2001
12007,75,0,75,2001
12009,4379,665,5044,2001
12011,8275,2486,10761,2001
12013,37,0,37,2001
12015,1529,597,2126,2001
12017,1201,44,1245,2001
12019,1821,790,2611,2001
12021,3878,4280,8158,2001
12023,266,0,266,2001
12027,54,85,139,2001
12029,62,0,62,2001
12031,4947,1820,6767,2001
12033,1445,30,1475,2001
12035,1572,105,1677,2001
12037,160,4,164,2001
12039,106,0,106,2001
12041,66,0,66,2001
12043,34,0,34,2001
12045,141,0,141,2001
12047,27,0,27,2001
12049,63,0,63,2001
12051,55,0,55,2001
12053,1336,211,1547,2001
12055,522,40,562,2001
12057,8508,2463,10971,2001
12059,51,0,51,2001
12061,1218,626,1844,2001
12063,141,0,141,2001
12065,57,8,65,2001
12067,21,0,21,2001
12069,3521,198,3719,2001
12071,6534,4425,10959,2001
12073,1265,738,2003,2001
12075,157,36,193,2001
12077,20,0,20,2001
12079,75,0,75,2001
12081,3214,1450,4664,2001
12083,3097,74,3171,2001
12085,947,359,1306,2001
12086,6828,7168,13996,2001
12087,230,2,232,2001
12089,708,81,789,2001
12091,1092,347,1439,2001
12093,119,3,122,2001
12095,7393,3345,10738,2001
12097,3561,1206,4767,2001
12099,7538,3237,10775,2001
12101,3976,915,4891,2001
12103,2006,2399,4405,2001
12105,3839,682,4521,2001
12107,187,125,312,2001
12109,2134,337,2471,2001
12111,2146,624,2770,2001
12113,1461,246,1707,2001
12115,3799,1185,4984,2001
12117,2225,1870,4095,2001
12119,1672,6,1678,2001
12121,143,0,143,2001
12123,72,10,82,2001
12125,29,0,29,2001
12127,3248,1268,4516,2001
12129,386,0,386,2001
12131,913,252,1165,2001
12133,93,0,93,2001
13001,5,0,5,2001
13005,4,0,4,2001
13009,116,86,202,2001
13011,115,0,115,2001
13013,948,2,950,2001
13015,1031,387,1418,2001
13017,29,4,33,2001
13019,20,2,22,2001
13021,391,140,531,2001
13023,30,0,30,2001
13025,4,0,4,2001
13027,15,0,15,2001
13029,366,0,366,2001
13031,328,302,630,2001
13033,46,4,50,2001
13035,320,0,320,2001
13037,1,0,1,2001
13039,508,60,568,2001
13043,2,0,2,2001
13045,1709,634,2343,2001
13047,431,104,535,2001
13049,18,0,18,2001
13051,986,657,1643,2001
13053,4,0,4,2001
13055,9,0,9,2001
13057,2769,842,3611,2001
13059,545,427,972,2001
13061,0,0,0,2001
13063,2534,636,3170,2001
13065,21,0,21,2001
13067,4513,1144,5657,2001
13069,142,8,150,2001
13071,8,0,8,2001
13073,1059,0,1059,2001
13075,64,0,64,2001
13077,1657,507,2164,2001
13079,145,0,145,2001
13081,45,36,81,2001
13083,6,3,9,2001
13085,380,0,380,2001
13087,79,0,79,2001
13089,4719,2856,7575,2001
13091,37,0,37,2001
13093,2,0,2,2001
13095,195,8,203,2001
13097,1102,240,1342,2001
13099,5,0,5,2001
13103,469,44,513,2001
13105,5,13,18,2001
13107,0,24,24,2001
13109,42,0,42,2001
13111,835,0,835,2001
13113,916,85,1001,2001
13115,373,78,451,2001
13117,2539,0,2539,2001
13119,25,0,25,2001
13121,4019,6836,10855,2001
13123,584,8,592,2001
13125,0,0,0,2001
13127,643,8,651,2001
13129,362,216,578,2001
13131,46,0,46,2001
13133,162,0,162,2001
13135,9646,1628,11274,2001
13137,366,41,407,2001
13139,1611,88,1699,2001
13141,52,0,52,2001
13143,130,0,130,2001
13145,300,0,300,2001
13147,11,0,11,2001
13149,67,2,69,2001
13151,3521,260,3781,2001
13153,1516,534,2050,2001
13155,0,0,0,2001
13157,762,10,772,2001
13159,175,4,179,2001
13161,1,0,1,2001
13163,31,0,31,2001
13165,0,0,0,2001
13167,1,0,1,2001
13169,219,30,249,2001
13171,89,52,141,2001
13173,18,0,18,2001
13175,39,0,39,2001
13177,294,3,297,2001
13179,197,136,333,2001
13181,40,0,40,2001
13185,486,22,508,2001
13187,310,10,320,2001
13189,54,0,54,2001
13191,93,0,93,2001
13193,21,0,21,2001
13195,155,0,155,2001
13199,178,2,180,2001
13201,2,0,2,2001
13205,57,0,57,2001
13207,143,0,143,2001
13209,46,0,46,2001
13211,116,0,116,2001
13213,214,8,222,2001
13215,506,675,1181,2001
13217,1628,108,1736,2001
13219,259,41,300,2001
13223,2446,176,2622,2001
13225,135,0,135,2001
13227,459,0,459,2001
13229,52,4,56,2001
13231,218,0,218,2001
13233,238,21,259,2001
13235,32,0,32,2001
13237,162,0,162,2001
13239,0,0,0,2001
13241,293,15,308,2001
13243,0,0,0,2001
13245,548,196,744,2001
13247,567,240,807,2001
13249,4,0,4,2001
13251,1,0,1,2001
13253,2,8,10,2001
13255,541,0,541,2001
13257,96,2,98,2001
13259,0,0,0,2001
13261,78,22,100,2001
13263,22,0,22,2001
13267,11,0,11,2001
13269,17,0,17,2001
13271,1,0,1,2001
13273,48,3,51,2001
13275,132,19,151,2001
13277,136,2,138,2001
13279,18,6,24,2001
13281,234,0,234,2001
13283,0,0,0,2001
13285,309,66,375,2001
13287,2,3,5,2001
13289,18,0,18,2001
13291,421,0,421,2001
13293,99,11,110,2001
13295,308,76,384,2001
13297,1159,264,1423,2001
13299,89,12,101,2001
13301,0,0,0,2001
13303,14,2,16,2001
13305,14,0,14,2001
13309,0,0,0,2001
13311,356,7,363,2001
13313,349,314,663,2001
13315,0,0,0,2001
13317,24,0,24,2001
13321,63,4,67,2001
15001,1249,138,1387,2001
15003,1673,302,1975,2001
15007,325,48,373,2001
15009,778,277,1055,2001
16001,3222,1059,4281,2001
16003,56,2,58,2001
16005,248,37,285,2001
16007,67,0,67,2001
16009,16,0,16,2001
16011,104,14,118,2001
16013,284,44,328,2001
16015,67,0,67,2001
16017,29,7,36,2001
16019,575,96,671,2001
16021,32,16,48,2001
16023,0,0,0,2001
16025,13,0,13,2001
16027,2183,94,2277,2001
16029,17,0,17,2001
16031,45,2,47,2001
16033,0,0,0,2001
16035,24,0,24,2001
16037,1,0,1,2001
16039,135,10,145,2001
16041,76,4,80,2001
16043,91,0,91,2001
16045,60,32,92,2001
16047,52,2,54,2001
16049,6,0,6,2001
16051,94,0,94,2001
16053,57,6,63,2001
16055,1083,261,1344,2001
16057,80,51,131,2001
16059,38,0,38,2001
16061,7,0,7,2001
16063,19,0,19,2001
16065,102,171,273,2001
16067,25,0,25,2001
16069,59,21,80,2001
16071,16,0,16,2001
16073,38,3,41,2001
16075,88,24,112,2001
16077,9,0,9,2001
16079,13,0,13,2001
16081,167,48,215,2001
16083,321,72,393,2001
16085,140,6,146,2001
16087,20,0,20,2001
17001,81,91,172,2001
17003,2,0,2,2001
17005,60,0,60,2001
17007,472,16,488,2001
17009,4,0,4,2001
17011,57,0,57,2001
17013,22,7,29,2001
17015,77,0,77,2001
17017,12,0,12,2001
17019,564,309,873,2001
17021,81,15,96,2001
17023,7,2,9,2001
17025,9,0,9,2001
17027,93,4,97,2001
17029,39,76,115,2001
17031,5339,7754,13093,2001
17033,6,0,6,2001
17035,9,2,11,2001
17037,418,282,700,2001
17039,42,15,57,2001
17041,33,2,35,2001
17043,2771,1562,4333,2001
17045,14,7,21,2001
17049,41,8,49,2001
17051,6,2,8,2001
17053,27,12,39,2001
17055,38,2,40,2001
17057,71,0,71,2001
17059,0,0,0,2001
17061,4,3,7,2001
17063,199,80,279,2001
17067,44,40,84,2001
17069,0,0,0,2001
17071,26,0,26,2001
17073,79,58,137,2001
17075,69,8,77,2001
17077,30,76,106,2001
17079,1,0,1,2001
17081,57,8,65,2001
17083,101,10,111,2001
17085,137,0,137,2001
17089,4705,1087,5792,2001
17091,405,48,453,2001
17093,751,238,989,2001
17095,74,152,226,2001
17097,3366,837,4203,2001
17099,280,72,352,2001
17101,1,0,1,2001
17103,83,37,120,2001
17105,69,0,69,2001
17107,35,3,38,2001
17109,12,92,104,2001
17111,3627,174,3801,2001
17113,990,560,1550,2001
17115,215,10,225,2001
17117,44,2,46,2001
17119,971,297,1268,2001
17121,27,17,44,2001
17123,17,28,45,2001
17125,28,2,30,2001
17127,5,0,5,2001
17129,79,0,79,2001
17131,25,0,25,2001
17133,253,14,267,2001
17135,27,8,35,2001
17137,20,2,22,2001
17139,55,0,55,2001
17141,235,2,237,2001
17143,473,12,485,2001
17147,72,4,76,2001
17149,30,0,30,2001
17151,0,0,0,2001
17153,3,0,3,2001
17155,40,2,42,2001
17157,53,6,59,2001
17159,19,42,61,2001
17161,222,10,232,2001
17163,1061,121,1182,2001
17165,0,0,0,2001
17167,727,113,840,2001
17171,0,0,0,2001
17173,48,0,48,2001
17175,10,0,10,2001
17177,83,51,134,2001
17179,383,46,429,2001
17181,48,0,48,2001
17183,58,2,60,2001
17185,12,0,12,2001
17187,24,0,24,2001
17189,58,0,58,2001
17191,4,0,4,2001
17193,1,0,1,2001
17195,117,22,139,2001
17197,7047,349,7396,2001
17199,157,2,159,2001
17201,912,521,1433,2001
17203,159,41,200,2001
18001,94,2,96,2001
18003,1817,444,2261,2001
18005,219,4,223,2001
18007,24,0,24,2001
18009,25,0,25,2001
18011,438,53,491,2001
18013,124,6,130,2001
18015,90,10,100,2001
18017,82,0,82,2001
18019,871,196,1067,2001
18021,48,0,48,2001
18023,88,12,100,2001
18025,4,0,4,2001
18027,17,0,17,2001
18029,306,33,339,2001
18031,100,34,134,2001
18033,198,0,198,2001
18035,302,34,336,2001
18037,176,0,176,2001
18039,884,170,1054,2001
18041,62,0,62,2001
18043,343,31,374,2001
18045,9,0,9,2001
18047,96,0,96,2001
18049,35,0,35,2001
18051,35,0,35,2001
18053,214,20,234,2001
18055,0,0,0,2001
18057,3714,534,4248,2001
18059,944,128,1072,2001
18061,185,2,187,2001
18063,2103,280,2383,2001
18065,136,90,226,2001
18067,335,47,382,2001
18069,150,0,150,2001
18071,154,26,180,2001
18073,241,34,275,2001
18075,68,2,70,2001
18077,156,27,183,2001
18079,192,19,211,2001
18081,1388,118,1506,2001
18083,63,20,83,2001
18085,411,64,475,2001
18087,209,2,211,2001
18089,1470,577,2047,2001
18091,406,36,442,2001
18093,34,2,36,2001
18095,359,14,373,2001
18097,5217,1310,6527,2001
18099,189,28,217,2001
18101,6,0,6,2001
18103,102,0,102,2001
18105,495,384,879,2001
18107,134,100,234,2001
18109,502,22,524,2001
18111,82,0,82,2001
18113,239,19,258,2001
18115,31,0,31,2001
18117,0,0,0,2001
18119,2,0,2,2001
18121,48,0,48,2001
18123,41,0,41,2001
18125,55,4,59,2001
18127,860,468,1328,2001
18129,93,2,95,2001
18131,56,24,80,2001
18133,151,0,151,2001
18135,57,8,65,2001
18137,146,118,264,2001
18139,52,0,52,2001
18141,780,154,934,2001
18143,116,99,215,2001
18145,144,9,153,2001
18147,125,6,131,2001
18149,104,0,104,2001
18151,247,49,296,2001
18153,21,0,21,2001
18155,124,0,124,2001
18157,835,641,1476,2001
18159,46,0,46,2001
18161,41,2,43,2001
18163,520,17,537,2001
18165,37,0,37,2001
18167,328,96,424,2001
18169,101,0,101,2001
18171,54,0,54,2001
18173,357,18,375,2001
18175,30,50,80,2001
18177,126,0,126,2001
18179,116,28,144,2001
18181,80,10,90,2001
18183,196,4,200,2001
19001,19,0,19,2001
19003,5,0,5,2001
19005,65,24,89,2001
19007,4,0,4,2001
19009,11,0,11,2001
19011,74,23,97,2001
19013,233,255,488,2001
19015,65,138,203,2001
19017,102,24,126,2001
19019,29,4,33,2001
19021,17,0,17,2001
19023,19,0,19,2001
19025,10,0,10,2001
19027,53,0,53,2001
19029,15,2,17,2001
19031,67,14,81,2001
19033,60,19,79,2001
19035,15,0,15,2001
19037,15,0,15,2001
19039,11,0,11,2001
19041,42,29,71,2001
19043,51,36,87,2001
19045,92,11,103,2001
19047,30,4,34,2001
19049,269,222,491,2001
19051,7,0,7,2001
19053,5,0,5,2001
19055,19,2,21,2001
19057,24,8,32,2001
19059,152,22,174,2001
19061,326,115,441,2001
19063,15,0,15,2001
19065,18,12,30,2001
19067,24,0,24,2001
19069,5,0,5,2001
19071,23,0,23,2001
19073,24,0,24,2001
19075,43,6,49,2001
19077,52,0,52,2001
19079,18,4,22,2001
19081,21,0,21,2001
19083,21,43,64,2001
19085,50,6,56,2001
19087,31,8,39,2001
19089,11,0,11,2001
19091,17,0,17,2001
19093,11,0,11,2001
19095,18,2,20,2001
19097,64,12,76,2001
19099,87,20,107,2001
19101,9,76,85,2001
19103,622,577,1199,2001
19105,12,4,16,2001
19107,12,0,12,2001
19109,18,5,23,2001
19111,18,4,22,2001
19113,860,701,1561,2001
19115,26,0,26,2001
19117,6,0,6,2001
19119,21,4,25,2001
19121,100,2,102,2001
19123,35,8,43,2001
19125,104,129,233,2001
19127,59,35,94,2001
19129,18,0,18,2001
19131,8,0,8,2001
19133,17,10,27,2001
19135,13,0,13,2001
19137,15,0,15,2001
19139,100,26,126,2001
19141,15,14,29,2001
19143,4,0,4,2001
19145,17,0,17,2001
19147,8,0,8,2001
19149,91,10,101,2001
19151,1,0,1,2001
19153,2282,907,3189,2001
19155,351,114,465,2001
19157,49,0,49,2001
19159,8,0,8,2001
19161,8,0,8,2001
19163,486,198,684,2001
19165,25,0,25,2001
19167,77,3,80,2001
19169,242,258,500,2001
19171,32,0,32,2001
19173,6,0,6,2001
19175,10,3,13,2001
19177,3,0,3,2001
19179,48,14,62,2001
19181,180,8,188,2001
19183,36,11,47,2001
19185,1,0,1,2001
19187,71,18,89,2001
19189,9,0,9,2001
19191,69,12,81,2001
19193,191,60,251,2001
19195,8,0,8,2001
19197,17,8,25,2001
20001,29,0,29,2001
20003,3,0,3,2001
20005,16,0,16,2001
20007,0,0,0,2001
20009,63,0,63,2001
20011,16,0,16,2001
20013,11,0,11,2001
20015,318,9,327,2001
20017,0,0,0,2001
20021,9,10,19,2001
20023,0,0,0,2001
20025,0,0,0,2001
20027,18,0,18,2001
20029,1,0,1,2001
20031,31,0,31,2001
20033,0,0,0,2001
20035,59,158,217,2001
20037,124,81,205,2001
20039,4,0,4,2001
20041,65,2,67,2001
20043,11,2,13,2001
20045,523,514,1037,2001
20047,0,0,0,2001
20051,46,12,58,2001
20053,14,0,14,2001
20055,50,12,62,2001
20057,61,54,115,2001
20059,105,30,135,2001
20061,30,16,46,2001
20063,1,0,1,2001
20065,0,0,0,2001
20067,5,0,5,2001
20069,20,0,20,2001
20071,0,0,0,2001
20073,1,0,1,2001
20075,2,0,2,2001
20077,6,0,6,2001
20079,122,90,212,2001
20081,0,0,0,2001
20085,54,4,58,2001
20087,110,0,110,2001
20089,0,0,0,2001
20091,3771,2718,6489,2001
20093,4,0,4,2001
20095,33,0,33,2001
20097,1,0,1,2001
20099,22,0,22,2001
20101,3,0,3,2001
20103,364,95,459,2001
20105,1,0,1,2001
20107,43,2,45,2001
20109,1,0,1,2001
20111,35,18,53,2001
20113,96,98,194,2001
20115,45,4,49,2001
20117,3,0,3,2001
20119,2,0,2,2001
20121,123,12,135,2001
20123,2,0,2,2001
20125,8,0,8,2001
20127,3,2,5,2001
20129,1,0,1,2001
20131,9,0,9,2001
20133,8,0,8,2001
20135,2,0,2,2001
20137,2,0,2,2001
20139,64,0,64,2001
20141,1,0,1,2001
20143,18,0,18,2001
20145,12,0,12,2001
20147,0,0,0,2001
20149,113,4,117,2001
20151,6,22,28,2001
20153,1,0,1,2001
20155,130,0,130,2001
20157,3,6,9,2001
20159,5,4,9,2001
20161,132,60,192,2001
20163,0,0,0,2001
20165,0,0,0,2001
20167,2,0,2,2001
20169,125,72,197,2001
20171,6,17,23,2001
20173,2069,178,2247,2001
20175,7,0,7,2001
20177,644,74,718,2001
20181,1,18,19,2001
20183,3,0,3,2001
20185,0,0,0,2001
20187,2,0,2,2001
20189,2,0,2,2001
20191,56,4,60,2001
20193,1,0,1,2001
20195,2,0,2,2001
20197,37,0,37,2001
20199,0,0,0,2001
20201,0,0,0,2001
20203,1,0,1,2001
20205,6,0,6,2001
20207,9,0,9,2001
20209,194,0,194,2001
21001,0,0,0,2001
21005,139,10,149,2001
21009,54,63,117,2001
21011,7,0,7,2001
21013,62,4,66,2001
21015,1454,232,1686,2001
21017,93,0,93,2001
21019,11,0,11,2001
21021,122,10,132,2001
21025,0,4,4,2001
21027,16,2,18,2001
21029,607,63,670,2001
21031,3,0,3,2001
21033,28,0,28,2001
21035,24,26,50,2001
21037,236,134,370,2001
21041,4,0,4,2001
21043,1,55,56,2001
21045,2,0,2,2001
21047,150,68,218,2001
21049,333,10,343,2001
21051,0,0,0,2001
21053,0,9,9,2001
21057,1,2,3,2001
21059,704,40,744,2001
21065,1,0,1,2001
21067,1649,109,1758,2001
21069,2,0,2,2001
21071,1,4,5,2001
21073,176,50,226,2001
21075,2,0,2,2001
21077,1,0,1,2001
21079,9,8,17,2001
21081,117,50,167,2001
21083,9,0,9,2001
21085,0,3,3,2001
21087,0,0,0,2001
21089,49,0,49,2001
21091,11,0,11,2001
21093,516,152,668,2001
21095,0,0,0,2001
21097,60,7,67,2001
21099,39,2,41,2001
21101,155,4,159,2001
21103,80,0,80,2001
21107,36,20,56,2001
21109,0,0,0,2001
21111,2978,599,3577,2001
21113,438,125,563,2001
21115,5,10,15,2001
21117,674,192,866,2001
21121,0,0,0,2001
21123,98,4,102,2001
21125,18,16,34,2001
21127,0,0,0,2001
21133,0,0,0,2001
21135,0,0,0,2001
21137,182,18,200,2001
21141,13,29,42,2001
21143,11,12,23,2001
21145,141,26,167,2001
21149,5,0,5,2001
21151,221,82,303,2001
21155,7,0,7,2001
21157,121,30,151,2001
21161,18,4,22,2001
21163,6,0,6,2001
21167,93,16,109,2001
21173,97,61,158,2001
21177,13,6,19,2001
21179,436,21,457,2001
21181,2,0,2,2001
21183,26,2,28,2001
21185,589,128,717,2001
21187,1,10,11,2001
21191,0,4,4,2001
21193,11,0,11,2001
21195,29,8,37,2001
21199,43,2,45,2001
21205,17,0,17,2001
21207,3,6,9,2001
21209,198,2,200,2001
21211,307,33,340,2001
21213,104,18,122,2001
21215,298,42,340,2001
21217,8,4,12,2001
21219,0,0,0,2001
21221,13,0,13,2001
21225,13,0,13,2001
21227,620,18,638,2001
21229,3,2,5,2001
21231,0,0,0,2001
21233,3,0,3,2001
21235,18,8,26,2001
21239,135,26,161,2001
22001,165,0,165,2001
22003,16,0,16,2001
22005,950,20,970,2001
22007,93,0,93,2001
22009,135,28,163,2001
22011,9,0,9,2001
22013,0,0,0,2001
22015,508,0,508,2001
22017,547,0,547,2001
22019,869,197,1066,2001
22021,8,0,8,2001
22023,36,0,36,2001
22025,26,0,26,2001
22027,0,0,0,2001
22029,27,78,105,2001
22031,0,0,0,2001
22033,1211,472,1683,2001
22035,0,0,0,2001
22037,2,0,2,2001
22039,108,6,114,2001
22041,33,3,36,2001
22043,0,0,0,2001
22045,146,0,146,2001
22047,71,0,71,2001
22049,1,0,1,2001
22051,715,521,1236,2001
22053,68,16,84,2001
22055,729,182,911,2001
22057,272,0,272,2001
22059,3,0,3,2001
22061,48,12,60,2001
22063,826,0,826,2001
22065,9,0,9,2001
22067,11,8,19,2001
22069,75,65,140,2001
22071,455,172,627,2001
22073,448,27,475,2001
22075,125,0,125,2001
22077,118,6,124,2001
22079,358,91,449,2001
22081,1,0,1,2001
22083,34,0,34,2001
22085,2,0,2,2001
22087,117,46,163,2001
22089,196,0,196,2001
22091,12,0,12,2001
22093,19,0,19,2001
22095,243,7,250,2001
22097,208,4,212,2001
22099,141,7,148,2001
22101,93,0,93,2001
22103,1648,193,1841,2001
22105,473,114,587,2001
22107,7,0,7,2001
22109,427,12,439,2001
22111,7,0,7,2001
22113,172,0,172,2001
22115,2,0,2,2001
22117,115,10,125,2001
22119,16,80,96,2001
22121,58,2,60,2001
22123,0,0,0,2001
22125,62,0,62,2001
22127,0,0,0,2001
23000,294,0,294,2001
23001,294,8,302,2001
23003,116,0,116,2001
23005,1373,207,1580,2001
23007,112,0,112,2001
23009,407,36,443,2001
23011,381,64,445,2001
23013,257,24,281,2001
23015,175,2,177,2001
23017,265,6,271,2001
23019,381,52,433,2001
23021,48,0,48,2001
23023,147,12,159,2001
23025,63,2,65,2001
23027,241,10,251,2001
23029,105,0,105,2001
23031,1275,138,1413,2001
24001,73,7,80,2001
24003,2013,479,2492,2001
24005,1858,1295,3153,2001
24009,886,0,886,2001
24011,176,0,176,2001
24013,1350,40,1390,2001
24015,702,238,940,2001
24017,1368,0,1368,2001
24019,117,0,117,2001
24021,1721,262,1983,2001
24023,243,43,286,2001
24025,1765,79,1844,2001
24027,1327,0,1327,2001
24029,345,2,347,2001
24031,3191,2058,5249,2001
24033,3049,0,3049,2001
24035,507,0,507,2001
24037,545,4,549,2001
24039,43,2,45,2001
24041,365,0,365,2001
24043,834,152,986,2001
24045,485,386,871,2001
24047,630,224,854,2001
24510,115,80,195,2001
25001,1500,119,1619,2001
25003,281,76,357,2001
25005,1337,158,1495,2001
25007,195,0,195,2001
25009,1088,890,1978,2001
25011,192,0,192,2001
25013,664,79,743,2001
25015,370,31,401,2001
25017,1865,667,2532,2001
25019,243,11,254,2001
25021,1077,743,1820,2001
25023,1478,172,1650,2001
25025,96,853,949,2001
25027,2644,205,2849,2001
26000,148,0,148,2001
26001,129,0,129,2001
26003,59,0,59,2001
26005,644,156,800,2001
26007,97,0,97,2001
26009,250,4,254,2001
26011,68,0,68,2001
26013,43,0,43,2001
26015,342,0,342,2001
26017,329,36,365,2001
26019,274,0,274,2001
26021,522,22,544,2001
26023,101,180,281,2001
26025,316,96,412,2001
26027,291,14,305,2001
26029,436,0,436,2001
26031,208,6,214,2001
26033,220,26,246,2001
26035,142,14,156,2001
26037,485,737,1222,2001
26039,87,0,87,2001
26041,181,88,269,2001
26043,76,0,76,2001
26045,491,62,553,2001
26047,235,170,405,2001
26049,1864,1589,3453,2001
26051,274,0,274,2001
26053,53,0,53,2001
26055,533,105,638,2001
26057,63,2,65,2001
26059,249,52,301,2001
26061,129,4,133,2001
26063,162,10,172,2001
26065,666,28,694,2001
26067,226,72,298,2001
26069,165,2,167,2001
26071,79,0,79,2001
26073,278,234,512,2001
26075,727,218,945,2001
26077,954,272,1226,2001
26079,147,0,147,2001
26081,2938,301,3239,2001
26083,25,0,25,2001
26085,113,0,113,2001
26087,461,0,461,2001
26089,252,0,252,2001
26091,538,12,550,2001
26093,1741,428,2169,2001
26095,54,0,54,2001
26097,109,0,109,2001
26099,3793,821,4614,2001
26101,52,48,100,2001
26103,187,2,189,2001
26105,144,4,148,2001
26107,247,34,281,2001
26109,124,0,124,2001
26111,251,96,347,2001
26113,79,0,79,2001
26115,678,143,821,2001
26117,206,42,248,2001
26119,97,0,97,2001
26121,816,82,898,2001
26123,249,20,269,2001
26125,4205,1030,5235,2001
26127,135,0,135,2001
26129,132,0,132,2001
26131,16,0,16,2001
26133,192,0,192,2001
26135,73,0,73,2001
26137,303,24,327,2001
26139,1598,652,2250,2001
26141,125,0,125,2001
26143,366,0,366,2001
26145,490,40,530,2001
26147,803,23,826,2001
26149,166,12,178,2001
26151,218,0,218,2001
26153,66,0,66,2001
26155,266,18,284,2001
26157,174,2,176,2001
26159,397,0,397,2001
26161,1813,292,2105,2001
26163,3006,1255,4261,2001
26165,172,42,214,2001
27001,303,0,303,2001
27003,2081,313,2394,2001
27005,205,28,233,2001
27007,75,47,122,2001
27009,344,76,420,2001
27011,11,2,13,2001
27013,313,120,433,2001
27015,64,12,76,2001
27017,222,7,229,2001
27019,849,334,1183,2001
27021,466,19,485,2001
27023,13,14,27,2001
27025,683,4,687,2001
27027,216,26,242,2001
27029,5,0,5,2001
27031,110,8,118,2001
27033,35,4,39,2001
27035,786,48,834,2001
27037,2274,897,3171,2001
27039,206,4,210,2001
27041,498,40,538,2001
27043,18,0,18,2001
27045,135,56,191,2001
27047,44,0,44,2001
27049,308,26,334,2001
27051,3,0,3,2001
27053,2730,1856,4586,2001
27055,68,0,68,2001
27057,36,8,44,2001
27059,663,144,807,2001
27061,304,22,326,2001
27063,21,2,23,2001
27065,70,30,100,2001
27067,170,14,184,2001
27069,10,0,10,2001
27071,71,2,73,2001
27073,11,0,11,2001
27075,91,0,91,2001
27077,1,0,1,2001
27079,152,80,232,2001
27081,0,0,0,2001
27083,91,32,123,2001
27085,222,16,238,2001
27087,2,8,10,2001
27089,9,4,13,2001
27091,33,8,41,2001
27093,158,18,176,2001
27095,208,25,233,2001
27097,276,66,342,2001
27099,82,160,242,2001
27101,32,2,34,2001
27103,139,36,175,2001
27105,27,16,43,2001
27107,12,0,12,2001
27109,1120,483,1603,2001
27111,103,41,144,2001
27113,25,19,44,2001
27115,93,30,123,2001
27117,13,2,15,2001
27119,87,0,87,2001
27121,180,5,185,2001
27123,566,865,1431,2001
27125,5,0,5,2001
27127,31,16,47,2001
27129,28,4,32,2001
27131,418,29,447,2001
27133,15,4,19,2001
27135,34,4,38,2001
27137,546,14,560,2001
27139,1772,234,2006,2001
27141,1027,102,1129,2001
27143,54,2,56,2001
27145,981,87,1068,2001
27147,188,0,188,2001
27149,26,0,26,2001
27151,17,10,27,2001
27153,53,2,55,2001
27155,6,0,6,2001
27157,143,24,167,2001
27159,65,0,65,2001
27161,53,0,53,2001
27163,1514,503,2017,2001
27165,17,0,17,2001
27167,17,0,17,2001
27169,189,16,205,2001
27171,1660,94,1754,2001
27173,35,0,35,2001
28001,12,0,12,2001
28003,34,3,37,2001
28005,1,0,1,2001
28007,6,0,6,2001
28009,2,0,2,2001
28011,31,0,31,2001
28013,1,0,1,2001
28017,5,0,5,2001
28019,2,0,2,2001
28021,0,0,0,2001
28023,7,0,7,2001
28025,16,0,16,2001
28027,38,0,38,2001
28029,12,0,12,2001
28031,3,0,3,2001
28033,1827,258,2085,2001
28035,114,130,244,2001
28037,0,0,0,2001
28039,3,0,3,2001
28041,1,0,1,2001
28043,23,58,81,2001
28045,426,132,558,2001
28047,983,210,1193,2001
28049,663,156,819,2001
28051,22,0,22,2001
28053,5,0,5,2001
28055,0,0,0,2001
28057,7,0,7,2001
28059,849,203,1052,2001
28061,13,4,17,2001
28063,6,0,6,2001
28065,0,0,0,2001
28067,14,0,14,2001
28069,0,0,0,2001
28071,68,144,212,2001
28073,8,0,8,2001
28075,36,0,36,2001
28077,4,0,4,2001
28079,17,0,17,2001
28081,121,0,121,2001
28083,31,0,31,2001
28085,15,0,15,2001
28087,140,0,140,2001
28089,673,0,673,2001
28091,3,0,3,2001
28093,75,0,75,2001
28095,8,0,8,2001
28097,11,74,85,2001
28099,2,0,2,2001
28101,0,7,7,2001
28103,1,0,1,2001
28105,65,241,306,2001
28107,24,0,24,2001
28109,308,9,317,2001
28111,2,0,2,2001
28113,11,0,11,2001
28115,45,11,56,2001
28117,38,0,38,2001
28119,2,0,2,2001
28121,964,196,1160,2001
28123,13,0,13,2001
28125,4,0,4,2001
28127,22,0,22,2001
28129,4,0,4,2001
28131,12,0,12,2001
28133,40,0,40,2001
28135,9,0,9,2001
28137,173,8,181,2001
28139,21,0,21,2001
28141,3,0,3,2001
28143,132,30,162,2001
28145,20,0,20,2001
28147,0,0,0,2001
28149,19,0,19,2001
28151,91,105,196,2001
28153,7,0,7,2001
28155,6,0,6,2001
28157,0,0,0,2001
28159,8,0,8,2001
28161,19,0,19,2001
28163,2,0,2,2001
29001,33,14,47,2001
29003,17,0,17,2001
29005,2,0,2,2001
29007,20,0,20,2001
29009,80,21,101,2001
29011,16,0,16,2001
29013,6,20,26,2001
29015,8,0,8,2001
29017,3,2,5,2001
29019,1049,140,1189,2001
29021,161,50,211,2001
29023,27,6,33,2001
29025,0,0,0,2001
29027,33,54,87,2001
29029,25,88,113,2001
29031,151,46,197,2001
29033,1,0,1,2001
29035,4,0,4,2001
29037,648,355,1003,2001
29039,5,24,29,2001
29041,4,0,4,2001
29043,535,90,625,2001
29045,7,0,7,2001
29047,551,27,578,2001
29049,177,8,185,2001
29051,368,168,536,2001
29053,22,10,32,2001
29055,23,6,29,2001
29057,0,0,0,2001
29061,6,0,6,2001
29063,0,0,0,2001
29065,6,0,6,2001
29067,4,0,4,2001
29069,26,53,79,2001
29071,519,116,635,2001
29073,10,0,10,2001
29075,8,0,8,2001
29077,1485,256,1741,2001
29079,20,0,20,2001
29081,4,0,4,2001
29083,27,39,66,2001
29085,0,0,0,2001
29087,6,0,6,2001
29089,3,16,19,2001
29091,45,2,47,2001
29093,2,0,2,2001
29095,3376,1822,5198,2001
29097,367,25,392,2001
29099,1403,67,1470,2001
29101,63,89,152,2001
29103,4,0,4,2001
29105,69,24,93,2001
29107,34,3,37,2001
29109,29,12,41,2001
29111,8,0,8,2001
29113,117,0,117,2001
29115,6,4,10,2001
29117,27,16,43,2001
29119,9,4,13,2001
29121,7,0,7,2001
29123,1,0,1,2001
29127,66,10,76,2001
29129,3,0,3,2001
29131,22,62,84,2001
29133,13,0,13,2001
29135,9,0,9,2001
29137,49,0,49,2001
29139,21,6,27,2001
29143,19,0,19,2001
29145,44,68,112,2001
29147,20,51,71,2001
29149,2,0,2,2001
29153,2,0,2,2001
29155,12,0,12,2001
29157,47,4,51,2001
29159,22,8,30,2001
29161,81,196,277,2001
29163,7,0,7,2001
29165,375,150,525,2001
29167,36,52,88,2001
29169,8,0,8,2001
29171,3,0,3,2001
29173,2,0,2,2001
29175,9,0,9,2001
29177,101,6,107,2001
29181,1,0,1,2001
29183,3202,647,3849,2001
29186,6,0,6,2001
29187,154,46,200,2001
29189,1868,586,2454,2001
29195,17,76,93,2001
29197,11,0,11,2001
29199,1,0,1,2001
29201,62,58,120,2001
29203,1,9,10,2001
29205,4,0,4,2001
29207,49,10,59,2001
29209,18,8,26,2001
29211,3,0,3,2001
29213,317,94,411,2001
29215,18,0,18,2001
29217,16,0,16,2001
29219,265,49,314,2001
29221,1,0,1,2001
29225,53,26,79,2001
29227,0,0,0,2001
29229,5,0,5,2001
29510,126,52,178,2001
30001,10,0,10,2001
30003,3,0,3,2001
30005,1,0,1,2001
30007,6,0,6,2001
30009,21,0,21,2001
30011,0,0,0,2001
30013,113,54,167,2001
30015,2,0,2,2001
30017,2,0,2,2001
30019,2,0,2,2001
30021,0,0,0,2001
30023,18,0,18,2001
30025,2,0,2,2001
30027,4,0,4,2001
30029,221,82,303,2001
30031,344,272,616,2001
30033,0,0,0,2001
30035,0,0,0,2001
30037,0,0,0,2001
30039,0,0,0,2001
30041,5,0,5,2001
30043,0,0,0,2001
30045,0,0,0,2001
30047,30,44,74,2001
30049,57,4,61,2001
30051,0,0,0,2001
30053,5,10,15,2001
30055,0,0,0,2001
30057,0,0,0,2001
30059,0,0,0,2001
30061,0,0,0,2001
30063,283,240,523,2001
30065,0,0,0,2001
30067,19,13,32,2001
30069,0,0,0,2001
30071,1,0,1,2001
30073,2,0,2,2001
30075,0,0,0,2001
30077,2,0,2,2001
30079,0,0,0,2001
30081,40,26,66,2001
30083,2,0,2,2001
30085,0,0,0,2001
30087,0,0,0,2001
30089,7,0,7,2001
30091,2,0,2,2001
30093,30,34,64,2001
30095,10,15,25,2001
30097,3,14,17,2001
30099,6,0,6,2001
30101,3,0,3,2001
30103,0,0,0,2001
30105,0,0,0,2001
30107,0,0,0,2001
30109,0,0,0,2001
30111,534,6,540,2001
31001,77,0,77,2001
31003,13,0,13,2001
31011,3,0,3,2001
31013,9,0,9,2001
31015,0,0,0,2001
31017,4,0,4,2001
31019,167,11,178,2001
31021,6,0,6,2001
31023,6,2,8,2001
31025,152,12,164,2001
31027,8,4,12,2001
31029,12,0,12,2001
31031,8,0,8,2001
31033,47,0,47,2001
31035,8,0,8,2001
31037,7,0,7,2001
31039,9,3,12,2001
31041,4,0,4,2001
31043,41,2,43,2001
31045,10,0,10,2001
31047,34,4,38,2001
31049,0,0,0,2001
31051,7,2,9,2001
31053,57,78,135,2001
31055,2267,521,2788,2001
31057,1,0,1,2001
31059,18,0,18,2001
31061,5,0,5,2001
31063,2,0,2,2001
31065,3,0,3,2001
31067,47,81,128,2001
31069,0,0,0,2001
31071,0,0,0,2001
31073,6,0,6,2001
31077,1,0,1,2001
31079,111,16,127,2001
31081,24,0,24,2001
31083,2,12,14,2001
31085,0,0,0,2001
31087,2,0,2,2001
31089,10,0,10,2001
31091,0,0,0,2001
31093,31,0,31,2001
31095,5,4,9,2001
31097,12,0,12,2001
31099,10,0,10,2001
31101,69,0,69,2001
31105,3,0,3,2001
31107,3,0,3,2001
31109,1411,333,1744,2001
31111,105,2,107,2001
31115,0,0,0,2001
31119,79,53,132,2001
31121,23,0,23,2001
31123,0,0,0,2001
31125,1,0,1,2001
31127,10,0,10,2001
31129,1,0,1,2001
31131,46,0,46,2001
31133,0,0,0,2001
31135,2,0,2,2001
31137,12,18,30,2001
31139,18,0,18,2001
31141,49,34,83,2001
31143,4,0,4,2001
31145,9,0,9,2001
31147,3,0,3,2001
31149,4,0,4,2001
31151,26,5,31,2001
31153,1007,333,1340,2001
31155,106,40,146,2001
31157,63,63,126,2001
31159,50,0,50,2001
31161,0,0,0,2001
31163,4,0,4,2001
31167,20,0,20,2001
31169,4,0,4,2001
31173,11,0,11,2001
31175,1,0,1,2001
31177,117,6,123,2001
31179,10,8,18,2001
31181,1,0,1,2001
31183,0,0,0,2001
31185,33,0,33,2001
32001,68,0,68,2001
32003,21871,7836,29707,2001
32005,571,51,622,2001
32007,100,24,124,2001
32013,6,0,6,2001
32015,2,0,2,2001
32017,12,0,12,2001
32019,169,59,228,2001
32021,4,0,4,2001
32023,0,0,0,2001
32027,4,0,4,2001
32029,25,3,28,2001
32031,3853,1073,4926,2001
32033,10,0,10,2001
32510,310,74,384,2001
33001,409,6,415,2001
33003,496,18,514,2001
33005,237,6,243,2001
33007,64,6,70,2001
33009,390,77,467,2001
33011,1475,403,1878,2001
33013,810,3,813,2001
33015,1395,91,1486,2001
33017,487,98,585,2001
33019,147,6,153,2001
34001,1583,102,1685,2001
34003,1010,774,1784,2001
34005,2118,66,2184,2001
34007,690,67,757,2001
34009,832,571,1403,2001
34011,250,6,256,2001
34013,494,1054,1548,2001
34015,1338,297,1635,2001
34017,68,1048,1116,2001
34019,671,14,685,2001
34021,1172,183,1355,2001
34023,1533,351,1884,2001
34025,1871,323,2194,2001
34027,1038,539,1577,2001
34029,3578,252,3830,2001
34031,423,208,631,2001
34033,180,0,180,2001
34035,1103,336,1439,2001
34037,621,187,808,2001
34039,196,355,551,2001
34041,734,31,765,2001
35000,1625,0,1625,2001
35001,4023,670,4693,2001
35005,27,0,27,2001
35009,55,25,80,2001
35013,744,250,994,2001
35015,40,0,40,2001
35025,10,0,10,2001
35027,145,10,155,2001
35028,127,0,127,2001
35029,16,0,16,2001
35031,15,0,15,2001
35035,79,0,79,2001
35039,11,0,11,2001
35041,12,4,16,2001
35043,864,12,876,2001
35045,170,0,170,2001
35049,472,65,537,2001
35053,10,0,10,2001
35055,152,0,152,2001
35061,353,3,356,2001
36001,627,328,955,2001
36003,113,39,152,2001
36005,20,2196,2216,2001
36007,184,24,208,2001
36009,152,0,152,2001
36011,165,4,169,2001
36013,240,33,273,2001
36015,144,35,179,2001
36017,80,5,85,2001
36019,245,28,273,2001
36021,241,0,241,2001
36023,49,0,49,2001
36025,138,0,138,2001
36027,890,306,1196,2001
36029,1593,660,2253,2001
36031,246,6,252,2001
36033,121,0,121,2001
36035,96,0,96,2001
36037,92,2,94,2001
36039,163,4,167,2001
36041,48,0,48,2001
36043,128,0,128,2001
36045,198,0,198,2001
36047,229,2744,2973,2001
36049,170,0,170,2001
36051,151,24,175,2001
36053,146,2,148,2001
36055,1493,515,2008,2001
36057,49,0,49,2001
36059,688,301,989,2001
36061,4,6105,6109,2001
36063,523,8,531,2001
36065,285,6,291,2001
36067,934,233,1167,2001
36069,445,52,497,2001
36071,1621,391,2012,2001
36073,56,0,56,2001
36075,267,2,269,2001
36077,139,468,607,2001
36079,346,25,371,2001
36081,142,3122,3264,2001
36083,389,6,395,2001
36085,1306,988,2294,2001
36087,282,249,531,2001
36089,247,13,260,2001
36091,1108,103,1211,2001
36093,197,47,244,2001
36095,56,48,104,2001
36097,47,0,47,2001
36099,45,4,49,2001
36101,260,41,301,2001
36103,3488,1192,4680,2001
36105,372,52,424,2001
36107,102,0,102,2001
36109,187,112,299,2001
36111,538,34,572,2001
36113,250,32,282,2001
36115,157,6,163,2001
36117,260,8,268,2001
36119,1090,938,2028,2001
36121,82,0,82,2001
36123,59,7,66,2001
37001,889,61,950,2001
37003,158,6,164,2001
37005,95,0,95,2001
37007,45,3,48,2001
37009,252,24,276,2001
37011,178,2,180,2001
37013,214,0,214,2001
37015,36,0,36,2001
37017,86,0,86,2001
37019,2010,94,2104,2001
37021,1142,1009,2151,2001
37023,296,8,304,2001
37025,1749,290,2039,2001
37027,403,0,403,2001
37029,79,0,79,2001
37031,501,59,560,2001
37033,101,0,101,2001
37035,988,573,1561,2001
37037,493,20,513,2001
37039,275,0,275,2001
37041,43,0,43,2001
37043,129,0,129,2001
37045,330,19,349,2001
37047,87,38,125,2001
37049,449,181,630,2001
37051,963,333,1296,2001
37053,406,2,408,2001
37055,949,48,997,2001
37057,803,198,1001,2001
37059,325,0,325,2001
37061,92,12,104,2001
37063,1767,1877,3644,2001
37065,194,0,194,2001
37067,1953,310,2263,2001
37069,528,2,530,2001
37071,949,190,1139,2001
37073,16,0,16,2001
37075,54,32,86,2001
37077,406,154,560,2001
37079,34,0,34,2001
37081,3594,1572,5166,2001
37083,99,2,101,2001
37085,633,84,717,2001
37087,417,68,485,2001
37089,708,263,971,2001
37091,26,0,26,2001
37093,318,0,318,2001
37095,17,0,17,2001
37097,1351,478,1829,2001
37099,428,16,444,2001
37101,1709,105,1814,2001
37103,6,0,6,2001
37105,244,0,244,2001
37107,150,10,160,2001
37109,619,216,835,2001
37111,123,11,134,2001
37113,390,0,390,2001
37115,134,0,134,2001
37117,54,0,54,2001
37119,8345,4292,12637,2001
37121,46,2,48,2001
37123,121,0,121,2001
37125,601,36,637,2001
37127,476,137,613,2001
37129,1545,914,2459,2001
37131,55,7,62,2001
37133,787,380,1167,2001
37135,1114,318,1432,2001
37137,51,0,51,2001
37139,144,0,144,2001
37141,318,12,330,2001
37143,66,0,66,2001
37145,176,11,187,2001
37147,763,1075,1838,2001
37149,152,40,192,2001
37151,704,78,782,2001
37153,286,0,286,2001
37155,232,30,262,2001
37157,318,127,445,2001
37159,645,103,748,2001
37161,293,14,307,2001
37163,157,0,157,2001
37165,60,55,115,2001
37167,278,70,348,2001
37169,154,2,156,2001
37171,213,8,221,2001
37173,103,13,116,2001
37175,255,0,255,2001
37177,8,0,8,2001
37179,2471,22,2493,2001
37181,115,0,115,2001
37183,8444,2994,11438,2001
37185,99,0,99,2001
37187,9,0,9,2001
37189,408,63,471,2001
37191,421,0,421,2001
37193,183,8,191,2001
37195,380,152,532,2001
37197,115,6,121,2001
37199,81,12,93,2001
38001,1,0,1,2001
38003,9,16,25,2001
38005,0,0,0,2001
38007,2,0,2,2001
38009,0,12,12,2001
38011,4,0,4,2001
38013,2,0,2,2001
38015,397,271,668,2001
38017,602,685,1287,2001
38019,2,2,4,2001
38021,0,0,0,2001
38023,0,0,0,2001
38025,4,0,4,2001
38027,1,2,3,2001
38029,10,0,10,2001
38031,4,0,4,2001
38033,3,0,3,2001
38035,77,38,115,2001
38037,2,0,2,2001
38039,0,0,0,2001
38041,2,0,2,2001
38043,5,0,5,2001
38045,4,0,4,2001
38047,0,0,0,2001
38049,5,0,5,2001
38051,1,0,1,2001
38053,0,0,0,2001
38055,20,0,20,2001
38057,15,0,15,2001
38059,81,20,101,2001
38061,9,0,9,2001
38063,1,16,17,2001
38065,1,0,1,2001
38067,4,0,4,2001
38069,2,0,2,2001
38071,5,6,11,2001
38073,8,39,47,2001
38075,1,0,1,2001
38077,21,24,45,2001
38079,1,0,1,2001
38081,7,0,7,2001
38083,0,0,0,2001
38085,0,0,0,2001
38087,0,0,0,2001
38089,45,12,57,2001
38091,0,0,0,2001
38093,20,0,20,2001
38095,0,0,0,2001
38097,4,2,6,2001
38099,4,2,6,2001
38101,75,58,133,2001
38103,0,0,0,2001
38105,25,0,25,2001
39001,2,0,2,2001
39003,192,28,220,2001
39005,162,0,162,2001
39007,412,0,412,2001
39009,24,11,35,2001
39011,139,0,139,2001
39013,15,0,15,2001
39015,92,2,94,2001
39017,2080,223,2303,2001
39019,16,0,16,2001
39021,162,0,162,2001
39023,271,4,275,2001
39025,1334,317,1651,2001
39027,182,11,193,2001
39029,89,66,155,2001
39031,7,0,7,2001
39033,82,122,204,2001
39035,1810,385,2195,2001
39037,153,22,175,2001
39039,114,10,124,2001
39041,2647,324,2971,2001
39043,198,50,248,2001
39045,796,18,814,2001
39047,93,2,95,2001
39049,5190,4567,9757,2001
39051,113,28,141,2001
39053,5,0,5,2001
39055,479,4,483,2001
39057,649,298,947,2001
39059,83,0,83,2001
39061,1018,624,1642,2001
39063,198,58,256,2001
39065,45,0,45,2001
39067,0,0,0,2001
39069,83,0,83,2001
39071,37,7,44,2001
39073,13,6,19,2001
39075,10,5,15,2001
39077,165,26,191,2001
39079,130,4,134,2001
39081,34,77,111,2001
39083,321,4,325,2001
39085,773,125,898,2001
39087,12,101,113,2001
39089,1038,202,1240,2001
39091,250,0,250,2001
39093,1528,103,1631,2001
39095,1349,403,1752,2001
39097,182,2,184,2001
39099,583,41,624,2001
39101,147,0,147,2001
39103,1495,56,1551,2001
39105,13,4,17,2001
39107,103,18,121,2001
39109,277,0,277,2001
39111,5,0,5,2001
39113,1185,208,1393,2001
39115,2,0,2,2001
39117,74,0,74,2001
39119,25,82,107,2001
39121,33,0,33,2001
39123,228,17,245,2001
39125,72,2,74,2001
39127,25,28,53,2001
39129,161,32,193,2001
39131,20,2,22,2001
39133,714,13,727,2001
39135,159,7,166,2001
39137,71,6,77,2001
39139,366,124,490,2001
39141,43,21,64,2001
39143,169,26,195,2001
39145,5,51,56,2001
39147,187,2,189,2001
39149,196,20,216,2001
39151,994,122,1116,2001
39153,1797,706,2503,2001
39155,341,80,421,2001
39157,159,26,185,2001
39159,497,0,497,2001
39161,70,2,72,2001
39163,0,0,0,2001
39165,2649,636,3285,2001
39167,23,0,23,2001
39169,406,245,651,2001
39171,131,37,168,2001
39173,514,309,823,2001
39175,75,4,79,2001
40001,4,3,7,2001
40003,1,0,1,2001
40005,0,0,0,2001
40007,0,0,0,2001
40009,29,0,29,2001
40011,0,0,0,2001
40013,37,8,45,2001
40015,3,0,3,2001
40017,303,4,307,2001
40019,79,6,85,2001
40021,31,25,56,2001
40023,19,0,19,2001
40025,0,0,0,2001
40027,877,336,1213,2001
40029,0,0,0,2001
40031,132,10,142,2001
40033,1,0,1,2001
40035,4,0,4,2001
40037,95,64,159,2001
40039,16,10,26,2001
40041,56,40,96,2001
40043,0,0,0,2001
40045,2,8,10,2001
40047,49,106,155,2001
40049,10,0,10,2001
40051,78,24,102,2001
40053,1,0,1,2001
40055,1,0,1,2001
40059,1,0,1,2001
40061,5,0,5,2001
40063,10,0,10,2001
40065,9,0,9,2001
40067,1,0,1,2001
40069,8,0,8,2001
40071,48,0,48,2001
40073,21,24,45,2001
40075,0,0,0,2001
40077,7,0,7,2001
40079,70,0,70,2001
40081,16,0,16,2001
40083,16,3,19,2001
40085,2,0,2,2001
40087,127,16,143,2001
40089,24,4,28,2001
40091,8,0,8,2001
40093,2,0,2,2001
40095,1,2,3,2001
40097,18,150,168,2001
40099,9,0,9,2001
40101,64,190,254,2001
40103,10,0,10,2001
40105,2,0,2,2001
40107,17,0,17,2001
40109,3302,866,4168,2001
40111,29,0,29,2001
40113,54,4,58,2001
40115,16,9,25,2001
40117,1,0,1,2001
40119,139,57,196,2001
40121,45,12,57,2001
40123,19,12,31,2001
40125,107,0,107,2001
40127,3,0,3,2001
40129,0,0,0,2001
40131,382,10,392,2001
40133,41,0,41,2001
40135,66,56,122,2001
40137,48,0,48,2001
40139,6,85,91,2001
40141,0,0,0,2001
40143,2686,387,3073,2001
40145,479,5,484,2001
40147,32,30,62,2001
40149,5,0,5,2001
40151,4,0,4,2001
40153,5,0,5,2001
41000,173,90,263,2001
41001,36,0,36,2001
41003,310,485,795,2001
41005,1742,343,2085,2001
41007,139,2,141,2001
41009,282,19,301,2001
41011,26,2,28,2001
41013,201,5,206,2001
41015,92,47,139,2001
41017,2063,265,2328,2001
41019,311,94,405,2001
41021,0,0,0,2001
41025,8,0,8,2001
41027,109,17,126,2001
41029,1289,313,1602,2001
41031,176,0,176,2001
41033,396,15,411,2001
41035,161,54,215,2001
41037,21,0,21,2001
41039,1207,178,1385,2001
41041,164,15,179,2001
41043,430,129,559,2001
41045,42,0,42,2001
41047,1093,477,1570,2001
41051,1688,1208,2896,2001
41053,148,72,220,2001
41055,2,0,2,2001
41057,174,100,274,2001
41059,134,34,168,2001
41061,30,0,30,2001
41065,27,0,27,2001
41067,3205,870,4075,2001
41069,1,0,1,2001
41071,443,165,608,2001
42001,576,0,576,2001
42003,1708,1203,2911,2001
42005,108,45,153,2001
42007,363,61,424,2001
42009,153,4,157,2001
42011,1691,340,2031,2001
42013,227,28,255,2001
42015,160,2,162,2001
42017,1878,293,2171,2001
42019,930,303,1233,2001
42021,194,11,205,2001
42023,15,0,15,2001
42025,230,32,262,2001
42027,734,44,778,2001
42029,2820,80,2900,2001
42031,123,0,123,2001
42033,218,0,218,2001
42035,153,19,172,2001
42037,168,10,178,2001
42039,219,5,224,2001
42041,1009,84,1093,2001
42043,694,159,853,2001
42045,733,834,1567,2001
42047,80,0,80,2001
42049,600,115,715,2001
42051,248,6,254,2001
42053,81,2,83,2001
42055,544,140,684,2001
42057,65,0,65,2001
42059,77,24,101,2001
42061,172,0,172,2001
42063,152,52,204,2001
42065,118,0,118,2001
42067,78,0,78,2001
42069,355,72,427,2001
42071,1871,396,2267,2001
42073,220,14,234,2001
42075,598,11,609,2001
42077,1214,238,1452,2001
42079,618,33,651,2001
42081,326,62,388,2001
42083,72,4,76,2001
42085,283,2,285,2001
42087,116,4,120,2001
42089,1510,12,1522,2001
42091,2644,230,2874,2001
42093,62,0,62,2001
42095,1335,325,1660,2001
42097,192,0,192,2001
42099,140,8,148,2001
42101,104,668,772,2001
42103,514,7,521,2001
42105,80,14,94,2001
42107,273,58,331,2001
42109,132,4,136,2001
42111,203,31,234,2001
42113,27,0,27,2001
42115,140,0,140,2001
42117,143,21,164,2001
42119,100,6,106,2001
42121,125,0,125,2001
42123,102,0,102,2001
42125,664,227,891,2001
42127,270,8,278,2001
42129,915,100,1015,2001
42131,100,0,100,2001
42133,2036,149,2185,2001
44001,93,0,93,2001
44003,388,87,475,2001
44005,258,6,264,2001
44007,782,100,882,2001
44009,664,29,693,2001
45001,102,0,102,2001
45003,831,4,835,2001
45005,2,0,2,2001
45007,995,122,1117,2001
45009,27,0,27,2001
45011,30,0,30,2001
45013,1808,287,2095,2001
45015,720,0,720,2001
45017,84,0,84,2001
45019,2415,737,3152,2001
45021,142,0,142,2001
45023,111,0,111,2001
45025,90,22,112,2001
45027,114,0,114,2001
45029,82,8,90,2001
45031,167,0,167,2001
45033,49,0,49,2001
45035,781,31,812,2001
45037,84,0,84,2001
45039,74,0,74,2001
45041,59,6,65,2001
45043,478,51,529,2001
45045,3088,171,3259,2001
45047,179,66,245,2001
45049,29,0,29,2001
45051,2030,2238,4268,2001
45053,82,0,82,2001
45055,282,120,402,2001
45057,354,6,360,2001
45059,167,6,173,2001
45061,25,0,25,2001
45063,1384,250,1634,2001
45065,66,0,66,2001
45067,36,45,81,2001
45069,25,0,25,2001
45071,166,0,166,2001
45073,490,0,490,2001
45075,212,173,385,2001
45077,619,176,795,2001
45079,2463,95,2558,2001
45081,52,0,52,2001
45083,1396,176,1572,2001
45085,293,65,358,2001
45087,40,0,40,2001
45089,58,20,78,2001
45091,2053,475,2528,2001
46003,0,0,0,2001
46005,20,8,28,2001
46007,0,0,0,2001
46009,0,4,4,2001
46011,86,34,120,2001
46013,68,16,84,2001
46015,13,0,13,2001
46019,16,0,16,2001
46021,1,0,1,2001
46023,7,0,7,2001
46025,7,5,12,2001
46027,31,30,61,2001
46029,96,8,104,2001
46031,0,0,0,2001
46033,61,0,61,2001
46035,63,79,142,2001
46037,26,0,26,2001
46039,19,0,19,2001
46041,0,0,0,2001
46043,2,0,2,2001
46045,3,0,3,2001
46047,2,20,22,2001
46049,4,0,4,2001
46051,23,0,23,2001
46053,1,0,1,2001
46055,1,0,1,2001
46057,21,0,21,2001
46059,3,0,3,2001
46063,1,0,1,2001
46065,68,0,68,2001
46067,14,4,18,2001
46069,0,0,0,2001
46071,0,0,0,2001
46073,1,0,1,2001
46075,2,0,2,2001
46077,24,4,28,2001
46079,49,0,49,2001
46081,133,0,133,2001
46083,169,26,195,2001
46085,5,0,5,2001
46087,28,0,28,2001
46089,6,0,6,2001
46091,14,0,14,2001
46093,168,0,168,2001
46095,0,0,0,2001
46097,7,0,7,2001
46099,1436,698,2134,2001
46101,4,0,4,2001
46103,474,39,513,2001
46105,0,0,0,2001
46107,12,0,12,2001
46109,27,0,27,2001
46111,4,0,4,2001
46115,3,6,9,2001
46117,21,0,21,2001
46119,6,0,6,2001
46121,0,0,0,2001
46123,1,0,1,2001
46125,28,10,38,2001
46127,112,6,118,2001
46129,3,0,3,2001
46135,31,34,65,2001
47001,220,0,220,2001
47003,47,147,194,2001
47005,4,0,4,2001
47009,188,17,205,2001
47011,441,63,504,2001
47013,48,32,80,2001
47015,14,0,14,2001
47017,27,0,27,2001
47019,29,8,37,2001
47021,202,74,276,2001
47023,34,0,34,2001
47025,248,0,248,2001
47029,0,0,0,2001
47031,79,30,109,2001
47033,13,0,13,2001
47035,35,80,115,2001
47037,3005,547,3552,2001
47039,7,8,15,2001
47041,9,0,9,2001
47043,309,98,407,2001
47045,114,6,120,2001
47047,156,2,158,2001
47049,0,4,4,2001
47051,235,12,247,2001
47053,136,30,166,2001
47055,17,88,105,2001
47057,0,0,0,2001
47059,259,20,279,2001
47063,192,100,292,2001
47065,1292,447,1739,2001
47067,2,0,2,2001
47069,88,0,88,2001
47071,40,0,40,2001
47073,80,6,86,2001
47075,26,34,60,2001
47077,25,0,25,2001
47079,38,0,38,2001
47081,4,0,4,2001
47083,2,0,2,2001
47085,25,0,25,2001
47087,0,0,0,2001
47089,300,0,300,2001
47091,33,60,93,2001
47093,2336,565,2901,2001
47095,2,0,2,2001
47097,92,14,106,2001
47099,5,0,5,2001
47101,10,0,10,2001
47103,3,8,11,2001
47105,224,12,236,2001
47107,45,0,45,2001
47109,26,0,26,2001
47111,5,17,22,2001
47113,545,218,763,2001
47115,200,0,200,2001
47117,177,152,329,2001
47119,916,14,930,2001
47121,8,0,8,2001
47123,133,0,133,2001
47125,1055,480,1535,2001
47127,47,0,47,2001
47129,0,0,0,2001
47131,48,0,48,2001
47133,3,7,10,2001
47135,0,0,0,2001
47139,0,0,0,2001
47141,94,17,111,2001
47143,133,0,133,2001
47145,32,0,32,2001
47147,652,25,677,2001
47149,2895,532,3427,2001
47151,0,0,0,2001
47153,13,0,13,2001
47155,253,202,455,2001
47157,3450,1310,4760,2001
47159,73,0,73,2001
47161,3,0,3,2001
47163,600,11,611,2001
47165,1011,389,1400,2001
47167,499,4,503,2001
47169,20,0,20,2001
47171,11,2,13,2001
47173,126,0,126,2001
47177,31,0,31,2001
47179,231,115,346,2001
47181,2,24,26,2001
47183,79,62,141,2001
47185,11,0,11,2001
47187,1343,4,1347,2001
47189,804,48,852,2001
48001,24,76,100,2001
48003,11,0,11,2001
48005,144,9,153,2001
48007,8,0,8,2001
48009,3,0,3,2001
48011,2,0,2,2001
48013,43,6,49,2001
48015,34,4,38,2001
48017,1,0,1,2001
48019,2,0,2,2001
48021,146,2,148,2001
48023,0,0,0,2001
48025,5,16,21,2001
48027,1515,688,2203,2001
48029,7462,3457,10919,2001
48031,20,0,20,2001
48035,8,0,8,2001
48037,115,4,119,2001
48039,2405,0,2405,2001
48041,816,591,1407,2001
48043,35,0,35,2001
48047,2,0,2,2001
48049,13,8,21,2001
48051,20,0,20,2001
48053,432,39,471,2001
48055,145,72,217,2001
48057,77,3,80,2001
48059,4,0,4,2001
48061,2713,381,3094,2001
48063,2,0,2,2001
48065,10,0,10,2001
48067,21,0,21,2001
48069,0,0,0,2001
48071,326,0,326,2001
48073,76,0,76,2001
48075,0,0,0,2001
48077,7,0,7,2001
48079,0,0,0,2001
48081,4,0,4,2001
48083,4,6,10,2001
48085,9657,1761,11418,2001
48087,0,0,0,2001
48089,9,0,9,2001
48091,1172,32,1204,2001
48093,1,0,1,2001
48097,48,16,64,2001
48099,77,24,101,2001
48101,0,0,0,2001
48103,0,0,0,2001
48107,0,0,0,2001
48109,9,0,9,2001
48111,4,2,6,2001
48113,8334,5505,13839,2001
48115,4,0,4,2001
48117,1,0,1,2001
48119,2,0,2,2001
48121,5430,1734,7164,2001
48123,12,30,42,2001
48127,13,12,25,2001
48129,12,0,12,2001
48133,0,0,0,2001
48135,99,2,101,2001
48139,628,582,1210,2001
48141,3317,121,3438,2001
48143,22,0,22,2001
48145,9,0,9,2001
48147,38,2,40,2001
48149,10,0,10,2001
48151,0,0,0,2001
48153,2,0,2,2001
48155,0,0,0,2001
48157,936,412,1348,2001
48159,2,0,2,2001
48161,24,24,48,2001
48163,12,0,12,2001
48165,10,0,10,2001
48167,2441,113,2554,2001
48169,7,0,7,2001
48171,86,0,86,2001
48177,4,0,4,2001
48179,1,20,21,2001
48181,247,22,269,2001
48183,227,20,247,2001
48185,10,0,10,2001
48187,483,0,483,2001
48189,18,0,18,2001
48191,0,0,0,2001
48193,3,0,3,2001
48195,0,0,0,2001
48197,0,0,0,2001
48199,16,0,16,2001
48201,20122,6297,26419,2001
48203,38,0,38,2001
48207,0,0,0,2001
48209,746,507,1253,2001
48211,0,0,0,2001
48213,94,8,102,2001
48215,5626,1279,6905,2001
48217,22,0,22,2001
48219,20,0,20,2001
48221,20,0,20,2001
48223,58,0,58,2001
48225,6,0,6,2001
48227,3,0,3,2001
48231,57,0,57,2001
48233,1,0,1,2001
48237,3,0,3,2001
48239,16,0,16,2001
48241,5,0,5,2001
48245,624,290,914,2001
48249,23,4,27,2001
48251,618,4,622,2001
48253,2,0,2,2001
48255,3,0,3,2001
48257,233,199,432,2001
48259,313,36,349,2001
48265,74,31,105,2001
48267,1,0,1,2001
48271,2,0,2,2001
48273,11,0,11,2001
48277,96,10,106,2001
48279,4,0,4,2001
48281,21,0,21,2001
48283,0,0,0,2001
48285,7,4,11,2001
48287,10,0,10,2001
48291,212,0,212,2001
48293,24,0,24,2001
48295,0,0,0,2001
48297,1,0,1,2001
48299,210,160,370,2001
48303,983,747,1730,2001
48305,0,0,0,2001
48307,5,2,7,2001
48309,561,397,958,2001
48313,12,0,12,2001
48315,1,0,1,2001
48317,8,0,8,2001
48319,11,0,11,2001
48321,92,0,92,2001
48323,180,22,202,2001
48325,33,0,33,2001
48329,154,0,154,2001
48331,7,0,7,2001
48335,0,0,0,2001
48337,9,0,9,2001
48339,3997,120,4117,2001
48341,12,0,12,2001
48343,4,0,4,2001
48345,0,0,0,2001
48347,86,145,231,2001
48349,31,4,35,2001
48351,0,0,0,2001
48353,5,0,5,2001
48355,945,139,1084,2001
48357,6,32,38,2001
48359,1,0,1,2001
48361,170,5,175,2001
48363,5,0,5,2001
48365,7,0,7,2001
48367,321,8,329,2001
48369,3,3,6,2001
48371,5,0,5,2001
48373,14,4,18,2001
48375,535,436,971,2001
48377,63,0,63,2001
48379,11,0,11,2001
48381,30,0,30,2001
48383,3,0,3,2001
48385,9,0,9,2001
48387,12,0,12,2001
48389,1,0,1,2001
48391,4,0,4,2001
48395,20,0,20,2001
48397,1267,0,1267,2001
48399,4,0,4,2001
48401,19,0,19,2001
48403,0,0,0,2001
48405,1,0,1,2001
48407,6,0,6,2001
48409,203,2,205,2001
48411,19,0,19,2001
48413,3,0,3,2001
48415,1,0,1,2001
48419,2,0,2,2001
48421,14,2,16,2001
48423,463,74,537,2001
48425,11,8,19,2001
48427,0,0,0,2001
48429,0,0,0,2001
48435,0,0,0,2001
48437,0,0,0,2001
48439,11210,2189,13399,2001
48441,172,412,584,2001
48445,1,0,1,2001
48449,33,0,33,2001
48451,247,2,249,2001
48453,4452,6299,10751,2001
48455,0,0,0,2001
48457,1,0,1,2001
48459,24,0,24,2001
48461,0,0,0,2001
48463,25,0,25,2001
48465,118,15,133,2001
48467,39,0,39,2001
48469,144,0,144,2001
48471,109,217,326,2001
48473,17,171,188,2001
48475,2,0,2,2001
48477,38,0,38,2001
48479,1477,282,1759,2001
48481,23,0,23,2001
48483,0,0,0,2001
48485,229,146,375,2001
48487,5,0,5,2001
48489,49,0,49,2001
48491,3685,1819,5504,2001
48493,21,76,97,2001
48495,3,0,3,2001
48497,87,0,87,2001
48499,27,0,27,2001
48501,6,0,6,2001
48503,3,24,27,2001
48507,5,0,5,2001
49001,23,0,23,2001
49003,259,0,259,2001
49005,482,316,798,2001
49007,31,24,55,2001
49009,16,0,16,2001
49011,2099,294,2393,2001
49013,81,0,81,2001
49015,33,0,33,2001
49017,68,0,68,2001
49019,66,15,81,2001
49021,226,111,337,2001
49023,84,0,84,2001
49025,100,2,102,2001
49027,43,0,43,2001
49029,57,2,59,2001
49031,6,0,6,2001
49033,81,6,87,2001
49035,3704,1719,5423,2001
49037,20,0,20,2001
49039,72,0,72,2001
49041,80,6,86,2001
49043,421,238,659,2001
49045,591,0,591,2001
49047,106,16,122,2001
49049,3082,747,3829,2001
49051,278,9,287,2001
49053,1626,196,1822,2001
49055,32,0,32,2001
49057,1290,373,1663,2001
50001,166,2,168,2001
50003,153,22,175,2001
50005,131,8,139,2001
50007,521,256,777,2001
50009,17,0,17,2001
50011,196,13,209,2001
50013,42,0,42,2001
50015,175,11,186,2001
50017,70,0,70,2001
50019,77,4,81,2001
50021,114,0,114,2001
50023,250,4,254,2001
50025,228,8,236,2001
50027,209,70,279,2001
51001,174,22,196,2001
51003,465,358,823,2001
51005,29,0,29,2001
51007,53,0,53,2001
51009,109,18,127,2001
51011,60,0,60,2001
51013,171,749,920,2001
51015,447,30,477,2001
51017,35,0,35,2001
51019,433,20,453,2001
51021,47,0,47,2001
51023,185,10,195,2001
51025,46,0,46,2001
51027,18,4,22,2001
51029,50,0,50,2001
51031,235,64,299,2001
51033,168,2,170,2001
51035,139,10,149,2001
51036,42,0,42,2001
51037,90,0,90,2001
51041,2568,373,2941,2001
51043,139,0,139,2001
51045,31,0,31,2001
51047,422,8,430,2001
51049,49,0,49,2001
51051,15,0,15,2001
51053,192,0,192,2001
51057,57,62,119,2001
51059,3498,2623,6121,2001
51061,727,112,839,2001
51063,105,0,105,2001
51065,434,2,436,2001
51067,468,0,468,2001
51069,631,0,631,2001
51071,57,2,59,2001
51073,215,0,215,2001
51075,246,0,246,2001
51077,126,0,126,2001
51079,211,0,211,2001
51081,29,0,29,2001
51083,92,0,92,2001
51085,902,0,902,2001
51087,1638,1042,2680,2001
51089,88,11,99,2001
51091,17,0,17,2001
51093,271,0,271,2001
51095,745,180,925,2001
51097,33,0,33,2001
51099,208,0,208,2001
51101,106,0,106,2001
51103,60,2,62,2001
51105,52,2,54,2001
51107,3436,1317,4753,2001
51109,333,0,333,2001
51111,25,0,25,2001
51113,106,0,106,2001
51115,51,0,51,2001
51117,154,0,154,2001
51119,102,0,102,2001
51121,358,53,411,2001
51125,116,0,116,2001
51127,192,0,192,2001
51131,50,8,58,2001
51133,150,0,150,2001
51135,60,0,60,2001
51137,283,0,283,2001
51139,97,8,105,2001
51141,102,0,102,2001
51143,260,14,274,2001
51145,260,2,262,2001
51147,270,47,317,2001
51149,202,0,202,2001
51153,3950,351,4301,2001
51155,129,6,135,2001
51157,69,0,69,2001
51159,28,7,35,2001
51161,440,164,604,2001
51163,203,18,221,2001
51165,401,27,428,2001
51167,64,0,64,2001
51169,71,0,71,2001
51171,275,62,337,2001
51173,66,8,74,2001
51175,65,0,65,2001
51177,1903,250,2153,2001
51179,1468,74,1542,2001
51181,47,0,47,2001
51183,14,0,14,2001
51185,71,2,73,2001
51187,286,0,286,2001
51191,230,9,239,2001
51193,137,0,137,2001
51195,57,0,57,2001
51197,73,10,83,2001
51199,430,101,531,2001
51510,401,928,1329,2001
51515,11,0,11,2001
51520,32,17,49,2001
51530,27,4,31,2001
51540,47,30,77,2001
51550,952,402,1354,2001
51560,0,0,0,2001
51570,58,88,146,2001
51580,17,0,17,2001
51590,32,0,32,2001
51595,7,65,72,2001
51600,95,96,191,2001
51610,2,0,2,2001
51620,21,32,53,2001
51630,72,0,72,2001
51640,8,2,10,2001
51650,348,0,348,2001
51660,145,26,171,2001
51670,56,2,58,2001
51678,7,0,7,2001
51680,202,84,286,2001
51683,155,0,155,2001
51685,30,0,30,2001
51690,15,0,15,2001
51700,481,114,595,2001
51710,227,181,408,2001
51720,3,3,6,2001
51730,16,0,16,2001
51735,50,0,50,2001
51740,194,30,224,2001
51750,16,0,16,2001
51760,179,104,283,2001
51770,238,80,318,2001
51775,57,0,57,2001
51790,64,6,70,2001
51800,1003,334,1337,2001
51810,1636,203,1839,2001
51820,72,24,96,2001
51830,80,80,160,2001
51840,113,0,113,2001
53001,31,0,31,2001
53003,42,10,52,2001
53005,930,164,1094,2001
53007,251,8,259,2001
53009,329,15,344,2001
53011,3294,580,3874,2001
53013,4,0,4,2001
53015,288,123,411,2001
53017,139,57,196,2001
53019,31,0,31,2001
53021,451,0,451,2001
53023,0,0,0,2001
53025,183,4,187,2001
53027,207,11,218,2001
53029,518,67,585,2001
53031,230,9,239,2001
53033,4352,5615,9967,2001
53035,1126,12,1138,2001
53037,281,40,321,2001
53039,92,4,96,2001
53041,166,8,174,2001
53043,28,0,28,2001
53045,373,20,393,2001
53047,167,15,182,2001
53049,50,4,54,2001
53051,46,0,46,2001
53053,4107,1627,5734,2001
53055,171,0,171,2001
53057,505,214,719,2001
53059,35,0,35,2001
53061,3787,1609,5396,2001
53063,1475,748,2223,2001
53065,145,0,145,2001
53067,1433,46,1479,2001
53069,9,0,9,2001
53071,157,10,167,2001
53073,981,463,1444,2001
53075,69,37,106,2001
53077,303,151,454,2001
54001,11,0,11,2001
54003,1029,39,1068,2001
54005,23,0,23,2001
54007,1,0,1,2001
54009,14,8,22,2001
54011,41,20,61,2001
54015,19,0,19,2001
54019,135,4,139,2001
54021,0,0,0,2001
54023,9,15,24,2001
54025,162,0,162,2001
54027,127,4,131,2001
54029,45,6,51,2001
54031,98,0,98,2001
54033,87,61,148,2001
54035,48,0,48,2001
54037,467,67,534,2001
54039,81,0,81,2001
54041,0,0,0,2001
54043,41,16,57,2001
54045,3,7,10,2001
54047,15,0,15,2001
54049,16,0,16,2001
54051,5,0,5,2001
54053,4,0,4,2001
54055,17,0,17,2001
54057,71,0,71,2001
54059,7,0,7,2001
54061,35,57,92,2001
54063,1,0,1,2001
54065,159,0,159,2001
54067,7,42,49,2001
54069,16,0,16,2001
54071,39,0,39,2001
54073,8,0,8,2001
54075,0,0,0,2001
54077,3,0,3,2001
54079,196,8,204,2001
54081,101,0,101,2001
54083,10,13,23,2001
54085,2,0,2,2001
54087,0,0,0,2001
54089,12,0,12,2001
54091,3,0,3,2001
54093,9,0,9,2001
54095,1,0,1,2001
54097,56,0,56,2001
54099,62,0,62,2001
54101,0,0,0,2001
54103,7,0,7,2001
54105,0,0,0,2001
54107,178,99,277,2001
54109,0,0,0,2001
55001,195,18,213,2001
55003,59,2,61,2001
55005,285,48,333,2001
55007,143,2,145,2001
55009,1205,969,2174,2001
55011,73,18,91,2001
55013,251,0,251,2001
55015,452,26,478,2001
55017,451,202,653,2001
55019,98,14,112,2001
55021,291,137,428,2001
55023,45,2,47,2001
55025,2317,2508,4825,2001
55027,308,40,348,2001
55029,336,176,512,2001
55031,213,10,223,2001
55033,207,105,312,2001
55035,413,356,769,2001
55037,0,0,0,2001
55039,328,237,565,2001
55041,101,0,101,2001
55043,127,12,139,2001
55045,195,2,197,2001
55047,84,10,94,2001
55049,164,82,246,2001
55051,67,0,67,2001
55053,97,6,103,2001
55055,388,176,564,2001
55057,183,48,231,2001
55059,732,321,1053,2001
55061,104,4,108,2001
55063,433,145,578,2001
55065,55,15,70,2001
55067,154,12,166,2001
55069,203,10,213,2001
55071,344,280,624,2001
55073,829,244,1073,2001
55075,273,0,273,2001
55077,102,24,126,2001
55078,15,0,15,2001
55079,671,853,1524,2001
55081,184,49,233,2001
55083,419,16,435,2001
55085,427,48,475,2001
55087,851,849,1700,2001
55089,335,402,737,2001
55091,30,34,64,2001
55093,313,60,373,2001
55095,425,20,445,2001
55097,286,85,371,2001
55099,162,10,172,2001
55101,578,220,798,2001
55103,63,0,63,2001
55105,496,340,836,2001
55107,104,24,128,2001
55109,1004,437,1441,2001
55111,376,187,563,2001
55113,254,2,256,2001
55115,232,16,248,2001
55117,386,239,625,2001
55119,66,0,66,2001
55121,118,22,140,2001
55123,72,44,116,2001
55125,310,5,315,2001
55127,634,155,789,2001
55129,227,4,231,2001
55131,736,154,890,2001
55133,1822,906,2728,2001
55135,373,154,527,2001
55137,221,82,303,2001
55139,711,590,1301,2001
55141,240,112,352,2001
56001,135,148,283,2001
56003,7,0,7,2001
56005,105,0,105,2001
56007,37,0,37,2001
56009,5,8,13,2001
56011,13,15,28,2001
56013,55,52,107,2001
56015,4,0,4,2001
56017,1,0,1,2001
56019,15,10,25,2001
56021,257,62,319,2001
56023,214,4,218,2001
56025,104,36,140,2001
56027,0,0,0,2001
56029,112,6,118,2001
56031,10,2,12,2001
56033,90,12,102,2001
56035,72,4,76,2001
56037,38,0,38,2001
56039,150,61,211,2001
56041,58,0,58,2001
56043,0,2,2,2001
56045,3,0,3,2001
01001,276,0,276,2002
01003,2009,197,2206,2002
01005,21,0,21,2002
01007,2,0,2,2002
01009,45,3,48,2002
01011,5,0,5,2002
01013,11,0,11,2002
01015,215,18,233,2002
01017,19,0,19,2002
01019,27,4,31,2002
01021,36,0,36,2002
01023,1,0,1,2002
01025,20,0,20,2002
01027,2,0,2,2002
01029,4,0,4,2002
01031,164,2,166,2002
01033,110,52,162,2002
01035,4,0,4,2002
01037,0,0,0,2002
01039,21,0,21,2002
01041,6,0,6,2002
01043,32,124,156,2002
01045,42,0,42,2002
01047,4,0,4,2002
01049,78,0,78,2002
01051,391,0,391,2002
01053,23,0,23,2002
01055,254,74,328,2002
01057,6,0,6,2002
01059,26,0,26,2002
01061,17,0,17,2002
01063,1,0,1,2002
01065,37,0,37,2002
01067,21,0,21,2002
01069,370,0,370,2002
01071,44,16,60,2002
01073,2567,256,2823,2002
01075,2,0,2,2002
01077,103,61,164,2002
01079,8,0,8,2002
01081,737,903,1640,2002
01083,96,108,204,2002
01085,4,0,4,2002
01087,22,0,22,2002
01089,1103,352,1455,2002
01091,10,0,10,2002
01093,18,0,18,2002
01095,168,69,237,2002
01097,1640,88,1728,2002
01099,12,0,12,2002
01101,905,40,945,2002
01103,401,0,401,2002
01105,1,0,1,2002
01107,6,0,6,2002
01109,48,34,82,2002
01111,2,3,5,2002
01113,237,68,305,2002
01115,238,0,238,2002
01117,2076,0,2076,2002
01119,5,0,5,2002
01121,75,88,163,2002
01123,33,0,33,2002
01125,687,666,1353,2002
01127,54,40,94,2002
01129,3,0,3,2002
01131,0,0,0,2002
01133,0,0,0,2002
02000,149,0,149,2002
02013,2,0,2,2002
02016,8,0,8,2002
02020,923,1065,1988,2002
02050,42,4,46,2002
02060,0,0,0,2002
02090,160,10,170,2002
02100,6,0,6,2002
02110,81,36,117,2002
02122,94,8,102,2002
02130,17,8,25,2002
02150,40,22,62,2002
02170,84,124,208,2002
02180,2,3,5,2002
02185,19,4,23,2002
02201,2,0,2,2002
02220,32,14,46,2002
02232,15,0,15,2002
02261,11,3,14,2002
02280,10,0,10,2002
02282,5,0,5,2002
04001,79,0,79,2002
04003,681,93,774,2002
04005,827,38,865,2002
04007,300,2,302,2002
04009,56,6,62,2002
04011,3,0,3,2002
04012,44,2,46,2002
04013,35685,7737,43422,2002
04015,2554,241,2795,2002
04017,654,20,674,2002
04019,6114,1033,7147,2002
04021,4317,160,4477,2002
04023,379,16,395,2002
04025,2542,722,3264,2002
04027,1563,163,1726,2002
05001,10,0,10,2002
05003,14,0,14,2002
05005,28,102,130,2002
05007,1447,567,2014,2002
05009,96,0,96,2002
05011,8,0,8,2002
05013,0,0,0,2002
05015,27,4,31,2002
05017,16,0,16,2002
05019,38,0,38,2002
05021,9,16,25,2002
05023,58,8,66,2002
05025,5,0,5,2002
05027,3,0,3,2002
05029,11,0,11,2002
05031,458,34,492,2002
05033,172,10,182,2002
05035,115,120,235,2002
05037,19,4,23,2002
05039,1,0,1,2002
05041,3,12,15,2002
05043,12,36,48,2002
05045,558,376,934,2002
05047,17,2,19,2002
05049,0,0,0,2002
05051,125,0,125,2002
05053,27,0,27,2002
05055,167,14,181,2002
05057,21,0,21,2002
05059,3,28,31,2002
05061,14,4,18,2002
05063,18,14,32,2002
05065,16,0,16,2002
05067,5,0,5,2002
05069,115,32,147,2002
05071,91,0,91,2002
05073,0,0,0,2002
05075,3,0,3,2002
05077,13,23,36,2002
05079,0,0,0,2002
05081,9,0,9,2002
05083,10,11,21,2002
05085,360,225,585,2002
05087,25,13,38,2002
05089,14,0,14,2002
05091,117,146,263,2002
05093,55,0,55,2002
05095,7,0,7,2002
05099,211,16,227,2002
05101,1,0,1,2002
05103,6,0,6,2002
05105,6,0,6,2002
05107,15,0,15,2002
05111,38,3,41,2002
05113,20,0,20,2002
05115,105,33,138,2002
05117,5,0,5,2002
05119,1214,423,1637,2002
05121,29,14,43,2002
05123,18,18,36,2002
05125,599,748,1347,2002
05127,5,0,5,2002
05129,4,0,4,2002
05131,346,332,678,2002
05133,5,0,5,2002
05135,14,0,14,2002
05137,18,0,18,2002
05139,16,0,16,2002
05141,2,0,2,2002
05143,934,1006,1940,2002
05145,133,39,172,2002
05147,7,0,7,2002
05149,23,0,23,2002
06001,2501,1054,3555,2002
06003,26,36,62,2002
06005,287,4,291,2002
06007,1152,34,1186,2002
06009,520,0,520,2002
06011,24,0,24,2002
06013,5071,693,5764,2002
06015,72,6,78,2002
06017,1637,188,1825,2002
06019,3655,182,3837,2002
06021,71,0,71,2002
06023,399,134,533,2002
06025,827,194,1021,2002
06027,13,4,17,2002
06029,4496,13,4509,2002
06031,621,80,701,2002
06033,301,12,313,2002
06035,124,0,124,2002
06037,8280,8174,16454,2002
06039,909,72,981,2002
06041,281,152,433,2002
06043,191,0,191,2002
06045,352,12,364,2002
06047,1674,79,1753,2002
06049,16,0,16,2002
06051,83,0,83,2002
06053,1054,168,1222,2002
06055,610,393,1003,2002
06057,755,157,912,2002
06059,6794,5002,11796,2002
06061,5402,1735,7137,2002
06063,257,2,259,2002
06065,20912,1343,22255,2002
06067,9368,2360,11728,2002
06069,142,2,144,2002
06071,9126,1093,10219,2002
06073,8880,4804,13684,2002
06075,82,1161,1243,2002
06077,5654,489,6143,2002
06079,1690,303,1993,2002
06081,719,827,1546,2002
06083,953,743,1696,2002
06085,2097,2380,4477,2002
06087,412,196,608,2002
06089,1160,181,1341,2002
06091,17,0,17,2002
06093,189,13,202,2002
06095,1806,668,2474,2002
06097,1350,578,1928,2002
06099,2991,182,3173,2002
06101,669,6,675,2002
06103,282,4,286,2002
06105,41,2,43,2002
06107,1832,161,1993,2002
06109,366,4,370,2002
06111,2249,276,2525,2002
06113,1207,202,1409,2002
06115,364,2,366,2002
08001,3916,1915,5831,2002
08003,35,14,49,2002
08005,3288,1517,4805,2002
08007,347,29,376,2002
08009,7,0,7,2002
08011,11,0,11,2002
08013,1352,365,1717,2002
08015,230,18,248,2002
08017,0,0,0,2002
08019,69,4,73,2002
08021,204,0,204,2002
08025,2,0,2,2002
08027,151,16,167,2002
08029,36,6,42,2002
08031,1641,2985,4626,2002
08033,9,0,9,2002
08035,3488,1015,4503,2002
08037,352,338,690,2002
08039,185,12,197,2002
08041,4999,1828,6827,2002
08043,242,4,246,2002
08045,434,89,523,2002
08047,71,0,71,2002
08049,337,21,358,2002
08051,167,33,200,2002
08053,14,0,14,2002
08055,60,2,62,2002
08057,9,0,9,2002
08059,1312,612,1924,2002
08061,0,0,0,2002
08063,18,0,18,2002
08065,96,0,96,2002
08067,461,55,516,2002
08069,2530,506,3036,2002
08071,107,0,107,2002
08073,4,4,8,2002
08075,36,2,38,2002
08077,1287,83,1370,2002
08079,16,0,16,2002
08081,57,4,61,2002
08083,37,2,39,2002
08085,279,25,304,2002
08087,129,10,139,2002
08089,22,0,22,2002
08091,83,2,85,2002
08093,348,0,348,2002
08095,9,0,9,2002
08097,104,23,127,2002
08099,15,0,15,2002
08101,1075,228,1303,2002
08103,18,0,18,2002
08105,88,0,88,2002
08107,182,46,228,2002
08109,77,0,77,2002
08111,14,0,14,2002
08113,84,16,100,2002
08115,0,0,0,2002
08117,309,87,396,2002
08119,231,4,235,2002
08121,15,0,15,2002
08123,3821,590,4411,2002
08125,8,0,8,2002
09001,1598,281,1879,2002
09003,1859,425,2284,2002
09005,776,31,807,2002
09007,677,143,820,2002
09009,1602,99,1701,2002
09011,845,111,956,2002
09013,597,145,742,2002
09015,530,12,542,2002
10001,1442,10,1452,2002
10003,2099,156,2255,2002
10005,2510,114,2624,2002
11001,383,1208,1591,2002
12001,1023,768,1791,2002
12003,142,2,144,2002
12005,1111,505,1616,2002
12007,71,0,71,2002
12009,4956,1666,6622,2002
12011,5705,6323,12028,2002
12013,31,0,31,2002
12015,1589,403,1992,2002
12017,1271,0,1271,2002
12019,2131,8,2139,2002
12021,4173,3109,7282,2002
12023,247,0,247,2002
12027,109,32,141,2002
12029,54,0,54,2002
12031,5537,2724,8261,2002
12033,1694,373,2067,2002
12035,2100,219,2319,2002
12037,176,0,176,2002
12039,130,0,130,2002
12041,93,0,93,2002
12043,24,0,24,2002
12045,244,0,244,2002
12047,32,0,32,2002
12049,44,10,54,2002
12051,67,0,67,2002
12053,1779,68,1847,2002
12055,519,14,533,2002
12057,9256,4325,13581,2002
12059,54,0,54,2002
12061,1442,452,1894,2002
12063,124,87,211,2002
12065,61,3,64,2002
12067,25,0,25,2002
12069,3691,722,4413,2002
12071,7149,3997,11146,2002
12073,1486,1208,2694,2002
12075,137,0,137,2002
12077,16,0,16,2002
12079,55,0,55,2002
12081,3034,1830,4864,2002
12083,5384,777,6161,2002
12085,1440,37,1477,2002
12086,6374,8232,14606,2002
12087,232,103,335,2002
12089,755,44,799,2002
12091,1438,498,1936,2002
12093,138,3,141,2002
12095,8091,5576,13667,2002
12097,3541,1772,5313,2002
12099,9437,3523,12960,2002
12101,4872,906,5778,2002
12103,1639,697,2336,2002
12105,4422,550,4972,2002
12107,176,32,208,2002
12109,2424,594,3018,2002
12111,3304,1251,4555,2002
12113,1138,8,1146,2002
12115,3869,1453,5322,2002
12117,1983,832,2815,2002
12119,508,2,510,2002
12121,131,0,131,2002
12123,55,0,55,2002
12125,33,0,33,2002
12127,4131,809,4940,2002
12129,429,3,432,2002
12131,1117,162,1279,2002
12133,76,0,76,2002
13001,6,0,6,2002
13005,0,0,0,2002
13009,121,149,270,2002
13011,122,0,122,2002
13013,1227,0,1227,2002
13015,981,172,1153,2002
13017,44,6,50,2002
13019,25,2,27,2002
13021,512,74,586,2002
13023,48,0,48,2002
13025,2,0,2,2002
13027,22,0,22,2002
13029,389,0,389,2002
13031,343,278,621,2002
13033,52,4,56,2002
13035,217,14,231,2002
13037,2,0,2,2002
13039,520,46,566,2002
13043,3,0,3,2002
13045,1652,256,1908,2002
13047,509,107,616,2002
13049,28,0,28,2002
13051,1101,686,1787,2002
13053,4,0,4,2002
13055,8,0,8,2002
13057,3199,596,3795,2002
13059,754,901,1655,2002
13061,2,0,2,2002
13063,2283,957,3240,2002
13065,16,0,16,2002
13067,4703,853,5556,2002
13069,136,72,208,2002
13071,12,43,55,2002
13073,1291,198,1489,2002
13075,50,0,50,2002
13077,1659,0,1659,2002
13079,162,0,162,2002
13081,43,0,43,2002
13083,11,11,22,2002
13085,464,7,471,2002
13087,78,95,173,2002
13089,4134,3103,7237,2002
13091,37,0,37,2002
13093,0,0,0,2002
13095,226,56,282,2002
13097,1659,1400,3059,2002
13099,2,0,2,2002
13103,490,25,515,2002
13105,5,11,16,2002
13107,6,0,6,2002
13109,29,0,29,2002
13111,929,0,929,2002
13113,915,6,921,2002
13115,678,44,722,2002
13117,2448,0,2448,2002
13119,22,6,28,2002
13121,3909,6915,10824,2002
13123,612,8,620,2002
13125,0,0,0,2002
13127,540,308,848,2002
13129,404,165,569,2002
13131,76,0,76,2002
13133,136,0,136,2002
13135,9371,991,10362,2002
13137,363,59,422,2002
13139,1464,455,1919,2002
13141,58,0,58,2002
13143,133,6,139,2002
13145,370,2,372,2002
13147,12,0,12,2002
13149,61,0,61,2002
13151,4061,628,4689,2002
13153,1393,18,1411,2002
13155,0,0,0,2002
13157,908,4,912,2002
13159,216,0,216,2002
13161,4,2,6,2002
13163,34,0,34,2002
13165,8,0,8,2002
13167,1,0,1,2002
13169,238,16,254,2002
13171,136,45,181,2002
13173,20,0,20,2002
13175,46,0,46,2002
13177,318,0,318,2002
13179,230,176,406,2002
13181,27,0,27,2002
13185,593,164,757,2002
13187,333,22,355,2002
13189,75,0,75,2002
13191,113,0,113,2002
13193,26,0,26,2002
13195,149,4,153,2002
13199,276,0,276,2002
13201,2,0,2,2002
13205,42,32,74,2002
13207,12,0,12,2002
13209,44,0,44,2002
13211,169,4,173,2002
13213,211,18,229,2002
13215,615,207,822,2002
13217,2127,220,2347,2002
13219,416,40,456,2002
13223,2675,240,2915,2002
13225,123,0,123,2002
13227,424,0,424,2002
13229,91,0,91,2002
13231,229,4,233,2002
13233,313,42,355,2002
13235,52,0,52,2002
13237,200,162,362,2002
13239,0,0,0,2002
13241,323,15,338,2002
13243,1,0,1,2002
13245,565,349,914,2002
13247,1023,10,1033,2002
13249,4,0,4,2002
13251,45,0,45,2002
13253,1,0,1,2002
13255,456,0,456,2002
13257,78,2,80,2002
13259,0,0,0,2002
13261,70,0,70,2002
13263,35,0,35,2002
13267,29,0,29,2002
13269,36,0,36,2002
13271,2,0,2,2002
13273,26,2,28,2002
13275,164,26,190,2002
13277,141,2,143,2002
13279,32,4,36,2002
13281,259,36,295,2002
13283,0,0,0,2002
13285,353,105,458,2002
13287,6,3,9,2002
13289,26,0,26,2002
13291,488,2,490,2002
13293,91,16,107,2002
13295,331,94,425,2002
13297,1249,53,1302,2002
13299,148,0,148,2002
13301,1,0,1,2002
13303,9,2,11,2002
13305,16,0,16,2002
13309,0,0,0,2002
13311,366,4,370,2002
13313,361,126,487,2002
13315,0,0,0,2002
13317,32,8,40,2002
13321,57,0,57,2002
15001,1303,138,1441,2002
15003,1964,709,2673,2002
15007,508,96,604,2002
15009,787,397,1184,2002
16001,3275,757,4032,2002
16003,66,0,66,2002
16005,301,45,346,2002
16007,61,0,61,2002
16009,20,0,20,2002
16011,135,22,157,2002
16013,251,27,278,2002
16015,78,0,78,2002
16017,25,4,29,2002
16019,585,216,801,2002
16021,40,0,40,2002
16023,0,0,0,2002
16025,21,0,21,2002
16027,2595,170,2765,2002
16029,16,0,16,2002
16031,43,0,43,2002
16033,10,0,10,2002
16035,5,16,21,2002
16037,1,0,1,2002
16039,113,16,129,2002
16041,64,2,66,2002
16043,98,16,114,2002
16045,100,23,123,2002
16047,53,6,59,2002
16049,4,0,4,2002
16051,141,5,146,2002
16053,69,2,71,2002
16055,1266,148,1414,2002
16057,81,170,251,2002
16059,48,0,48,2002
16061,6,0,6,2002
16063,14,0,14,2002
16065,170,893,1063,2002
16067,24,0,24,2002
16069,78,20,98,2002
16071,17,0,17,2002
16073,41,3,44,2002
16075,123,35,158,2002
16077,8,0,8,2002
16079,3,0,3,2002
16081,192,26,218,2002
16083,467,20,487,2002
16085,174,6,180,2002
16087,16,0,16,2002
17001,103,15,118,2002
17003,2,0,2,2002
17005,57,2,59,2002
17007,370,4,374,2002
17009,1,0,1,2002
17011,50,0,50,2002
17013,28,2,30,2002
17015,63,0,63,2002
17017,13,0,13,2002
17019,838,642,1480,2002
17021,104,14,118,2002
17023,4,0,4,2002
17025,6,0,6,2002
17027,174,10,184,2002
17029,35,8,43,2002
17031,5462,10640,16102,2002
17033,1,4,5,2002
17035,9,4,13,2002
17037,588,76,664,2002
17039,57,6,63,2002
17041,32,36,68,2002
17043,2944,647,3591,2002
17045,11,0,11,2002
17049,36,15,51,2002
17051,7,2,9,2002
17053,27,4,31,2002
17055,31,2,33,2002
17057,69,0,69,2002
17059,0,0,0,2002
17061,4,3,7,2002
17063,291,112,403,2002
17067,15,5,20,2002
17069,0,0,0,2002
17071,31,0,31,2002
17073,97,12,109,2002
17075,56,3,59,2002
17077,34,134,168,2002
17079,1,0,1,2002
17081,21,0,21,2002
17083,96,4,100,2002
17085,178,48,226,2002
17089,4734,1159,5893,2002
17091,379,89,468,2002
17093,787,285,1072,2002
17095,76,0,76,2002
17097,3695,477,4172,2002
17099,252,57,309,2002
17101,1,0,1,2002
17103,81,2,83,2002
17105,90,3,93,2002
17107,38,2,40,2002
17109,8,74,82,2002
17111,3943,339,4282,2002
17113,942,756,1698,2002
17115,174,219,393,2002
17117,50,2,52,2002
17119,1324,251,1575,2002
17121,21,42,63,2002
17123,8,70,78,2002
17125,43,0,43,2002
17127,0,0,0,2002
17129,64,2,66,2002
17131,39,0,39,2002
17133,301,37,338,2002
17135,20,0,20,2002
17137,30,162,192,2002
17139,45,0,45,2002
17141,247,18,265,2002
17143,542,60,602,2002
17147,69,0,69,2002
17149,65,0,65,2002
17151,1,0,1,2002
17153,0,0,0,2002
17155,42,0,42,2002
17157,67,16,83,2002
17159,14,20,34,2002
17161,205,43,248,2002
17163,1239,466,1705,2002
17165,0,0,0,2002
17167,610,254,864,2002
17171,0,0,0,2002
17173,53,0,53,2002
17175,5,0,5,2002
17177,108,8,116,2002
17179,449,49,498,2002
17181,49,0,49,2002
17183,60,2,62,2002
17185,13,0,13,2002
17187,14,0,14,2002
17189,60,0,60,2002
17191,2,0,2,2002
17193,1,0,1,2002
17195,112,24,136,2002
17197,7966,474,8440,2002
17199,168,69,237,2002
17201,1177,429,1606,2002
17203,210,18,228,2002
18001,136,4,140,2002
18003,1946,559,2505,2002
18005,131,0,131,2002
18007,20,0,20,2002
18009,31,0,31,2002
18011,429,2,431,2002
18013,131,2,133,2002
18015,126,0,126,2002
18017,60,4,64,2002
18019,792,269,1061,2002
18021,52,0,52,2002
18023,93,2,95,2002
18025,2,0,2,2002
18027,14,0,14,2002
18029,340,25,365,2002
18031,102,120,222,2002
18033,188,0,188,2002
18035,293,20,313,2002
18037,160,10,170,2002
18039,989,617,1606,2002
18041,63,64,127,2002
18043,331,10,341,2002
18045,11,4,15,2002
18047,111,6,117,2002
18049,19,3,22,2002
18051,34,0,34,2002
18053,131,80,211,2002
18055,0,0,0,2002
18057,3479,865,4344,2002
18059,874,73,947,2002
18061,196,2,198,2002
18063,2424,504,2928,2002
18065,109,120,229,2002
18067,380,68,448,2002
18069,176,0,176,2002
18071,135,20,155,2002
18073,226,43,269,2002
18075,59,0,59,2002
18077,60,35,95,2002
18079,132,0,132,2002
18081,1104,140,1244,2002
18083,49,2,51,2002
18085,438,291,729,2002
18087,157,0,157,2002
18089,1546,612,2158,2002
18091,392,21,413,2002
18093,30,5,35,2002
18095,333,108,441,2002
18097,3872,1772,5644,2002
18099,149,26,175,2002
18101,3,0,3,2002
18103,98,48,146,2002
18105,589,453,1042,2002
18107,140,16,156,2002
18109,485,8,493,2002
18111,39,0,39,2002
18113,199,10,209,2002
18115,34,16,50,2002
18117,1,0,1,2002
18119,1,0,1,2002
18121,45,0,45,2002
18123,50,0,50,2002
18125,52,0,52,2002
18127,823,129,952,2002
18129,113,0,113,2002
18131,48,4,52,2002
18133,138,14,152,2002
18135,68,2,70,2002
18137,158,42,200,2002
18139,42,48,90,2002
18141,783,398,1181,2002
18143,173,4,177,2002
18145,143,28,171,2002
18147,111,2,113,2002
18149,97,4,101,2002
18151,208,54,262,2002
18153,14,0,14,2002
18155,122,0,122,2002
18157,851,435,1286,2002
18159,52,0,52,2002
18161,21,38,59,2002
18163,695,312,1007,2002
18165,31,0,31,2002
18167,285,17,302,2002
18169,123,0,123,2002
18171,53,0,53,2002
18173,410,68,478,2002
18175,27,6,33,2002
18177,117,33,150,2002
18179,101,54,155,2002
18181,88,10,98,2002
18183,212,41,253,2002
19001,11,0,11,2002
19003,6,2,8,2002
19005,69,24,93,2002
19007,21,0,21,2002
19009,7,0,7,2002
19011,77,14,91,2002
19013,255,211,466,2002
19015,84,22,106,2002
19017,96,4,100,2002
19019,27,0,27,2002
19021,7,2,9,2002
19023,38,0,38,2002
19025,8,0,8,2002
19027,59,8,67,2002
19029,16,0,16,2002
19031,57,23,80,2002
19033,92,8,100,2002
19035,17,0,17,2002
19037,13,5,18,2002
19039,28,0,28,2002
19041,40,6,46,2002
19043,47,41,88,2002
19045,104,2,106,2002
19047,22,2,24,2002
19049,347,152,499,2002
19051,9,0,9,2002
19053,9,0,9,2002
19055,17,0,17,2002
19057,21,54,75,2002
19059,141,62,203,2002
19061,384,113,497,2002
19063,11,3,14,2002
19065,22,35,57,2002
19067,25,3,28,2002
19069,4,0,4,2002
19071,25,0,25,2002
19073,12,0,12,2002
19075,62,2,64,2002
19077,42,0,42,2002
19079,17,2,19,2002
19081,22,0,22,2002
19083,21,20,41,2002
19085,75,13,88,2002
19087,26,6,32,2002
19089,12,0,12,2002
19091,21,6,27,2002
19093,5,0,5,2002
19095,23,2,25,2002
19097,63,0,63,2002
19099,118,6,124,2002
19101,14,0,14,2002
19103,745,538,1283,2002
19105,16,8,24,2002
19107,10,0,10,2002
19109,16,13,29,2002
19111,46,32,78,2002
19113,931,730,1661,2002
19115,29,0,29,2002
19117,2,0,2,2002
19119,28,0,28,2002
19121,109,0,109,2002
19123,31,2,33,2002
19125,168,6,174,2002
19127,54,88,142,2002
19129,5,0,5,2002
19131,12,4,16,2002
19133,16,0,16,2002
19135,15,0,15,2002
19137,12,0,12,2002
19139,126,72,198,2002
19141,24,0,24,2002
19143,8,0,8,2002
19145,16,0,16,2002
19147,4,14,18,2002
19149,87,2,89,2002
19151,2,0,2,2002
19153,2758,1228,3986,2002
19155,323,51,374,2002
19157,61,0,61,2002
19159,4,0,4,2002
19161,9,0,9,2002
19163,583,322,905,2002
19165,14,0,14,2002
19167,89,13,102,2002
19169,305,577,882,2002
19171,37,0,37,2002
19173,5,0,5,2002
19175,7,66,73,2002
19177,9,3,12,2002
19179,44,49,93,2002
19181,203,25,228,2002
19183,40,8,48,2002
19185,3,0,3,2002
19187,51,40,91,2002
19189,2,0,2,2002
19191,70,23,93,2002
19193,217,15,232,2002
19195,5,3,8,2002
19197,8,0,8,2002
20001,18,0,18,2002
20003,5,0,5,2002
20005,18,0,18,2002
20007,5,0,5,2002
20009,33,4,37,2002
20011,3,50,53,2002
20013,2,0,2,2002
20015,346,62,408,2002
20017,1,0,1,2002
20021,7,10,17,2002
20023,0,0,0,2002
20025,0,0,0,2002
20027,20,0,20,2002
20029,1,0,1,2002
20031,25,0,25,2002
20033,1,0,1,2002
20035,68,0,68,2002
20037,113,68,181,2002
20039,2,0,2,2002
20041,49,2,51,2002
20043,9,0,9,2002
20045,436,512,948,2002
20047,0,0,0,2002
20051,66,42,108,2002
20053,5,0,5,2002
20055,55,14,69,2002
20057,64,24,88,2002
20059,97,28,125,2002
20061,28,0,28,2002
20063,2,0,2,2002
20065,0,0,0,2002
20067,5,0,5,2002
20069,21,0,21,2002
20071,0,0,0,2002
20073,1,2,3,2002
20075,2,0,2,2002
20077,2,0,2,2002
20079,125,26,151,2002
20081,1,0,1,2002
20085,55,6,61,2002
20087,107,0,107,2002
20089,0,0,0,2002
20091,3653,586,4239,2002
20093,11,0,11,2002
20095,2,13,15,2002
20097,1,0,1,2002
20099,17,22,39,2002
20101,1,0,1,2002
20103,509,177,686,2002
20105,1,0,1,2002
20107,42,0,42,2002
20109,1,0,1,2002
20111,23,9,32,2002
20113,91,5,96,2002
20115,44,0,44,2002
20117,6,0,6,2002
20119,2,0,2,2002
20121,166,20,186,2002
20123,2,0,2,2002
20125,21,0,21,2002
20127,2,0,2,2002
20129,25,0,25,2002
20131,11,0,11,2002
20133,9,0,9,2002
20135,1,0,1,2002
20137,0,0,0,2002
20139,92,0,92,2002
20141,0,0,0,2002
20143,26,0,26,2002
20145,1,0,1,2002
20147,4,0,4,2002
20149,114,0,114,2002
20151,5,22,27,2002
20153,0,0,0,2002
20155,96,30,126,2002
20157,1,0,1,2002
20159,0,0,0,2002
20161,141,111,252,2002
20163,0,0,0,2002
20165,3,0,3,2002
20167,0,0,0,2002
20169,105,110,215,2002
20171,4,0,4,2002
20173,2346,273,2619,2002
20175,7,0,7,2002
20177,669,408,1077,2002
20181,1,20,21,2002
20183,2,0,2,2002
20185,1,0,1,2002
20187,3,0,3,2002
20189,4,0,4,2002
20191,41,2,43,2002
20193,4,0,4,2002
20195,2,0,2,2002
20197,34,0,34,2002
20199,0,0,0,2002
20201,0,0,0,2002
20203,1,0,1,2002
20205,4,0,4,2002
20207,8,0,8,2002
20209,235,0,235,2002
21001,0,0,0,2002
21005,158,10,168,2002
21009,40,11,51,2002
21011,8,0,8,2002
21013,62,4,66,2002
21015,1515,310,1825,2002
21017,61,27,88,2002
21019,12,12,24,2002
21021,135,15,150,2002
21025,0,0,0,2002
21027,14,0,14,2002
21029,647,120,767,2002
21031,0,0,0,2002
21033,5,0,5,2002
21035,23,80,103,2002
21037,273,54,327,2002
21041,4,6,10,2002
21043,4,4,8,2002
21045,2,0,2,2002
21047,95,29,124,2002
21049,314,5,319,2002
21051,0,0,0,2002
21053,0,15,15,2002
21057,1,2,3,2002
21059,1035,38,1073,2002
21065,0,0,0,2002
21067,2142,179,2321,2002
21069,1,0,1,2002
21071,13,2,15,2002
21073,201,49,250,2002
21075,0,0,0,2002
21077,4,0,4,2002
21079,10,8,18,2002
21081,118,10,128,2002
21083,5,0,5,2002
21085,0,4,4,2002
21087,0,0,0,2002
21089,67,0,67,2002
21091,15,0,15,2002
21093,531,207,738,2002
21095,0,0,0,2002
21097,67,13,80,2002
21099,27,8,35,2002
21101,142,0,142,2002
21103,78,0,78,2002
21107,121,10,131,2002
21109,0,0,0,2002
21111,2749,761,3510,2002
21113,482,70,552,2002
21115,12,0,12,2002
21117,777,200,977,2002
21121,5,0,5,2002
21123,55,6,61,2002
21125,16,0,16,2002
21127,0,0,0,2002
21133,0,0,0,2002
21135,0,0,0,2002
21137,190,0,190,2002
21141,8,21,29,2002
21143,16,0,16,2002
21145,197,22,219,2002
21149,6,0,6,2002
21151,287,257,544,2002
21155,8,0,8,2002
21157,116,20,136,2002
21161,26,0,26,2002
21163,6,0,6,2002
21167,96,26,122,2002
21173,118,74,192,2002
21177,12,0,12,2002
21179,423,70,493,2002
21181,0,0,0,2002
21183,29,2,31,2002
21185,572,100,672,2002
21187,0,2,2,2002
21191,1,0,1,2002
21193,12,0,12,2002
21195,32,10,42,2002
21199,54,0,54,2002
21205,19,0,19,2002
21207,6,4,10,2002
21209,510,12,522,2002
21211,393,78,471,2002
21213,89,54,143,2002
21215,217,0,217,2002
21217,4,7,11,2002
21219,3,0,3,2002
21221,15,0,15,2002
21225,11,0,11,2002
21227,637,102,739,2002
21229,6,0,6,2002
21231,0,0,0,2002
21233,7,0,7,2002
21235,24,10,34,2002
21239,123,9,132,2002
22001,183,3,186,2002
22003,19,12,31,2002
22005,1027,0,1027,2002
22007,106,0,106,2002
22009,145,25,170,2002
22011,10,0,10,2002
22013,0,0,0,2002
22015,559,224,783,2002
22017,637,0,637,2002
22019,857,72,929,2002
22021,14,0,14,2002
22023,57,0,57,2002
22025,26,0,26,2002
22027,0,0,0,2002
22029,36,15,51,2002
22031,0,0,0,2002
22033,1247,708,1955,2002
22035,0,0,0,2002
22037,2,0,2,2002
22039,121,6,127,2002
22041,51,4,55,2002
22043,0,0,0,2002
22045,159,0,159,2002
22047,74,0,74,2002
22049,1,0,1,2002
22051,937,367,1304,2002
22053,71,2,73,2002
22055,991,382,1373,2002
22057,313,8,321,2002
22059,1,0,1,2002
22061,57,36,93,2002
22063,949,0,949,2002
22065,10,4,14,2002
22067,57,12,69,2002
22069,65,148,213,2002
22071,438,178,616,2002
22073,441,44,485,2002
22075,107,6,113,2002
22077,118,2,120,2002
22079,432,102,534,2002
22081,6,0,6,2002
22083,40,0,40,2002
22085,3,0,3,2002
22087,104,8,112,2002
22089,216,7,223,2002
22091,13,0,13,2002
22093,31,0,31,2002
22095,280,8,288,2002
22097,267,104,371,2002
22099,183,0,183,2002
22101,77,60,137,2002
22103,2244,483,2727,2002
22105,473,150,623,2002
22107,8,0,8,2002
22109,447,26,473,2002
22111,126,0,126,2002
22113,212,0,212,2002
22115,31,0,31,2002
22117,164,0,164,2002
22119,23,0,23,2002
22121,71,0,71,2002
22123,1,0,1,2002
22125,62,0,62,2002
22127,0,0,0,2002
23000,0,0,0,2002
23001,363,15,378,2002
23003,128,22,150,2002
23005,1520,258,1778,2002
23007,139,0,139,2002
23009,445,72,517,2002
23011,538,78,616,2002
23013,292,20,312,2002
23015,261,3,264,2002
23017,323,10,333,2002
23019,498,61,559,2002
23021,68,0,68,2002
23023,186,4,190,2002
23025,95,2,97,2002
23027,184,46,230,2002
23029,159,4,163,2002
23031,1391,191,1582,2002
24001,91,12,103,2002
24003,2026,333,2359,2002
24005,1941,765,2706,2002
24009,855,73,928,2002
24011,170,4,174,2002
24013,1499,155,1654,2002
24015,892,76,968,2002
24017,1404,66,1470,2002
24019,179,0,179,2002
24021,1352,226,1578,2002
24023,333,0,333,2002
24025,1814,69,1883,2002
24027,1341,206,1547,2002
24029,358,36,394,2002
24031,2909,2104,5013,2002
24033,2485,78,2563,2002
24035,549,0,549,2002
24037,814,100,914,2002
24039,64,10,74,2002
24041,387,0,387,2002
24043,978,257,1235,2002
24045,582,259,841,2002
24047,800,348,1148,2002
24510,181,112,293,2002
25001,1325,68,1393,2002
25003,333,126,459,2002
25005,1540,163,1703,2002
25007,210,0,210,2002
25009,1088,509,1597,2002
25011,235,6,241,2002
25013,769,139,908,2002
25015,470,33,503,2002
25017,1845,996,2841,2002
25019,173,4,177,2002
25021,926,466,1392,2002
25023,1590,297,1887,2002
25025,82,759,841,2002
25027,3050,263,3313,2002
26000,250,0,250,2002
26001,119,0,119,2002
26003,72,0,72,2002
26005,628,46,674,2002
26007,42,0,42,2002
26009,253,18,271,2002
26011,89,0,89,2002
26013,25,0,25,2002
26015,381,2,383,2002
26017,353,8,361,2002
26019,209,3,212,2002
26021,608,6,614,2002
26023,129,6,135,2002
26025,356,106,462,2002
26027,232,0,232,2002
26029,208,40,248,2002
26031,208,0,208,2002
26033,155,16,171,2002
26035,128,9,137,2002
26037,567,112,679,2002
26039,109,0,109,2002
26041,33,4,37,2002
26043,74,2,76,2002
26045,466,122,588,2002
26047,276,78,354,2002
26049,1900,503,2403,2002
26051,241,0,241,2002
26053,44,17,61,2002
26055,609,77,686,2002
26057,64,48,112,2002
26059,258,2,260,2002
26061,193,0,193,2002
26063,180,6,186,2002
26065,735,404,1139,2002
26067,263,51,314,2002
26069,136,12,148,2002
26071,59,0,59,2002
26073,239,214,453,2002
26075,653,275,928,2002
26077,1031,240,1271,2002
26079,113,0,113,2002
26081,2879,784,3663,2002
26083,24,0,24,2002
26085,113,0,113,2002
26087,493,0,493,2002
26089,220,14,234,2002
26091,499,28,527,2002
26093,1765,444,2209,2002
26095,53,0,53,2002
26097,82,0,82,2002
26099,4296,794,5090,2002
26101,45,20,65,2002
26103,190,28,218,2002
26105,147,0,147,2002
26107,244,2,246,2002
26109,125,18,143,2002
26111,238,0,238,2002
26113,85,7,92,2002
26115,805,149,954,2002
26117,232,30,262,2002
26119,80,0,80,2002
26121,680,312,992,2002
26123,235,38,273,2002
26125,4386,1122,5508,2002
26127,19,6,25,2002
26129,137,0,137,2002
26131,30,0,30,2002
26133,101,4,105,2002
26135,65,0,65,2002
26137,176,48,224,2002
26139,1601,374,1975,2002
26141,133,0,133,2002
26143,348,16,364,2002
26145,605,25,630,2002
26147,880,12,892,2002
26149,177,6,183,2002
26151,103,0,103,2002
26153,61,0,61,2002
26155,163,24,187,2002
26157,202,0,202,2002
26159,389,50,439,2002
26161,2285,48,2333,2002
26163,3388,1454,4842,2002
26165,189,28,217,2002
27001,323,0,323,2002
27003,2373,158,2531,2002
27005,255,6,261,2002
27007,53,50,103,2002
27009,251,24,275,2002
27011,23,2,25,2002
27013,330,307,637,2002
27015,55,40,95,2002
27017,217,35,252,2002
27019,1097,370,1467,2002
27021,652,29,681,2002
27023,19,0,19,2002
27025,606,4,610,2002
27027,311,193,504,2002
27029,1,2,3,2002
27031,115,5,120,2002
27033,14,0,14,2002
27035,819,151,970,2002
27037,2278,1313,3591,2002
27039,198,4,202,2002
27041,504,44,548,2002
27043,28,0,28,2002
27045,123,18,141,2002
27047,50,0,50,2002
27049,314,17,331,2002
27051,7,0,7,2002
27053,2677,4208,6885,2002
27055,63,16,79,2002
27057,44,0,44,2002
27059,529,8,537,2002
27061,339,0,339,2002
27063,28,2,30,2002
27065,105,21,126,2002
27067,221,42,263,2002
27069,9,0,9,2002
27071,48,14,62,2002
27073,10,0,10,2002
27075,86,12,98,2002
27077,26,0,26,2002
27079,146,2,148,2002
27081,1,0,1,2002
27083,106,49,155,2002
27085,250,18,268,2002
27087,2,0,2,2002
27089,6,9,15,2002
27091,33,0,33,2002
27093,122,20,142,2002
27095,282,18,300,2002
27097,326,6,332,2002
27099,131,8,139,2002
27101,36,0,36,2002
27103,156,210,366,2002
27105,15,5,20,2002
27107,9,0,9,2002
27109,1279,253,1532,2002
27111,137,8,145,2002
27113,28,0,28,2002
27115,135,28,163,2002
27117,14,2,16,2002
27119,112,0,112,2002
27121,132,87,219,2002
27123,538,1000,1538,2002
27125,1,3,4,2002
27127,21,3,24,2002
27129,18,0,18,2002
27131,593,86,679,2002
27133,23,0,23,2002
27135,20,0,20,2002
27137,605,18,623,2002
27139,1722,347,2069,2002
27141,1075,34,1109,2002
27143,80,0,80,2002
27145,1225,350,1575,2002
27147,232,38,270,2002
27149,17,4,21,2002
27151,31,4,35,2002
27153,172,0,172,2002
27155,8,0,8,2002
27157,166,52,218,2002
27159,65,0,65,2002
27161,77,4,81,2002
27163,1304,397,1701,2002
27165,18,0,18,2002
27167,21,0,21,2002
27169,185,156,341,2002
27171,1855,104,1959,2002
27173,23,0,23,2002
28001,4,0,4,2002
28003,27,24,51,2002
28005,2,0,2,2002
28007,16,0,16,2002
28009,1,0,1,2002
28011,36,0,36,2002
28013,1,0,1,2002
28017,11,0,11,2002
28019,3,0,3,2002
28021,1,0,1,2002
28023,9,0,9,2002
28025,21,2,23,2002
28027,42,0,42,2002
28029,5,0,5,2002
28031,11,0,11,2002
28033,2195,96,2291,2002
28035,115,306,421,2002
28037,1,0,1,2002
28039,2,0,2,2002
28041,0,18,18,2002
28043,23,0,23,2002
28045,426,0,426,2002
28047,1115,288,1403,2002
28049,639,296,935,2002
28051,18,23,41,2002
28053,1,0,1,2002
28055,0,0,0,2002
28057,14,0,14,2002
28059,764,54,818,2002
28061,14,4,18,2002
28063,4,0,4,2002
28065,0,0,0,2002
28067,27,0,27,2002
28069,0,0,0,2002
28071,60,66,126,2002
28073,16,12,28,2002
28075,64,0,64,2002
28077,2,0,2,2002
28079,9,0,9,2002
28081,97,8,105,2002
28083,38,144,182,2002
28085,14,0,14,2002
28087,168,0,168,2002
28089,791,416,1207,2002
28091,4,0,4,2002
28093,164,0,164,2002
28095,5,0,5,2002
28097,13,71,84,2002
28099,0,0,0,2002
28101,1,10,11,2002
28103,4,0,4,2002
28105,91,240,331,2002
28107,40,0,40,2002
28109,371,5,376,2002
28111,2,0,2,2002
28113,13,0,13,2002
28115,22,0,22,2002
28117,37,20,57,2002
28119,10,0,10,2002
28121,1019,236,1255,2002
28123,22,0,22,2002
28125,1,0,1,2002
28127,36,0,36,2002
28129,5,0,5,2002
28131,53,4,57,2002
28133,46,0,46,2002
28135,9,0,9,2002
28137,187,0,187,2002
28139,23,0,23,2002
28141,3,0,3,2002
28143,33,26,59,2002
28145,24,0,24,2002
28147,0,0,0,2002
28149,23,0,23,2002
28151,78,24,102,2002
28153,12,2,14,2002
28155,4,0,4,2002
28157,0,0,0,2002
28159,6,0,6,2002
28161,21,0,21,2002
28163,3,0,3,2002
29001,16,18,34,2002
29003,42,6,48,2002
29005,3,2,5,2002
29007,19,0,19,2002
29009,56,50,106,2002
29011,8,0,8,2002
29013,14,0,14,2002
29015,11,0,11,2002
29017,4,0,4,2002
29019,1131,655,1786,2002
29021,184,40,224,2002
29023,32,18,50,2002
29025,0,0,0,2002
29027,50,20,70,2002
29029,42,93,135,2002
29031,156,47,203,2002
29033,3,0,3,2002
29035,1,0,1,2002
29037,727,438,1165,2002
29039,4,9,13,2002
29041,4,0,4,2002
29043,477,380,857,2002
29045,1,0,1,2002
29047,626,170,796,2002
29049,162,23,185,2002
29051,385,197,582,2002
29053,17,22,39,2002
29055,21,0,21,2002
29057,0,0,0,2002
29061,1,0,1,2002
29063,8,0,8,2002
29065,9,0,9,2002
29067,8,0,8,2002
29069,22,8,30,2002
29071,558,83,641,2002
29073,9,0,9,2002
29075,6,0,6,2002
29077,1897,714,2611,2002
29079,19,0,19,2002
29081,3,0,3,2002
29083,36,0,36,2002
29085,0,0,0,2002
29087,7,0,7,2002
29089,12,0,12,2002
29091,90,4,94,2002
29093,4,0,4,2002
29095,4028,1502,5530,2002
29097,552,33,585,2002
29099,1548,33,1581,2002
29101,69,83,152,2002
29103,3,0,3,2002
29105,64,38,102,2002
29107,124,32,156,2002
29109,37,20,57,2002
29111,1,2,3,2002
29113,162,70,232,2002
29115,6,4,10,2002
29117,41,36,77,2002
29119,3,6,9,2002
29121,10,0,10,2002
29123,6,0,6,2002
29127,52,6,58,2002
29129,0,0,0,2002
29131,12,63,75,2002
29133,8,0,8,2002
29135,4,0,4,2002
29137,56,0,56,2002
29139,31,19,50,2002
29143,21,20,41,2002
29145,50,0,50,2002
29147,24,24,48,2002
29149,2,0,2,2002
29153,1,0,1,2002
29155,12,0,12,2002
29157,57,38,95,2002
29159,19,4,23,2002
29161,60,56,116,2002
29163,11,0,11,2002
29165,391,106,497,2002
29167,33,34,67,2002
29169,40,60,100,2002
29171,3,0,3,2002
29173,3,0,3,2002
29175,18,4,22,2002
29177,125,14,139,2002
29181,2,0,2,2002
29183,3632,1360,4992,2002
29186,5,0,5,2002
29187,159,97,256,2002
29189,1673,507,2180,2002
29195,14,26,40,2002
29197,18,0,18,2002
29199,1,0,1,2002
29201,109,0,109,2002
29203,1,12,13,2002
29205,0,0,0,2002
29207,37,2,39,2002
29209,21,12,33,2002
29211,1,4,5,2002
29213,373,38,411,2002
29215,8,0,8,2002
29217,12,0,12,2002
29219,307,73,380,2002
29221,3,0,3,2002
29225,101,6,107,2002
29227,0,0,0,2002
29229,12,0,12,2002
29510,150,141,291,2002
30001,0,2,2,2002
30003,8,0,8,2002
30005,0,0,0,2002
30007,6,0,6,2002
30009,14,0,14,2002
30011,0,0,0,2002
30013,112,8,120,2002
30015,2,0,2,2002
30017,3,0,3,2002
30019,1,0,1,2002
30021,1,0,1,2002
30023,20,0,20,2002
30025,2,0,2,2002
30027,2,15,17,2002
30029,296,130,426,2002
30031,386,297,683,2002
30033,0,0,0,2002
30035,0,0,0,2002
30037,0,0,0,2002
30039,3,0,3,2002
30041,5,2,7,2002
30043,0,0,0,2002
30045,0,0,0,2002
30047,28,60,88,2002
30049,62,52,114,2002
30051,0,0,0,2002
30053,4,0,4,2002
30055,0,0,0,2002
30057,10,8,18,2002
30059,0,0,0,2002
30061,5,0,5,2002
30063,396,731,1127,2002
30065,0,0,0,2002
30067,33,22,55,2002
30069,0,0,0,2002
30071,1,0,1,2002
30073,0,0,0,2002
30075,0,0,0,2002
30077,0,0,0,2002
30079,1,0,1,2002
30081,27,71,98,2002
30083,9,0,9,2002
30085,2,0,2,2002
30087,0,0,0,2002
30089,0,0,0,2002
30091,0,0,0,2002
30093,21,0,21,2002
30095,11,4,15,2002
30097,2,0,2,2002
30099,1,0,1,2002
30101,0,0,0,2002
30103,0,0,0,2002
30105,0,0,0,2002
30107,0,0,0,2002
30109,0,0,0,2002
30111,576,122,698,2002
31001,83,4,87,2002
31003,11,0,11,2002
31011,3,22,25,2002
31013,5,13,18,2002
31015,0,0,0,2002
31017,3,0,3,2002
31019,211,0,211,2002
31021,12,0,12,2002
31023,5,5,10,2002
31025,150,4,154,2002
31027,13,0,13,2002
31029,12,0,12,2002
31031,5,0,5,2002
31033,41,0,41,2002
31035,11,0,11,2002
31037,5,0,5,2002
31039,8,0,8,2002
31041,2,0,2,2002
31043,39,0,39,2002
31045,4,0,4,2002
31047,36,0,36,2002
31049,1,0,1,2002
31051,12,0,12,2002
31053,84,26,110,2002
31055,2409,829,3238,2002
31057,0,0,0,2002
31059,8,0,8,2002
31061,1,0,1,2002
31063,5,0,5,2002
31065,0,0,0,2002
31067,29,21,50,2002
31069,0,0,0,2002
31071,0,0,0,2002
31073,5,0,5,2002
31077,0,0,0,2002
31079,101,168,269,2002
31081,22,0,22,2002
31083,4,0,4,2002
31085,0,0,0,2002
31087,3,0,3,2002
31089,15,0,15,2002
31091,0,0,0,2002
31093,30,0,30,2002
31095,18,0,18,2002
31097,12,0,12,2002
31099,6,0,6,2002
31101,26,18,44,2002
31105,2,0,2,2002
31107,23,0,23,2002
31109,1536,368,1904,2002
31111,110,34,144,2002
31115,0,0,0,2002
31119,95,8,103,2002
31121,22,6,28,2002
31123,0,0,0,2002
31125,3,0,3,2002
31127,12,0,12,2002
31129,2,0,2,2002
31131,54,3,57,2002
31133,4,0,4,2002
31135,1,0,1,2002
31137,3,0,3,2002
31139,22,0,22,2002
31141,53,15,68,2002
31143,4,10,14,2002
31145,19,0,19,2002
31147,3,0,3,2002
31149,3,0,3,2002
31151,41,2,43,2002
31153,1426,412,1838,2002
31155,107,16,123,2002
31157,66,33,99,2002
31159,80,16,96,2002
31161,2,0,2,2002
31163,4,0,4,2002
31167,10,0,10,2002
31169,9,0,9,2002
31173,6,0,6,2002
31175,1,0,1,2002
31177,95,4,99,2002
31179,8,2,10,2002
31181,7,0,7,2002
31183,0,0,0,2002
31185,18,0,18,2002
32001,77,7,84,2002
32003,22148,7008,29156,2002
32005,672,4,676,2002
32007,52,18,70,2002
32013,8,0,8,2002
32015,0,0,0,2002
32017,14,0,14,2002
32019,538,0,538,2002
32021,7,0,7,2002
32023,0,0,0,2002
32027,2,0,2,2002
32029,25,0,25,2002
32031,3776,915,4691,2002
32033,8,0,8,2002
32510,307,29,336,2002
33001,610,20,630,2002
33003,625,8,633,2002
33005,315,22,337,2002
33007,103,0,103,2002
33009,464,116,580,2002
33011,1605,821,2426,2002
33013,955,365,1320,2002
33015,1332,312,1644,2002
33017,540,288,828,2002
33019,221,2,223,2002
34001,1851,169,2020,2002
34003,1015,756,1771,2002
34005,2026,333,2359,2002
34007,792,368,1160,2002
34009,814,608,1422,2002
34011,297,13,310,2002
34013,350,1238,1588,2002
34015,1689,113,1802,2002
34017,99,1435,1534,2002
34019,593,9,602,2002
34021,1126,302,1428,2002
34023,1623,376,1999,2002
34025,2213,159,2372,2002
34027,1128,786,1914,2002
34029,3376,158,3534,2002
34031,571,118,689,2002
34033,166,4,170,2002
34035,869,661,1530,2002
34037,667,12,679,2002
34039,247,434,681,2002
34041,867,10,877,2002
35000,1887,4,1891,2002
35001,4606,1212,5818,2002
35005,29,0,29,2002
35009,84,47,131,2002
35013,906,307,1213,2002
35015,53,0,53,2002
35025,12,0,12,2002
35027,180,4,184,2002
35028,157,6,163,2002
35029,36,0,36,2002
35031,28,52,80,2002
35035,104,0,104,2002
35039,6,0,6,2002
35041,14,36,50,2002
35043,857,7,864,2002
35045,280,0,280,2002
35049,582,22,604,2002
35053,14,8,22,2002
35055,186,0,186,2002
35061,340,0,340,2002
36001,628,145,773,2002
36003,100,26,126,2002
36005,18,2608,2626,2002
36007,231,59,290,2002
36009,167,16,183,2002
36011,160,2,162,2002
36013,260,32,292,2002
36015,109,32,141,2002
36017,67,10,77,2002
36019,229,38,267,2002
36021,301,66,367,2002
36023,71,0,71,2002
36025,149,4,153,2002
36027,909,221,1130,2002
36029,2017,370,2387,2002
36031,282,6,288,2002
36033,109,2,111,2002
36035,103,0,103,2002
36037,96,4,100,2002
36039,197,18,215,2002
36041,65,3,68,2002
36043,136,0,136,2002
36045,215,0,215,2002
36047,189,5058,5247,2002
36049,233,0,233,2002
36051,142,0,142,2002
36053,168,50,218,2002
36055,1575,489,2064,2002
36057,69,0,69,2002
36059,740,245,985,2002
36061,3,5404,5407,2002
36063,464,109,573,2002
36065,338,4,342,2002
36067,1104,276,1380,2002
36069,417,32,449,2002
36071,1727,402,2129,2002
36073,60,10,70,2002
36075,310,13,323,2002
36077,161,528,689,2002
36079,308,0,308,2002
36081,214,3250,3464,2002
36083,479,57,536,2002
36085,913,843,1756,2002
36087,220,309,529,2002
36089,238,10,248,2002
36091,1254,125,1379,2002
36093,210,250,460,2002
36095,68,10,78,2002
36097,54,0,54,2002
36099,28,4,32,2002
36101,183,0,183,2002
36103,3481,903,4384,2002
36105,527,30,557,2002
36107,100,0,100,2002
36109,208,191,399,2002
36111,718,130,848,2002
36113,408,54,462,2002
36115,202,72,274,2002
36117,264,2,266,2002
36119,1049,1145,2194,2002
36121,93,2,95,2002
36123,67,6,73,2002
37001,1042,369,1411,2002
37003,164,0,164,2002
37005,95,0,95,2002
37007,77,0,77,2002
37009,291,0,291,2002
37011,145,16,161,2002
37013,221,0,221,2002
37015,77,0,77,2002
37017,103,24,127,2002
37019,2451,191,2642,2002
37021,1330,828,2158,2002
37023,285,6,291,2002
37025,1904,61,1965,2002
37027,414,0,414,2002
37029,158,0,158,2002
37031,544,106,650,2002
37033,100,0,100,2002
37035,843,163,1006,2002
37037,542,14,556,2002
37039,357,0,357,2002
37041,58,0,58,2002
37043,155,10,165,2002
37045,316,214,530,2002
37047,92,30,122,2002
37049,620,50,670,2002
37051,1402,967,2369,2002
37053,514,0,514,2002
37055,1119,20,1139,2002
37057,710,185,895,2002
37059,300,0,300,2002
37061,126,48,174,2002
37063,1726,1110,2836,2002
37065,100,52,152,2002
37067,2392,539,2931,2002
37069,416,0,416,2002
37071,989,148,1137,2002
37073,21,0,21,2002
37075,54,0,54,2002
37077,358,10,368,2002
37079,43,0,43,2002
37081,3514,1139,4653,2002
37083,101,26,127,2002
37085,727,30,757,2002
37087,478,2,480,2002
37089,799,212,1011,2002
37091,49,14,63,2002
37093,467,0,467,2002
37095,20,0,20,2002
37097,1494,474,1968,2002
37099,860,116,976,2002
37101,1585,111,1696,2002
37103,4,0,4,2002
37105,242,132,374,2002
37107,142,6,148,2002
37109,643,30,673,2002
37111,169,6,175,2002
37113,323,0,323,2002
37115,119,0,119,2002
37117,50,2,52,2002
37119,8357,2249,10606,2002
37121,59,0,59,2002
37123,99,0,99,2002
37125,597,68,665,2002
37127,545,215,760,2002
37129,1839,593,2432,2002
37131,53,5,58,2002
37133,980,62,1042,2002
37135,1062,26,1088,2002
37137,49,2,51,2002
37139,207,6,213,2002
37141,423,0,423,2002
37143,91,0,91,2002
37145,214,2,216,2002
37147,811,1026,1837,2002
37149,160,2,162,2002
37151,669,34,703,2002
37153,258,0,258,2002
37155,262,57,319,2002
37157,312,0,312,2002
37159,655,161,816,2002
37161,318,18,336,2002
37163,159,0,159,2002
37165,56,40,96,2002
37167,308,69,377,2002
37169,141,20,161,2002
37171,226,0,226,2002
37173,121,14,135,2002
37175,256,0,256,2002
37177,37,0,37,2002
37179,2556,196,2752,2002
37181,126,0,126,2002
37183,8580,986,9566,2002
37185,106,0,106,2002
37187,9,0,9,2002
37189,473,68,541,2002
37191,425,8,433,2002
37193,189,0,189,2002
37195,363,56,419,2002
37197,149,8,157,2002
37199,90,30,120,2002
38001,3,0,3,2002
38003,11,4,15,2002
38005,0,0,0,2002
38007,0,0,0,2002
38009,2,0,2,2002
38011,2,0,2,2002
38013,1,0,1,2002
38015,481,173,654,2002
38017,752,904,1656,2002
38019,3,0,3,2002
38021,2,0,2,2002
38023,1,0,1,2002
38025,2,0,2,2002
38027,0,0,0,2002
38029,6,0,6,2002
38031,2,0,2,2002
38033,4,0,4,2002
38035,117,142,259,2002
38037,1,0,1,2002
38039,0,0,0,2002
38041,2,0,2,2002
38043,4,0,4,2002
38045,2,12,14,2002
38047,1,0,1,2002
38049,0,0,0,2002
38051,2,0,2,2002
38053,0,0,0,2002
38055,27,0,27,2002
38057,6,0,6,2002
38059,106,104,210,2002
38061,9,0,9,2002
38063,4,0,4,2002
38065,1,0,1,2002
38067,3,0,3,2002
38069,6,0,6,2002
38071,9,0,9,2002
38073,4,33,37,2002
38075,1,0,1,2002
38077,22,0,22,2002
38079,1,0,1,2002
38081,8,6,14,2002
38083,0,0,0,2002
38085,0,0,0,2002
38087,0,0,0,2002
38089,47,7,54,2002
38091,0,0,0,2002
38093,17,12,29,2002
38095,0,0,0,2002
38097,9,0,9,2002
38099,3,6,9,2002
38101,85,69,154,2002
38103,1,0,1,2002
38105,30,0,30,2002
39001,2,0,2,2002
39003,181,9,190,2002
39005,181,34,215,2002
39007,441,0,441,2002
39009,25,0,25,2002
39011,182,7,189,2002
39013,20,2,22,2002
39015,76,3,79,2002
39017,2102,394,2496,2002
39019,5,0,5,2002
39021,178,0,178,2002
39023,270,22,292,2002
39025,1219,253,1472,2002
39027,214,5,219,2002
39029,80,22,102,2002
39031,14,0,14,2002
39033,71,11,82,2002
39035,1805,191,1996,2002
39037,148,20,168,2002
39039,128,14,142,2002
39041,2564,324,2888,2002
39043,191,13,204,2002
39045,967,321,1288,2002
39047,132,0,132,2002
39049,5223,5020,10243,2002
39051,157,37,194,2002
39053,1,0,1,2002
39055,436,0,436,2002
39057,766,141,907,2002
39059,93,4,97,2002
39061,1308,903,2211,2002
39063,255,34,289,2002
39065,51,0,51,2002
39067,1,0,1,2002
39069,91,0,91,2002
39071,73,25,98,2002
39073,8,0,8,2002
39075,11,18,29,2002
39077,146,35,181,2002
39079,90,3,93,2002
39081,44,79,123,2002
39083,345,10,355,2002
39085,711,9,720,2002
39087,12,14,26,2002
39089,1257,496,1753,2002
39091,213,0,213,2002
39093,1844,279,2123,2002
39095,1124,105,1229,2002
39097,189,28,217,2002
39099,652,18,670,2002
39101,148,4,152,2002
39103,1373,156,1529,2002
39105,14,0,14,2002
39107,110,14,124,2002
39109,357,0,357,2002
39111,0,0,0,2002
39113,1239,566,1805,2002
39115,2,0,2,2002
39117,49,0,49,2002
39119,12,105,117,2002
39121,29,0,29,2002
39123,240,18,258,2002
39125,73,0,73,2002
39127,25,12,37,2002
39129,148,0,148,2002
39131,35,0,35,2002
39133,559,2,561,2002
39135,168,9,177,2002
39137,79,15,94,2002
39139,368,78,446,2002
39141,46,0,46,2002
39143,171,33,204,2002
39145,5,52,57,2002
39147,180,4,184,2002
39149,188,17,205,2002
39151,1230,165,1395,2002
39153,1623,450,2073,2002
39155,354,137,491,2002
39157,148,12,160,2002
39159,529,0,529,2002
39161,77,0,77,2002
39163,0,0,0,2002
39165,2650,118,2768,2002
39167,32,0,32,2002
39169,434,158,592,2002
39171,161,2,163,2002
39173,579,391,970,2002
39175,60,40,100,2002
40001,8,40,48,2002
40003,1,0,1,2002
40005,5,0,5,2002
40007,0,0,0,2002
40009,21,0,21,2002
40011,1,0,1,2002
40013,71,113,184,2002
40015,15,0,15,2002
40017,332,98,430,2002
40019,80,0,80,2002
40021,75,93,168,2002
40023,19,0,19,2002
40025,0,0,0,2002
40027,1072,39,1111,2002
40029,5,0,5,2002
40031,146,24,170,2002
40033,3,0,3,2002
40035,4,0,4,2002
40037,90,4,94,2002
40039,43,0,43,2002
40041,57,41,98,2002
40043,0,0,0,2002
40045,0,0,0,2002
40047,84,83,167,2002
40049,22,0,22,2002
40051,120,79,199,2002
40053,1,0,1,2002
40055,1,0,1,2002
40059,5,0,5,2002
40061,11,0,11,2002
40063,1,0,1,2002
40065,19,0,19,2002
40067,0,0,0,2002
40069,5,0,5,2002
40071,32,0,32,2002
40073,8,0,8,2002
40075,2,4,6,2002
40077,8,0,8,2002
40079,64,0,64,2002
40081,32,4,36,2002
40083,13,2,15,2002
40085,4,4,8,2002
40087,150,10,160,2002
40089,28,0,28,2002
40091,13,0,13,2002
40093,1,0,1,2002
40095,1,2,3,2002
40097,22,0,22,2002
40099,16,2,18,2002
40101,102,8,110,2002
40103,6,0,6,2002
40105,4,2,6,2002
40107,21,0,21,2002
40109,4137,264,4401,2002
40111,39,0,39,2002
40113,161,48,209,2002
40115,18,28,46,2002
40117,0,0,0,2002
40119,149,18,167,2002
40121,58,34,92,2002
40123,21,12,33,2002
40125,90,0,90,2002
40127,7,0,7,2002
40129,0,0,0,2002
40131,461,0,461,2002
40133,8,0,8,2002
40135,84,6,90,2002
40137,42,0,42,2002
40139,15,0,15,2002
40141,0,0,0,2002
40143,2599,659,3258,2002
40145,585,2,587,2002
40147,66,0,66,2002
40149,27,0,27,2002
40151,1,0,1,2002
40153,14,16,30,2002
41000,255,2,257,2002
41001,39,2,41,2002
41003,357,12,369,2002
41005,1519,294,1813,2002
41007,155,12,167,2002
41009,287,117,404,2002
41011,41,2,43,2002
41013,156,58,214,2002
41015,99,8,107,2002
41017,2206,327,2533,2002
41019,328,32,360,2002
41021,0,0,0,2002
41025,9,0,9,2002
41027,143,0,143,2002
41029,1439,109,1548,2002
41031,97,0,97,2002
41033,407,113,520,2002
41035,212,15,227,2002
41037,18,0,18,2002
41039,1400,225,1625,2002
41041,206,19,225,2002
41043,544,24,568,2002
41045,42,2,44,2002
41047,1352,348,1700,2002
41051,1718,1564,3282,2002
41053,200,60,260,2002
41055,4,0,4,2002
41057,144,11,155,2002
41059,189,136,325,2002
41061,35,0,35,2002
41065,23,0,23,2002
41067,3168,1087,4255,2002
41069,2,0,2,2002
41071,619,194,813,2002
42001,646,8,654,2002
42003,1927,1314,3241,2002
42005,117,54,171,2002
42007,359,35,394,2002
42009,153,3,156,2002
42011,1754,367,2121,2002
42013,236,86,322,2002
42015,145,0,145,2002
42017,2311,504,2815,2002
42019,917,83,1000,2002
42021,211,2,213,2002
42023,15,0,15,2002
42025,307,36,343,2002
42027,877,118,995,2002
42029,3168,136,3304,2002
42031,93,9,102,2002
42033,167,2,169,2002
42035,128,4,132,2002
42037,197,20,217,2002
42039,285,34,319,2002
42041,1230,41,1271,2002
42043,784,111,895,2002
42045,688,247,935,2002
42047,72,0,72,2002
42049,593,50,643,2002
42051,266,17,283,2002
42053,53,17,70,2002
42055,707,261,968,2002
42057,113,0,113,2002
42059,74,0,74,2002
42061,189,0,189,2002
42063,146,23,169,2002
42065,131,0,131,2002
42067,84,0,84,2002
42069,439,76,515,2002
42071,2077,471,2548,2002
42073,191,31,222,2002
42075,804,6,810,2002
42077,1350,84,1434,2002
42079,710,179,889,2002
42081,321,34,355,2002
42083,69,0,69,2002
42085,421,40,461,2002
42087,121,0,121,2002
42089,1573,47,1620,2002
42091,2352,301,2653,2002
42093,60,0,60,2002
42095,1678,231,1909,2002
42097,204,4,208,2002
42099,196,24,220,2002
42101,147,407,554,2002
42103,723,0,723,2002
42105,108,0,108,2002
42107,367,59,426,2002
42109,105,5,110,2002
42111,184,40,224,2002
42113,45,0,45,2002
42115,157,2,159,2002
42117,158,9,167,2002
42119,211,0,211,2002
42121,125,0,125,2002
42123,99,2,101,2002
42125,723,111,834,2002
42127,319,4,323,2002
42129,968,149,1117,2002
42131,117,0,117,2002
42133,2423,533,2956,2002
44001,115,10,125,2002
44003,337,69,406,2002
44005,263,20,283,2002
44007,856,350,1206,2002
44009,611,217,828,2002
45001,112,0,112,2002
45003,848,60,908,2002
45005,1,0,1,2002
45007,1150,404,1554,2002
45009,19,0,19,2002
45011,25,0,25,2002
45013,2374,272,2646,2002
45015,935,12,947,2002
45017,90,0,90,2002
45019,3181,667,3848,2002
45021,149,9,158,2002
45023,87,0,87,2002
45025,99,6,105,2002
45027,117,0,117,2002
45029,110,120,230,2002
45031,186,8,194,2002
45033,45,0,45,2002
45035,869,318,1187,2002
45037,113,0,113,2002
45039,79,0,79,2002
45041,473,34,507,2002
45043,537,129,666,2002
45045,3194,105,3299,2002
45047,208,54,262,2002
45049,33,0,33,2002
45051,2432,1585,4017,2002
45053,80,0,80,2002
45055,329,0,329,2002
45057,307,3,310,2002
45059,153,0,153,2002
45061,29,0,29,2002
45063,1674,46,1720,2002
45065,62,0,62,2002
45067,41,0,41,2002
45069,38,4,42,2002
45071,132,0,132,2002
45073,520,51,571,2002
45075,266,128,394,2002
45077,741,112,853,2002
45079,2611,318,2929,2002
45081,51,0,51,2002
45083,1532,454,1986,2002
45085,330,74,404,2002
45087,42,0,42,2002
45089,55,0,55,2002
45091,2207,526,2733,2002
46003,7,0,7,2002
46005,48,0,48,2002
46007,1,0,1,2002
46009,3,3,6,2002
46011,297,48,345,2002
46013,81,66,147,2002
46015,14,0,14,2002
46019,24,0,24,2002
46021,1,0,1,2002
46023,8,0,8,2002
46025,6,0,6,2002
46027,31,0,31,2002
46029,143,6,149,2002
46031,0,0,0,2002
46033,86,0,86,2002
46035,54,46,100,2002
46037,23,0,23,2002
46039,28,0,28,2002
46041,0,0,0,2002
46043,1,0,1,2002
46045,16,0,16,2002
46047,7,22,29,2002
46049,2,0,2,2002
46051,35,2,37,2002
46053,12,0,12,2002
46055,1,0,1,2002
46057,21,4,25,2002
46059,2,0,2,2002
46063,0,0,0,2002
46065,51,9,60,2002
46067,9,0,9,2002
46069,0,0,0,2002
46071,0,0,0,2002
46073,3,0,3,2002
46075,0,0,0,2002
46077,27,0,27,2002
46079,58,26,84,2002
46081,189,16,205,2002
46083,193,4,197,2002
46085,6,0,6,2002
46087,30,3,33,2002
46089,0,0,0,2002
46091,14,0,14,2002
46093,172,0,172,2002
46095,0,0,0,2002
46097,4,0,4,2002
46099,1376,426,1802,2002
46101,15,0,15,2002
46103,568,254,822,2002
46105,0,0,0,2002
46107,3,0,3,2002
46109,28,4,32,2002
46111,3,0,3,2002
46115,3,6,9,2002
46117,15,0,15,2002
46119,5,2,7,2002
46121,0,0,0,2002
46123,1,0,1,2002
46125,25,0,25,2002
46127,104,29,133,2002
46129,7,0,7,2002
46135,53,0,53,2002
47001,250,80,330,2002
47003,210,34,244,2002
47005,6,0,6,2002
47009,226,234,460,2002
47011,477,48,525,2002
47013,45,16,61,2002
47015,9,8,17,2002
47017,38,0,38,2002
47019,30,0,30,2002
47021,255,70,325,2002
47023,40,0,40,2002
47025,263,4,267,2002
47029,0,0,0,2002
47031,159,11,170,2002
47033,4,0,4,2002
47035,52,4,56,2002
47037,2877,588,3465,2002
47039,5,6,11,2002
47041,8,0,8,2002
47043,243,128,371,2002
47045,136,2,138,2002
47047,150,2,152,2002
47049,0,4,4,2002
47051,276,28,304,2002
47053,122,50,172,2002
47055,10,0,10,2002
47057,0,0,0,2002
47059,281,16,297,2002
47063,155,4,159,2002
47065,1499,200,1699,2002
47067,0,0,0,2002
47069,87,0,87,2002
47071,33,64,97,2002
47073,92,0,92,2002
47075,28,34,62,2002
47077,28,0,28,2002
47079,23,0,23,2002
47081,10,18,28,2002
47083,2,0,2,2002
47085,22,37,59,2002
47087,0,0,0,2002
47089,317,48,365,2002
47091,42,64,106,2002
47093,2493,490,2983,2002
47095,6,0,6,2002
47097,83,72,155,2002
47099,10,26,36,2002
47101,4,0,4,2002
47103,10,0,10,2002
47105,242,6,248,2002
47107,49,0,49,2002
47109,18,0,18,2002
47111,13,11,24,2002
47113,570,74,644,2002
47115,161,0,161,2002
47117,172,0,172,2002
47119,1165,44,1209,2002
47121,5,0,5,2002
47123,162,4,166,2002
47125,1201,343,1544,2002
47127,38,0,38,2002
47129,19,0,19,2002
47131,70,0,70,2002
47133,2,0,2,2002
47135,0,0,0,2002
47139,0,0,0,2002
47141,329,140,469,2002
47143,145,0,145,2002
47145,42,0,42,2002
47147,641,14,655,2002
47149,2938,180,3118,2002
47151,4,0,4,2002
47153,11,0,11,2002
47155,310,295,605,2002
47157,4147,1189,5336,2002
47159,73,0,73,2002
47161,4,0,4,2002
47163,592,146,738,2002
47165,1171,45,1216,2002
47167,471,189,660,2002
47169,22,0,22,2002
47171,6,0,6,2002
47173,162,0,162,2002
47177,20,0,20,2002
47179,637,74,711,2002
47181,11,0,11,2002
47183,104,4,108,2002
47185,4,0,4,2002
47187,1552,8,1560,2002
47189,913,32,945,2002
48001,12,0,12,2002
48003,13,0,13,2002
48005,156,12,168,2002
48007,87,2,89,2002
48009,8,0,8,2002
48011,3,0,3,2002
48013,54,19,73,2002
48015,45,6,51,2002
48017,1,0,1,2002
48019,2,0,2,2002
48021,284,88,372,2002
48023,0,0,0,2002
48025,9,0,9,2002
48027,1769,1084,2853,2002
48029,7880,2552,10432,2002
48031,21,0,21,2002
48035,5,0,5,2002
48037,124,18,142,2002
48039,2738,343,3081,2002
48041,967,840,1807,2002
48043,19,0,19,2002
48047,2,3,5,2002
48049,14,8,22,2002
48051,14,0,14,2002
48053,440,11,451,2002
48055,112,0,112,2002
48057,109,2,111,2002
48059,4,0,4,2002
48061,3178,739,3917,2002
48063,9,0,9,2002
48065,7,0,7,2002
48067,22,0,22,2002
48069,1,0,1,2002
48071,270,0,270,2002
48073,49,8,57,2002
48075,1,0,1,2002
48077,4,0,4,2002
48079,0,0,0,2002
48081,0,0,0,2002
48083,2,0,2,2002
48085,9685,732,10417,2002
48087,0,0,0,2002
48089,16,0,16,2002
48091,1323,169,1492,2002
48093,2,0,2,2002
48097,31,12,43,2002
48099,81,27,108,2002
48101,0,0,0,2002
48103,0,0,0,2002
48107,0,0,0,2002
48109,2,0,2,2002
48111,3,0,3,2002
48113,8006,7324,15330,2002
48115,0,0,0,2002
48117,2,0,2,2002
48119,5,0,5,2002
48121,4492,1406,5898,2002
48123,2,0,2,2002
48127,0,12,12,2002
48129,0,0,0,2002
48133,0,0,0,2002
48135,128,72,200,2002
48139,786,88,874,2002
48141,3459,251,3710,2002
48143,33,76,109,2002
48145,10,0,10,2002
48147,38,56,94,2002
48149,14,0,14,2002
48151,0,0,0,2002
48153,4,0,4,2002
48155,0,0,0,2002
48157,1130,0,1130,2002
48159,4,0,4,2002
48161,23,24,47,2002
48163,8,0,8,2002
48165,3,0,3,2002
48167,2687,52,2739,2002
48169,0,0,0,2002
48171,99,51,150,2002
48177,20,0,20,2002
48179,2,0,2,2002
48181,383,16,399,2002
48183,285,0,285,2002
48185,15,0,15,2002
48187,809,0,809,2002
48189,14,0,14,2002
48191,0,0,0,2002
48193,1,0,1,2002
48195,0,0,0,2002
48197,1,0,1,2002
48199,77,0,77,2002
48201,23052,11287,34339,2002
48203,46,0,46,2002
48207,0,0,0,2002
48209,1091,411,1502,2002
48211,0,0,0,2002
48213,127,0,127,2002
48215,6418,1059,7477,2002
48217,25,0,25,2002
48219,13,2,15,2002
48221,87,15,102,2002
48223,49,0,49,2002
48225,7,0,7,2002
48227,0,76,76,2002
48231,85,0,85,2002
48233,0,0,0,2002
48237,0,0,0,2002
48239,19,0,19,2002
48241,6,0,6,2002
48245,566,94,660,2002
48249,34,0,34,2002
48251,755,17,772,2002
48253,3,0,3,2002
48255,13,0,13,2002
48257,573,2,575,2002
48259,344,29,373,2002
48265,89,0,89,2002
48267,2,0,2,2002
48271,2,0,2,2002
48273,8,0,8,2002
48277,105,63,168,2002
48279,4,0,4,2002
48281,23,0,23,2002
48283,1,0,1,2002
48285,13,7,20,2002
48287,52,0,52,2002
48291,235,0,235,2002
48293,10,0,10,2002
48295,0,0,0,2002
48297,3,0,3,2002
48299,227,103,330,2002
48303,1347,526,1873,2002
48305,2,0,2,2002
48307,5,60,65,2002
48309,532,267,799,2002
48313,16,0,16,2002
48315,6,0,6,2002
48317,1,0,1,2002
48319,0,0,0,2002
48321,101,0,101,2002
48323,178,25,203,2002
48325,21,0,21,2002
48329,227,0,227,2002
48331,28,72,100,2002
48335,0,0,0,2002
48337,11,0,11,2002
48339,4497,536,5033,2002
48341,32,0,32,2002
48343,14,0,14,2002
48345,0,0,0,2002
48347,64,230,294,2002
48349,51,0,51,2002
48351,0,0,0,2002
48353,4,0,4,2002
48355,1079,253,1332,2002
48357,2,0,2,2002
48359,1,0,1,2002
48361,224,0,224,2002
48363,8,0,8,2002
48365,9,0,9,2002
48367,360,4,364,2002
48369,1,0,1,2002
48371,5,0,5,2002
48373,172,0,172,2002
48375,676,188,864,2002
48377,72,0,72,2002
48379,15,0,15,2002
48381,46,0,46,2002
48383,4,0,4,2002
48385,10,0,10,2002
48387,2,0,2,2002
48389,1,0,1,2002
48391,5,32,37,2002
48395,18,0,18,2002
48397,1224,0,1224,2002
48399,1,0,1,2002
48401,17,2,19,2002
48403,1,0,1,2002
48405,2,0,2,2002
48407,0,0,0,2002
48409,254,306,560,2002
48411,3,0,3,2002
48413,4,0,4,2002
48415,2,0,2,2002
48419,2,0,2,2002
48421,15,2,17,2002
48423,548,83,631,2002
48425,12,7,19,2002
48427,0,0,0,2002
48429,1,0,1,2002
48435,1,0,1,2002
48437,0,0,0,2002
48439,12189,3729,15918,2002
48441,158,28,186,2002
48445,2,0,2,2002
48449,23,8,31,2002
48451,251,0,251,2002
48453,5246,5349,10595,2002
48455,0,0,0,2002
48457,1,0,1,2002
48459,17,0,17,2002
48461,0,0,0,2002
48463,41,0,41,2002
48465,122,5,127,2002
48467,49,0,49,2002
48469,212,0,212,2002
48471,74,108,182,2002
48473,31,183,214,2002
48475,2,0,2,2002
48477,31,148,179,2002
48479,1439,366,1805,2002
48481,27,0,27,2002
48483,1,0,1,2002
48485,248,234,482,2002
48487,2,0,2,2002
48489,86,72,158,2002
48491,4339,312,4651,2002
48493,51,0,51,2002
48495,4,0,4,2002
48497,103,6,109,2002
48499,14,0,14,2002
48501,1,0,1,2002
48503,4,0,4,2002
48507,6,0,6,2002
49001,23,0,23,2002
49003,284,40,324,2002
49005,588,77,665,2002
49007,34,0,34,2002
49009,12,0,12,2002
49011,2328,158,2486,2002
49013,117,0,117,2002
49015,23,0,23,2002
49017,72,0,72,2002
49019,85,0,85,2002
49021,257,195,452,2002
49023,78,0,78,2002
49025,116,0,116,2002
49027,46,0,46,2002
49029,50,4,54,2002
49031,7,0,7,2002
49033,97,16,113,2002
49035,4010,1594,5604,2002
49037,19,0,19,2002
49039,55,14,69,2002
49041,112,38,150,2002
49043,432,4,436,2002
49045,516,92,608,2002
49047,107,0,107,2002
49049,2920,805,3725,2002
49051,249,140,389,2002
49053,1898,185,2083,2002
49055,16,2,18,2002
49057,1262,232,1494,2002
50001,181,8,189,2002
50003,173,22,195,2002
50005,135,0,135,2002
50007,348,400,748,2002
50009,18,0,18,2002
50011,233,95,328,2002
50013,46,0,46,2002
50015,154,6,160,2002
50017,60,8,68,2002
50019,133,15,148,2002
50021,164,7,171,2002
50023,299,12,311,2002
50025,270,6,276,2002
50027,253,46,299,2002
51001,166,6,172,2002
51003,631,1120,1751,2002
51005,35,40,75,2002
51007,96,0,96,2002
51009,118,0,118,2002
51011,67,0,67,2002
51013,17,0,17,2002
51015,517,3,520,2002
51017,39,0,39,2002
51019,532,0,532,2002
51021,41,0,41,2002
51023,194,0,194,2002
51025,47,0,47,2002
51027,20,4,24,2002
51029,60,0,60,2002
51031,222,173,395,2002
51033,295,8,303,2002
51035,151,54,205,2002
51036,30,0,30,2002
51037,89,0,89,2002
51041,2503,816,3319,2002
51043,129,0,129,2002
51045,38,0,38,2002
51047,432,14,446,2002
51049,67,2,69,2002
51051,25,0,25,2002
51053,171,2,173,2002
51057,50,18,68,2002
51059,2982,2997,5979,2002
51061,707,0,707,2002
51063,108,0,108,2002
51065,420,2,422,2002
51067,492,23,515,2002
51069,866,0,866,2002
51071,72,0,72,2002
51073,241,6,247,2002
51075,267,0,267,2002
51077,137,0,137,2002
51079,227,0,227,2002
51081,26,0,26,2002
51083,77,0,77,2002
51085,954,0,954,2002
51087,1886,590,2476,2002
51089,85,0,85,2002
51091,26,0,26,2002
51093,290,3,293,2002
51095,827,9,836,2002
51097,44,0,44,2002
51099,272,0,272,2002
51101,109,0,109,2002
51103,73,4,77,2002
51105,72,38,110,2002
51107,4659,1449,6108,2002
51109,443,6,449,2002
51111,38,0,38,2002
51113,105,4,109,2002
51115,68,0,68,2002
51117,162,0,162,2002
51119,101,0,101,2002
51121,569,67,636,2002
51125,120,0,120,2002
51127,215,0,215,2002
51131,92,32,124,2002
51133,162,0,162,2002
51135,70,0,70,2002
51137,382,52,434,2002
51139,97,0,97,2002
51141,73,0,73,2002
51143,194,14,208,2002
51145,343,0,343,2002
51147,66,41,107,2002
51149,244,0,244,2002
51153,4998,1016,6014,2002
51155,107,2,109,2002
51157,61,0,61,2002
51159,28,4,32,2002
51161,451,2,453,2002
51163,229,22,251,2002
51165,467,0,467,2002
51167,61,10,71,2002
51169,72,0,72,2002
51171,363,126,489,2002
51173,49,6,55,2002
51175,72,2,74,2002
51177,1651,0,1651,2002
51179,1692,386,2078,2002
51181,52,0,52,2002
51183,13,0,13,2002
51185,77,6,83,2002
51187,331,0,331,2002
51191,238,80,318,2002
51193,158,28,186,2002
51195,64,0,64,2002
51197,55,6,61,2002
51199,466,324,790,2002
51510,380,864,1244,2002
51515,13,10,23,2002
51520,86,0,86,2002
51530,30,4,34,2002
51540,53,63,116,2002
51550,1190,94,1284,2002
51570,54,0,54,2002
51580,19,0,19,2002
51590,50,4,54,2002
51595,9,42,51,2002
51600,27,0,27,2002
51610,2,0,2,2002
51620,8,8,16,2002
51630,103,0,103,2002
51640,7,2,9,2002
51650,277,0,277,2002
51660,296,30,326,2002
51670,51,0,51,2002
51678,10,0,10,2002
51680,251,72,323,2002
51683,142,0,142,2002
51685,65,148,213,2002
51690,13,0,13,2002
51700,319,973,1292,2002
51710,276,341,617,2002
51720,3,4,7,2002
51730,8,0,8,2002
51735,50,0,50,2002
51740,153,0,153,2002
51750,55,40,95,2002
51760,161,355,516,2002
51770,273,73,346,2002
51775,59,8,67,2002
51790,48,10,58,2002
51800,994,306,1300,2002
51810,1896,440,2336,2002
51820,68,15,83,2002
51830,71,31,102,2002
51840,141,180,321,2002
53001,30,24,54,2002
53003,43,2,45,2002
53005,1089,352,1441,2002
53007,312,15,327,2002
53009,396,8,404,2002
53011,3111,653,3764,2002
53013,11,0,11,2002
53015,365,116,481,2002
53017,175,24,199,2002
53019,19,0,19,2002
53021,804,2,806,2002
53023,1,0,1,2002
53025,208,112,320,2002
53027,218,8,226,2002
53029,532,38,570,2002
53031,253,4,257,2002
53033,5783,4768,10551,2002
53035,1135,94,1229,2002
53037,318,47,365,2002
53039,81,2,83,2002
53041,209,14,223,2002
53043,37,0,37,2002
53045,413,16,429,2002
53047,162,0,162,2002
53049,107,4,111,2002
53051,61,8,69,2002
53053,4721,746,5467,2002
53055,161,7,168,2002
53057,610,277,887,2002
53059,45,2,47,2002
53061,3902,1071,4973,2002
53063,1615,573,2188,2002
53065,135,4,139,2002
53067,1623,212,1835,2002
53069,20,0,20,2002
53071,182,10,192,2002
53073,1107,430,1537,2002
53075,78,177,255,2002
53077,366,168,534,2002
54001,12,0,12,2002
54003,1351,90,1441,2002
54005,13,0,13,2002
54007,1,0,1,2002
54009,16,0,16,2002
54011,30,13,43,2002
54015,16,0,16,2002
54019,141,32,173,2002
54021,0,0,0,2002
54023,106,21,127,2002
54025,134,10,144,2002
54027,164,0,164,2002
54029,24,24,48,2002
54031,115,0,115,2002
54033,169,0,169,2002
54035,53,0,53,2002
54037,674,4,678,2002
54039,61,61,122,2002
54041,0,0,0,2002
54043,40,0,40,2002
54045,2,6,8,2002
54047,10,0,10,2002
54049,19,0,19,2002
54051,6,0,6,2002
54053,12,0,12,2002
54055,12,0,12,2002
54057,105,0,105,2002
54059,15,0,15,2002
54061,28,43,71,2002
54063,1,0,1,2002
54065,231,0,231,2002
54067,3,0,3,2002
54069,16,0,16,2002
54071,49,0,49,2002
54073,9,0,9,2002
54075,38,0,38,2002
54077,0,0,0,2002
54079,236,52,288,2002
54081,197,2,199,2002
54083,25,0,25,2002
54085,1,0,1,2002
54087,1,0,1,2002
54089,27,0,27,2002
54091,3,0,3,2002
54093,11,0,11,2002
54095,1,0,1,2002
54097,103,0,103,2002
54099,52,0,52,2002
54101,0,0,0,2002
54103,6,0,6,2002
54105,11,0,11,2002
54107,166,26,192,2002
54109,0,0,0,2002
55001,318,4,322,2002
55003,60,6,66,2002
55005,258,112,370,2002
55007,140,0,140,2002
55009,1259,878,2137,2002
55011,84,16,100,2002
55013,211,6,217,2002
55015,550,24,574,2002
55017,422,39,461,2002
55019,94,0,94,2002
55021,309,66,375,2002
55023,48,0,48,2002
55025,2472,1863,4335,2002
55027,331,105,436,2002
55029,324,70,394,2002
55031,217,0,217,2002
55033,207,162,369,2002
55035,424,485,909,2002
55037,0,0,0,2002
55039,370,159,529,2002
55041,122,0,122,2002
55043,105,8,113,2002
55045,207,56,263,2002
55047,74,18,92,2002
55049,150,78,228,2002
55051,57,0,57,2002
55053,109,2,111,2002
55055,366,271,637,2002
55057,143,52,195,2002
55059,813,348,1161,2002
55061,136,66,202,2002
55063,431,114,545,2002
55065,47,2,49,2002
55067,150,0,150,2002
55069,211,6,217,2002
55071,170,84,254,2002
55073,820,102,922,2002
55075,247,28,275,2002
55077,101,0,101,2002
55078,24,0,24,2002
55079,645,1416,2061,2002
55081,161,35,196,2002
55083,461,0,461,2002
55085,452,6,458,2002
55087,892,699,1591,2002
55089,353,149,502,2002
55091,40,3,43,2002
55093,349,97,446,2002
55095,398,32,430,2002
55097,310,322,632,2002
55099,169,0,169,2002
55101,642,309,951,2002
55103,65,8,73,2002
55105,577,395,972,2002
55107,145,15,160,2002
55109,1176,132,1308,2002
55111,357,518,875,2002
55113,311,14,325,2002
55115,210,94,304,2002
55117,405,275,680,2002
55119,67,2,69,2002
55121,132,8,140,2002
55123,62,12,74,2002
55125,274,11,285,2002
55127,661,363,1024,2002
55129,222,8,230,2002
55131,682,324,1006,2002
55133,1776,591,2367,2002
55135,362,83,445,2002
55137,196,4,200,2002
55139,720,655,1375,2002
55141,274,316,590,2002
56001,153,10,163,2002
56003,11,0,11,2002
56005,144,0,144,2002
56007,28,0,28,2002
56009,10,6,16,2002
56011,30,0,30,2002
56013,37,8,45,2002
56015,2,0,2,2002
56017,3,0,3,2002
56019,26,44,70,2002
56021,446,32,478,2002
56023,192,12,204,2002
56025,280,20,300,2002
56027,0,0,0,2002
56029,164,15,179,2002
56031,12,0,12,2002
56033,106,6,112,2002
56035,74,14,88,2002
56037,48,0,48,2002
56039,131,66,197,2002
56041,58,0,58,2002
56043,3,0,3,2002
56045,4,0,4,2002
01001,283,0,283,2003
01003,2932,986,3918,2003
01005,15,0,15,2003
01007,2,0,2,2003
01009,55,8,63,2003
01011,1,10,11,2003
01013,17,0,17,2003
01015,163,0,163,2003
01017,11,0,11,2003
01019,24,0,24,2003
01021,29,0,29,2003
01023,2,0,2,2003
01025,15,40,55,2003
01027,2,6,8,2003
01029,5,0,5,2003
01031,204,0,204,2003
01033,118,41,159,2003
01035,4,0,4,2003
01037,0,0,0,2003
01039,16,0,16,2003
01041,13,0,13,2003
01043,46,0,46,2003
01045,64,10,74,2003
01047,3,58,61,2003
01049,64,0,64,2003
01051,366,0,366,2003
01053,20,2,22,2003
01055,252,83,335,2003
01057,7,0,7,2003
01059,16,0,16,2003
01061,21,0,21,2003
01063,1,0,1,2003
01065,43,0,43,2003
01067,29,10,39,2003
01069,395,0,395,2003
01071,61,0,61,2003
01073,3325,624,3949,2003
01075,3,0,3,2003
01077,123,160,283,2003
01079,9,0,9,2003
01081,665,502,1167,2003
01083,100,84,184,2003
01085,4,0,4,2003
01087,17,0,17,2003
01089,1113,1100,2213,2003
01091,17,0,17,2003
01093,15,0,15,2003
01095,167,26,193,2003
01097,1665,19,1684,2003
01099,15,0,15,2003
01101,814,305,1119,2003
01103,414,6,420,2003
01105,1,0,1,2003
01107,7,0,7,2003
01109,51,78,129,2003
01111,1,0,1,2003
01113,283,48,331,2003
01115,349,2,351,2003
01117,2159,69,2228,2003
01119,4,12,16,2003
01121,79,26,105,2003
01123,36,0,36,2003
01125,880,270,1150,2003
01127,51,0,51,2003
01129,3,0,3,2003
01131,0,0,0,2003
01133,2,0,2,2003
02000,166,0,166,2003
02013,10,0,10,2003
02016,7,5,12,2003
02020,885,1502,2387,2003
02050,46,7,53,2003
02060,0,0,0,2003
02090,197,60,257,2003
02100,6,0,6,2003
02110,85,32,117,2003
02122,85,40,125,2003
02130,29,0,29,2003
02150,48,24,72,2003
02170,81,79,160,2003
02180,2,4,6,2003
02185,7,0,7,2003
02188,0,0,0,2003
02201,0,0,0,2003
02220,37,24,61,2003
02232,7,14,21,2003
02261,25,0,25,2003
02280,13,0,13,2003
02282,4,0,4,2003
02290,0,0,0,2003
04001,99,4,103,2003
04003,826,4,830,2003
04005,847,342,1189,2003
04007,248,42,290,2003
04009,66,0,66,2003
04011,2,0,2,2003
04012,54,0,54,2003
04013,40769,7188,47957,2003
04015,2995,392,3387,2003
04017,784,88,872,2003
04019,7598,312,7910,2003
04021,6516,387,6903,2003
04023,509,25,534,2003
04025,2641,343,2984,2003
04027,1891,24,1915,2003
05001,13,4,17,2003
05003,17,0,17,2003
05005,42,79,121,2003
05007,1548,350,1898,2003
05009,106,0,106,2003
05011,9,0,9,2003
05013,1,0,1,2003
05015,26,12,38,2003
05017,20,0,20,2003
05019,15,10,25,2003
05021,15,0,15,2003
05023,46,14,60,2003
05025,0,0,0,2003
05027,11,82,93,2003
05029,7,6,13,2003
05031,509,137,646,2003
05033,232,71,303,2003
05035,305,22,327,2003
05037,37,3,40,2003
05039,5,0,5,2003
05041,25,8,33,2003
05043,8,18,26,2003
05045,798,90,888,2003
05047,13,0,13,2003
05049,0,0,0,2003
05051,129,0,129,2003
05053,28,0,28,2003
05055,184,11,195,2003
05057,19,0,19,2003
05059,7,0,7,2003
05061,14,0,14,2003
05063,21,0,21,2003
05065,12,0,12,2003
05067,7,0,7,2003
05069,124,88,212,2003
05071,32,0,32,2003
05073,0,0,0,2003
05075,12,2,14,2003
05077,14,19,33,2003
05079,2,0,2,2003
05081,13,0,13,2003
05083,12,5,17,2003
05085,469,127,596,2003
05087,29,7,36,2003
05089,24,0,24,2003
05091,131,166,297,2003
05093,23,0,23,2003
05095,11,20,31,2003
05099,229,14,243,2003
05101,1,0,1,2003
05103,5,0,5,2003
05105,1,2,3,2003
05107,2,0,2,2003
05111,38,6,44,2003
05113,21,0,21,2003
05115,87,22,109,2003
05117,9,10,19,2003
05119,1540,362,1902,2003
05121,31,12,43,2003
05123,12,2,14,2003
05125,679,2,681,2003
05127,5,0,5,2003
05129,0,0,0,2003
05131,274,142,416,2003
05133,8,0,8,2003
05135,0,0,0,2003
05137,9,0,9,2003
05139,31,0,31,2003
05141,2,0,2,2003
05143,1748,2594,4342,2003
05145,185,248,433,2003
05147,3,0,3,2003
05149,27,0,27,2003
06001,2138,2331,4469,2003
06003,21,7,28,2003
06005,380,22,402,2003
06007,1441,328,1769,2003
06009,681,10,691,2003
06011,46,0,46,2003
06013,5033,1850,6883,2003
06015,113,14,127,2003
06017,1820,30,1850,2003
06019,4470,1283,5753,2003
06021,90,51,141,2003
06023,379,46,425,2003
06025,1025,176,1201,2003
06027,19,0,19,2003
06029,5546,267,5813,2003
06031,849,168,1017,2003
06033,404,124,528,2003
06035,140,0,140,2003
06037,10326,10577,20903,2003
06039,1139,88,1227,2003
06041,641,60,701,2003
06043,151,0,151,2003
06045,395,4,399,2003
06047,2465,277,2742,2003
06049,17,0,17,2003
06051,92,215,307,2003
06053,1047,308,1355,2003
06055,568,39,607,2003
06057,709,203,912,2003
06059,6108,3140,9248,2003
06061,4686,586,5272,2003
06063,229,0,229,2003
06065,25424,4929,30353,2003
06067,10554,3406,13960,2003
06069,97,0,97,2003
06071,10541,1358,11899,2003
06073,9758,8273,18031,2003
06075,63,1367,1430,2003
06077,6935,106,7041,2003
06079,1983,277,2260,2003
06081,808,537,1345,2003
06083,1085,376,1461,2003
06085,2468,4538,7006,2003
06087,663,403,1066,2003
06089,1065,293,1358,2003
06091,22,0,22,2003
06093,198,12,210,2003
06095,2050,592,2642,2003
06097,1503,749,2252,2003
06099,3868,251,4119,2003
06101,833,156,989,2003
06103,417,7,424,2003
06105,58,0,58,2003
06107,1962,308,2270,2003
06109,356,2,358,2003
06111,2278,1289,3567,2003
06113,1105,645,1750,2003
06115,608,0,608,2003
08001,4023,655,4678,2003
08003,34,2,36,2003
08005,2352,959,3311,2003
08007,217,2,219,2003
08009,10,0,10,2003
08011,0,0,0,2003
08013,1157,271,1428,2003
08014,405,232,637,2003
08015,190,11,201,2003
08017,1,0,1,2003
08019,53,4,57,2003
08021,30,0,30,2003
08025,1,0,1,2003
08027,123,6,129,2003
08029,58,6,64,2003
08031,2122,914,3036,2003
08033,7,0,7,2003
08035,3495,198,3693,2003
08037,466,50,516,2003
08039,154,12,166,2003
08041,5061,177,5238,2003
08043,253,51,304,2003
08045,319,46,365,2003
08047,55,0,55,2003
08049,384,59,443,2003
08051,149,47,196,2003
08053,8,0,8,2003
08055,51,0,51,2003
08057,14,0,14,2003
08059,1203,223,1426,2003
08061,0,0,0,2003
08063,3,2,5,2003
08065,62,0,62,2003
08067,644,112,756,2003
08069,2284,719,3003,2003
08071,74,0,74,2003
08073,5,0,5,2003
08075,42,12,54,2003
08077,1428,161,1589,2003
08079,17,0,17,2003
08081,58,4,62,2003
08083,27,0,27,2003
08085,336,32,368,2003
08087,115,10,125,2003
08089,16,29,45,2003
08091,106,4,110,2003
08093,300,0,300,2003
08095,9,0,9,2003
08097,94,8,102,2003
08099,8,0,8,2003
08101,1078,204,1282,2003
08103,23,0,23,2003
08105,101,0,101,2003
08107,305,16,321,2003
08109,83,0,83,2003
08111,20,0,20,2003
08113,89,7,96,2003
08115,1,0,1,2003
08117,259,148,407,2003
08119,211,0,211,2003
08121,11,0,11,2003
08123,3624,339,3963,2003
08125,9,0,9,2003
09001,1550,414,1964,2003
09003,1796,789,2585,2003
09005,697,35,732,2003
09007,702,119,821,2003
09009,1340,486,1826,2003
09011,947,275,1222,2003
09013,619,112,731,2003
09015,529,25,554,2003
10001,1763,404,2167,2003
10003,1801,608,2409,2003
10005,3184,0,3184,2003
11001,152,1275,1427,2003
12001,1177,507,1684,2003
12003,143,6,149,2003
12005,1313,2363,3676,2003
12007,93,0,93,2003
12009,5607,562,6169,2003
12011,3880,4338,8218,2003
12013,29,0,29,2003
12015,1953,569,2522,2003
12017,1850,0,1850,2003
12019,2547,6,2553,2003
12021,3376,2444,5820,2003
12023,299,0,299,2003
12027,95,0,95,2003
12029,63,0,63,2003
12031,5942,2457,8399,2003
12033,1755,1187,2942,2003
12035,3669,636,4305,2003
12037,195,0,195,2003
12039,128,0,128,2003
12041,79,0,79,2003
12043,38,0,38,2003
12045,181,0,181,2003
12047,62,0,62,2003
12049,62,122,184,2003
12051,96,0,96,2003
12053,2272,366,2638,2003
12055,680,51,731,2003
12057,10256,5854,16110,2003
12059,69,0,69,2003
12061,1778,652,2430,2003
12063,121,0,121,2003
12065,78,0,78,2003
12067,23,0,23,2003
12069,4749,414,5163,2003
12071,9668,6007,15675,2003
12073,1748,1110,2858,2003
12075,156,0,156,2003
12077,26,0,26,2003
12079,67,0,67,2003
12081,3267,309,3576,2003
12083,5841,634,6475,2003
12085,1390,616,2006,2003
12086,8740,6793,15533,2003
12087,236,194,430,2003
12089,781,18,799,2003
12091,1511,238,1749,2003
12093,157,14,171,2003
12095,9956,3994,13950,2003
12097,4692,823,5515,2003
12099,10920,4924,15844,2003
12101,5981,1009,6990,2003
12103,1669,1874,3543,2003
12105,6261,562,6823,2003
12107,217,120,337,2003
12109,3371,550,3921,2003
12111,6805,879,7684,2003
12113,1823,36,1859,2003
12115,4630,819,5449,2003
12117,2948,657,3605,2003
12119,2206,74,2280,2003
12121,143,0,143,2003
12123,56,0,56,2003
12125,39,0,39,2003
12127,5033,1383,6416,2003
12129,462,0,462,2003
12131,1280,544,1824,2003
12133,114,0,114,2003
13001,6,0,6,2003
13005,2,0,2,2003
13009,135,35,170,2003
13011,109,0,109,2003
13013,1330,18,1348,2003
13015,880,306,1186,2003
13017,68,2,70,2003
13019,23,2,25,2003
13021,531,667,1198,2003
13023,52,0,52,2003
13025,5,4,9,2003
13027,44,0,44,2003
13029,421,21,442,2003
13031,450,6,456,2003
13033,56,2,58,2003
13035,286,0,286,2003
13037,2,0,2,2003
13039,428,12,440,2003
13043,6,0,6,2003
13045,1613,137,1750,2003
13047,496,148,644,2003
13049,16,0,16,2003
13051,1314,186,1500,2003
13053,4,0,4,2003
13055,7,0,7,2003
13057,3442,362,3804,2003
13059,825,523,1348,2003
13061,11,0,11,2003
13063,2519,60,2579,2003
13065,11,0,11,2003
13067,4993,970,5963,2003
13069,153,2,155,2003
13071,12,39,51,2003
13073,1431,0,1431,2003
13075,49,0,49,2003
13077,1730,264,1994,2003
13079,146,0,146,2003
13081,132,0,132,2003
13083,15,6,21,2003
13085,378,0,378,2003
13087,99,2,101,2003
13089,3931,1175,5106,2003
13091,46,2,48,2003
13093,0,0,0,2003
13095,205,294,499,2003
13097,2131,14,2145,2003
13099,2,0,2,2003
13103,562,22,584,2003
13105,2,0,2,2003
13107,4,0,4,2003
13109,35,0,35,2003
13111,1011,0,1011,2003
13113,907,0,907,2003
13115,424,78,502,2003
13117,3083,64,3147,2003
13119,20,4,24,2003
13121,6014,6282,12296,2003
13123,670,0,670,2003
13125,0,0,0,2003
13127,678,44,722,2003
13129,466,38,504,2003
13131,66,0,66,2003
13133,151,36,187,2003
13135,9029,588,9617,2003
13137,406,99,505,2003
13139,1525,305,1830,2003
13141,63,0,63,2003
13143,119,5,124,2003
13145,428,2,430,2003
13147,13,0,13,2003
13149,60,0,60,2003
13151,3764,702,4466,2003
13153,1474,174,1648,2003
13155,0,0,0,2003
13157,835,6,841,2003
13159,141,0,141,2003
13161,2,0,2,2003
13163,27,0,27,2003
13165,7,0,7,2003
13167,0,0,0,2003
13169,249,16,265,2003
13171,157,34,191,2003
13173,21,0,21,2003
13175,40,0,40,2003
13177,349,0,349,2003
13179,264,72,336,2003
13181,51,0,51,2003
13185,728,257,985,2003
13187,375,0,375,2003
13189,74,0,74,2003
13191,79,28,107,2003
13193,25,0,25,2003
13195,138,0,138,2003
13199,142,36,178,2003
13201,2,0,2,2003
13205,56,28,84,2003
13207,226,0,226,2003
13209,60,0,60,2003
13211,172,60,232,2003
13213,214,18,232,2003
13215,704,522,1226,2003
13217,2243,20,2263,2003
13219,450,20,470,2003
13223,2711,52,2763,2003
13225,174,0,174,2003
13227,419,176,595,2003
13229,111,16,127,2003
13231,219,2,221,2003
13233,332,114,446,2003
13235,49,0,49,2003
13237,225,5,230,2003
13239,1,0,1,2003
13241,351,14,365,2003
13243,1,0,1,2003
13245,664,224,888,2003
13247,883,20,903,2003
13249,2,0,2,2003
13251,1,0,1,2003
13253,12,0,12,2003
13255,506,0,506,2003
13257,71,6,77,2003
13259,8,0,8,2003
13261,67,10,77,2003
13263,0,0,0,2003
13267,52,0,52,2003
13269,33,0,33,2003
13271,0,2,2,2003
13273,26,2,28,2003
13275,198,108,306,2003
13277,127,2,129,2003
13279,62,64,126,2003
13281,239,0,239,2003
13283,0,0,0,2003
13285,432,27,459,2003
13287,9,0,9,2003
13289,36,0,36,2003
13291,517,0,517,2003
13293,98,15,113,2003
13295,415,24,439,2003
13297,1403,57,1460,2003
13299,93,0,93,2003
13301,1,0,1,2003
13303,7,0,7,2003
13305,17,0,17,2003
13309,1,0,1,2003
13311,322,17,339,2003
13313,382,245,627,2003
13315,0,0,0,2003
13317,25,0,25,2003
13321,31,0,31,2003
15001,1941,239,2180,2003
15003,2910,563,3473,2003
15007,485,58,543,2003
15009,877,211,1088,2003
16001,3968,711,4679,2003
16003,56,0,56,2003
16005,384,17,401,2003
16007,68,0,68,2003
16009,21,0,21,2003
16011,162,22,184,2003
16013,271,14,285,2003
16015,113,0,113,2003
16017,57,24,81,2003
16019,784,164,948,2003
16021,53,0,53,2003
16023,5,0,5,2003
16025,23,0,23,2003
16027,2464,302,2766,2003
16029,12,0,12,2003
16031,62,0,62,2003
16033,7,0,7,2003
16035,17,0,17,2003
16037,6,0,6,2003
16039,111,20,131,2003
16041,62,0,62,2003
16043,138,6,144,2003
16045,107,0,107,2003
16047,57,17,74,2003
16049,4,0,4,2003
16051,235,0,235,2003
16053,77,0,77,2003
16055,1674,163,1837,2003
16057,72,51,123,2003
16059,46,0,46,2003
16061,6,0,6,2003
16063,22,0,22,2003
16065,198,702,900,2003
16067,22,0,22,2003
16069,91,18,109,2003
16071,19,0,19,2003
16073,56,3,59,2003
16075,111,28,139,2003
16077,11,0,11,2003
16079,1,0,1,2003
16081,151,4,155,2003
16083,566,212,778,2003
16085,204,8,212,2003
16087,27,4,31,2003
17001,106,32,138,2003
17003,0,0,0,2003
17005,71,9,80,2003
17007,565,31,596,2003
17009,1,0,1,2003
17011,64,2,66,2003
17013,33,2,35,2003
17015,64,0,64,2003
17017,24,0,24,2003
17019,838,428,1266,2003
17021,99,19,118,2003
17023,6,0,6,2003
17025,11,0,11,2003
17027,116,26,142,2003
17029,37,43,80,2003
17031,5419,9666,15085,2003
17033,4,8,12,2003
17035,6,6,12,2003
17037,805,97,902,2003
17039,51,2,53,2003
17041,37,46,83,2003
17043,2479,430,2909,2003
17045,21,0,21,2003
17049,57,6,63,2003
17051,8,2,10,2003
17053,27,0,27,2003
17055,21,28,49,2003
17057,65,0,65,2003
17059,0,0,0,2003
17061,5,0,5,2003
17063,782,101,883,2003
17067,16,2,18,2003
17069,1,0,1,2003
17071,32,0,32,2003
17073,87,0,87,2003
17075,68,3,71,2003
17077,24,137,161,2003
17079,1,0,1,2003
17081,20,0,20,2003
17083,123,2,125,2003
17085,185,0,185,2003
17089,4807,825,5632,2003
17091,583,88,671,2003
17093,1208,89,1297,2003
17095,55,0,55,2003
17097,3812,594,4406,2003
17099,266,26,292,2003
17101,2,0,2,2003
17103,98,4,102,2003
17105,83,4,87,2003
17107,48,58,106,2003
17109,8,230,238,2003
17111,3644,273,3917,2003
17113,1037,606,1643,2003
17115,438,88,526,2003
17117,48,0,48,2003
17119,1340,369,1709,2003
17121,18,48,66,2003
17123,12,6,18,2003
17125,35,0,35,2003
17127,5,0,5,2003
17129,82,2,84,2003
17131,41,0,41,2003
17133,330,16,346,2003
17135,2,0,2,2003
17137,18,2,20,2003
17139,54,0,54,2003
17141,290,40,330,2003
17143,505,220,725,2003
17147,76,4,80,2003
17149,64,0,64,2003
17151,0,0,0,2003
17153,0,0,0,2003
17155,38,0,38,2003
17157,65,24,89,2003
17159,15,0,15,2003
17161,242,32,274,2003
17163,1346,373,1719,2003
17165,0,0,0,2003
17167,630,361,991,2003
17171,0,0,0,2003
17173,49,2,51,2003
17175,3,0,3,2003
17177,100,12,112,2003
17179,656,115,771,2003
17181,49,0,49,2003
17183,66,4,70,2003
17185,8,0,8,2003
17187,22,51,73,2003
17189,72,0,72,2003
17191,4,0,4,2003
17193,0,0,0,2003
17195,90,19,109,2003
17197,8661,409,9070,2003
17199,182,134,316,2003
17201,1487,542,2029,2003
17203,206,34,240,2003
18001,98,0,98,2003
18003,1953,359,2312,2003
18005,283,0,283,2003
18007,15,0,15,2003
18009,27,20,47,2003
18011,472,18,490,2003
18013,142,2,144,2003
18015,128,0,128,2003
18017,53,0,53,2003
18019,737,172,909,2003
18021,19,0,19,2003
18023,64,8,72,2003
18025,2,0,2,2003
18027,17,0,17,2003
18029,310,64,374,2003
18031,91,36,127,2003
18033,238,14,252,2003
18035,290,273,563,2003
18037,183,42,225,2003
18039,1036,139,1175,2003
18041,59,0,59,2003
18043,468,8,476,2003
18045,8,2,10,2003
18047,102,0,102,2003
18049,24,0,24,2003
18051,44,2,46,2003
18053,144,42,186,2003
18055,0,0,0,2003
18057,3882,706,4588,2003
18059,795,202,997,2003
18061,180,6,186,2003
18063,2155,537,2692,2003
18065,94,0,94,2003
18067,308,45,353,2003
18069,166,0,166,2003
18071,174,8,182,2003
18073,252,6,258,2003
18075,44,0,44,2003
18077,103,22,125,2003
18079,129,10,139,2003
18081,955,380,1335,2003
18083,39,0,39,2003
18085,481,105,586,2003
18087,177,0,177,2003
18089,2042,966,3008,2003
18091,396,21,417,2003
18093,21,22,43,2003
18095,499,82,581,2003
18097,3720,1258,4978,2003
18099,171,8,179,2003
18101,3,0,3,2003
18103,105,56,161,2003
18105,660,513,1173,2003
18107,159,18,177,2003
18109,332,14,346,2003
18111,51,0,51,2003
18113,212,36,248,2003
18115,31,32,63,2003
18117,1,0,1,2003
18119,3,0,3,2003
18121,39,0,39,2003
18123,38,2,40,2003
18125,30,0,30,2003
18127,980,110,1090,2003
18129,94,0,94,2003
18131,62,0,62,2003
18133,38,14,52,2003
18135,52,6,58,2003
18137,169,39,208,2003
18139,58,0,58,2003
18141,942,120,1062,2003
18143,76,13,89,2003
18145,140,22,162,2003
18147,108,0,108,2003
18149,104,14,118,2003
18151,279,42,321,2003
18153,4,0,4,2003
18155,131,0,131,2003
18157,883,493,1376,2003
18159,50,0,50,2003
18161,21,8,29,2003
18163,801,254,1055,2003
18165,38,0,38,2003
18167,235,63,298,2003
18169,78,8,86,2003
18171,56,0,56,2003
18173,479,53,532,2003
18175,22,0,22,2003
18177,131,7,138,2003
18179,103,6,109,2003
18181,95,0,95,2003
18183,208,2,210,2003
19001,14,0,14,2003
19003,4,3,7,2003
19005,73,0,73,2003
19007,10,0,10,2003
19009,7,0,7,2003
19011,79,0,79,2003
19013,332,179,511,2003
19015,60,25,85,2003
19017,114,6,120,2003
19019,40,10,50,2003
19021,9,42,51,2003
19023,45,0,45,2003
19025,12,0,12,2003
19027,69,11,80,2003
19029,31,2,33,2003
19031,87,13,100,2003
19033,88,46,134,2003
19035,24,0,24,2003
19037,11,0,11,2003
19039,50,0,50,2003
19041,34,2,36,2003
19043,62,43,105,2003
19045,146,2,148,2003
19047,31,0,31,2003
19049,416,94,510,2003
19051,10,0,10,2003
19053,8,0,8,2003
19055,20,0,20,2003
19057,71,4,75,2003
19059,175,40,215,2003
19061,399,142,541,2003
19063,24,0,24,2003
19065,19,2,21,2003
19067,46,47,93,2003
19069,9,0,9,2003
19071,14,0,14,2003
19073,17,0,17,2003
19075,59,0,59,2003
19077,44,2,46,2003
19079,24,0,24,2003
19081,27,0,27,2003
19083,24,8,32,2003
19085,58,0,58,2003
19087,37,34,71,2003
19089,8,0,8,2003
19091,23,0,23,2003
19093,8,0,8,2003
19095,25,0,25,2003
19097,82,0,82,2003
19099,99,22,121,2003
19101,15,0,15,2003
19103,959,558,1517,2003
19105,21,6,27,2003
19107,6,0,6,2003
19109,13,2,15,2003
19111,17,0,17,2003
19113,1013,696,1709,2003
19115,14,2,16,2003
19117,2,0,2,2003
19119,24,0,24,2003
19121,118,0,118,2003
19123,11,36,47,2003
19125,153,12,165,2003
19127,111,26,137,2003
19129,4,32,36,2003
19131,22,6,28,2003
19133,17,8,25,2003
19135,17,0,17,2003
19137,12,0,12,2003
19139,141,128,269,2003
19141,19,0,19,2003
19143,6,0,6,2003
19145,18,0,18,2003
19147,8,0,8,2003
19149,84,39,123,2003
19151,13,0,13,2003
19153,3635,930,4565,2003
19155,327,212,539,2003
19157,64,2,66,2003
19159,3,0,3,2003
19161,7,0,7,2003
19163,557,320,877,2003
19165,13,0,13,2003
19167,112,4,116,2003
19169,406,338,744,2003
19171,46,0,46,2003
19173,3,0,3,2003
19175,14,0,14,2003
19177,5,0,5,2003
19179,70,23,93,2003
19181,239,24,263,2003
19183,36,2,38,2003
19185,1,0,1,2003
19187,58,12,70,2003
19189,14,2,16,2003
19191,14,10,24,2003
19193,178,32,210,2003
19195,8,0,8,2003
19197,15,0,15,2003
20001,15,0,15,2003
20003,3,0,3,2003
20005,17,18,35,2003
20007,5,0,5,2003
20009,24,26,50,2003
20011,5,4,9,2003
20013,7,0,7,2003
20015,373,36,409,2003
20017,0,0,0,2003
20021,9,12,21,2003
20023,0,4,4,2003
20025,1,0,1,2003
20027,21,12,33,2003
20029,5,0,5,2003
20031,29,0,29,2003
20033,0,0,0,2003
20035,41,0,41,2003
20037,176,28,204,2003
20039,3,0,3,2003
20041,47,0,47,2003
20043,16,0,16,2003
20045,550,510,1060,2003
20047,2,0,2,2003
20051,68,59,127,2003
20053,0,4,4,2003
20055,32,0,32,2003
20057,82,16,98,2003
20059,153,48,201,2003
20061,44,7,51,2003
20063,0,0,0,2003
20065,0,0,0,2003
20067,6,0,6,2003
20069,23,0,23,2003
20071,1,0,1,2003
20073,4,0,4,2003
20075,1,0,1,2003
20077,3,0,3,2003
20079,118,12,130,2003
20081,1,0,1,2003
20085,60,0,60,2003
20087,110,4,114,2003
20089,1,0,1,2003
20091,4034,1319,5353,2003
20093,2,0,2,2003
20095,6,2,8,2003
20097,0,0,0,2003
20099,18,8,26,2003
20101,1,0,1,2003
20103,446,121,567,2003
20105,1,0,1,2003
20107,52,3,55,2003
20109,2,0,2,2003
20111,32,59,91,2003
20113,98,9,107,2003
20115,33,2,35,2003
20117,8,0,8,2003
20119,2,0,2,2003
20121,192,11,203,2003
20123,4,2,6,2003
20125,10,6,16,2003
20127,3,0,3,2003
20129,2,0,2,2003
20131,17,0,17,2003
20133,12,0,12,2003
20135,3,0,3,2003
20137,6,0,6,2003
20139,76,0,76,2003
20141,1,0,1,2003
20143,8,0,8,2003
20145,3,0,3,2003
20147,12,0,12,2003
20149,120,2,122,2003
20151,5,26,31,2003
20153,0,0,0,2003
20155,118,2,120,2003
20157,0,0,0,2003
20159,4,0,4,2003
20161,205,385,590,2003
20163,1,0,1,2003
20165,1,0,1,2003
20167,2,0,2,2003
20169,141,0,141,2003
20171,4,0,4,2003
20173,2432,640,3072,2003
20175,17,0,17,2003
20177,952,140,1092,2003
20181,0,2,2,2003
20183,0,0,0,2003
20185,0,0,0,2003
20187,2,0,2,2003
20189,4,0,4,2003
20191,29,8,37,2003
20193,3,0,3,2003
20195,1,0,1,2003
20197,36,0,36,2003
20199,0,0,0,2003
20201,1,0,1,2003
20203,1,0,1,2003
20205,2,0,2,2003
20207,1,0,1,2003
20209,272,8,280,2003
21001,0,0,0,2003
21005,198,14,212,2003
21009,72,0,72,2003
21011,9,0,9,2003
21013,59,4,63,2003
21015,1595,55,1650,2003
21017,72,0,72,2003
21019,19,0,19,2003
21021,132,35,167,2003
21025,0,0,0,2003
21027,18,2,20,2003
21029,790,113,903,2003
21031,0,0,0,2003
21033,6,0,6,2003
21035,18,67,85,2003
21037,282,151,433,2003
21041,4,0,4,2003
21043,7,0,7,2003
21045,2,0,2,2003
21047,77,44,121,2003
21049,356,0,356,2003
21051,0,0,0,2003
21053,0,21,21,2003
21057,1,2,3,2003
21059,511,71,582,2003
21065,1,0,1,2003
21067,2206,103,2309,2003
21069,0,0,0,2003
21071,28,0,28,2003
21073,219,58,277,2003
21075,10,0,10,2003
21077,0,0,0,2003
21079,11,8,19,2003
21081,115,22,137,2003
21083,5,12,17,2003
21085,0,4,4,2003
21087,0,0,0,2003
21089,43,4,47,2003
21091,14,4,18,2003
21093,753,142,895,2003
21095,0,0,0,2003
21097,59,4,63,2003
21099,35,0,35,2003
21101,151,22,173,2003
21103,82,0,82,2003
21107,139,10,149,2003
21109,0,0,0,2003
21111,3164,831,3995,2003
21113,445,16,461,2003
21115,4,0,4,2003
21117,1054,168,1222,2003
21121,1,5,6,2003
21123,60,2,62,2003
21125,13,0,13,2003
21127,0,0,0,2003
21133,0,0,0,2003
21135,0,0,0,2003
21137,163,0,163,2003
21141,12,19,31,2003
21143,11,0,11,2003
21145,189,26,215,2003
21149,3,0,3,2003
21151,274,178,452,2003
21155,2,6,8,2003
21157,86,7,93,2003
21161,35,0,35,2003
21163,6,0,6,2003
21167,134,28,162,2003
21173,155,29,184,2003
21177,17,6,23,2003
21179,478,4,482,2003
21181,4,0,4,2003
21183,11,0,11,2003
21185,659,172,831,2003
21187,0,2,2,2003
21191,2,0,2,2003
21193,13,0,13,2003
21195,35,8,43,2003
21199,29,0,29,2003
21205,21,0,21,2003
21207,4,0,4,2003
21209,584,34,618,2003
21211,401,95,496,2003
21213,79,6,85,2003
21215,240,4,244,2003
21217,8,4,12,2003
21219,2,0,2,2003
21221,17,0,17,2003
21225,8,4,12,2003
21227,753,293,1046,2003
21229,4,0,4,2003
21231,0,0,0,2003
21233,4,0,4,2003
21235,16,27,43,2003
21239,129,30,159,2003
22001,205,3,208,2003
22003,16,8,24,2003
22005,1182,0,1182,2003
22007,69,0,69,2003
22009,134,0,134,2003
22011,11,0,11,2003
22013,0,0,0,2003
22015,760,593,1353,2003
22017,873,16,889,2003
22019,1104,294,1398,2003
22021,9,0,9,2003
22023,60,0,60,2003
22025,27,15,42,2003
22027,0,0,0,2003
22029,24,0,24,2003
22031,1,0,1,2003
22033,1604,1159,2763,2003
22035,2,0,2,2003
22037,0,3,3,2003
22039,127,6,133,2003
22041,48,4,52,2003
22043,1,0,1,2003
22045,217,24,241,2003
22047,102,0,102,2003
22049,1,0,1,2003
22051,1168,27,1195,2003
22053,83,0,83,2003
22055,1289,90,1379,2003
22057,333,7,340,2003
22059,0,0,0,2003
22061,73,72,145,2003
22063,1010,15,1025,2003
22065,8,0,8,2003
22067,20,0,20,2003
22069,90,127,217,2003
22071,530,387,917,2003
22073,450,86,536,2003
22075,202,0,202,2003
22077,74,2,76,2003
22079,536,43,579,2003
22081,1,0,1,2003
22083,68,0,68,2003
22085,2,0,2,2003
22087,98,10,108,2003
22089,319,0,319,2003
22091,16,0,16,2003
22093,29,0,29,2003
22095,265,0,265,2003
22097,288,43,331,2003
22099,193,2,195,2003
22101,100,6,106,2003
22103,2775,348,3123,2003
22105,676,172,848,2003
22107,27,0,27,2003
22109,533,180,713,2003
22111,7,0,7,2003
22113,268,0,268,2003
22115,25,0,25,2003
22117,137,0,137,2003
22119,23,0,23,2003
22121,133,0,133,2003
22123,1,0,1,2003
22125,51,0,51,2003
22127,0,0,0,2003
23000,253,0,253,2003
23001,490,18,508,2003
23003,134,2,136,2003
23005,1522,176,1698,2003
23007,217,2,219,2003
23009,447,31,478,2003
23011,507,89,596,2003
23013,337,34,371,2003
23015,270,2,272,2003
23017,340,12,352,2003
23019,570,68,638,2003
23021,88,0,88,2003
23023,200,8,208,2003
23025,106,8,114,2003
23027,188,12,200,2003
23029,199,4,203,2003
23031,1440,159,1599,2003
24001,107,0,107,2003
24003,2164,837,3001,2003
24005,1761,838,2599,2003
24009,791,0,791,2003
24011,206,54,260,2003
24013,1005,60,1065,2003
24015,935,154,1089,2003
24017,1152,92,1244,2003
24019,285,2,287,2003
24021,1605,232,1837,2003
24023,331,3,334,2003
24025,1852,124,1976,2003
24027,1010,469,1479,2003
24029,429,0,429,2003
24031,2339,2089,4428,2003
24033,2808,130,2938,2003
24035,316,2,318,2003
24037,850,244,1094,2003
24039,115,115,230,2003
24041,522,0,522,2003
24043,1001,104,1105,2003
24045,866,202,1068,2003
24047,742,276,1018,2003
24510,206,489,695,2003
25001,1095,133,1228,2003
25003,371,46,417,2003
25005,1390,359,1749,2003
25007,237,2,239,2003
25009,978,1080,2058,2003
25011,238,6,244,2003
25013,741,126,867,2003
25015,456,96,552,2003
25017,1913,1475,3388,2003
25019,196,16,212,2003
25021,793,1115,1908,2003
25023,1491,509,2000,2003
25025,115,1651,1766,2003
25027,3023,606,3629,2003
26000,255,0,255,2003
26001,79,0,79,2003
26003,85,0,85,2003
26005,736,90,826,2003
26007,38,0,38,2003
26009,298,26,324,2003
26011,86,0,86,2003
26013,42,0,42,2003
26015,381,0,381,2003
26017,393,45,438,2003
26019,298,0,298,2003
26021,588,20,608,2003
26023,138,65,203,2003
26025,388,6,394,2003
26027,255,49,304,2003
26029,226,48,274,2003
26031,181,6,187,2003
26033,145,44,189,2003
26035,128,9,137,2003
26037,607,302,909,2003
26039,108,0,108,2003
26041,164,0,164,2003
26043,103,0,103,2003
26045,610,200,810,2003
26047,268,12,280,2003
26049,2029,211,2240,2003
26051,249,7,256,2003
26053,51,2,53,2003
26055,704,72,776,2003
26057,60,0,60,2003
26059,274,6,280,2003
26061,124,0,124,2003
26063,173,0,173,2003
26065,740,697,1437,2003
26067,287,57,344,2003
26069,145,0,145,2003
26071,61,0,61,2003
26073,286,306,592,2003
26075,673,158,831,2003
26077,1104,892,1996,2003
26079,151,4,155,2003
26081,3008,271,3279,2003
26083,26,0,26,2003
26085,121,0,121,2003
26087,489,11,500,2003
26089,249,6,255,2003
26091,548,8,556,2003
26093,1857,143,2000,2003
26095,57,0,57,2003
26097,193,6,199,2003
26099,4634,642,5276,2003
26101,47,23,70,2003
26103,257,142,399,2003
26105,161,0,161,2003
26107,257,2,259,2003
26109,119,0,119,2003
26111,239,16,255,2003
26113,90,0,90,2003
26115,992,168,1160,2003
26117,241,86,327,2003
26119,96,0,96,2003
26121,739,230,969,2003
26123,264,16,280,2003
26125,4728,845,5573,2003
26127,112,7,119,2003
26129,147,0,147,2003
26131,27,0,27,2003
26133,95,0,95,2003
26135,56,0,56,2003
26137,181,32,213,2003
26139,1706,745,2451,2003
26141,145,0,145,2003
26143,342,2,344,2003
26145,652,47,699,2003
26147,897,16,913,2003
26149,191,6,197,2003
26151,126,0,126,2003
26153,70,0,70,2003
26155,209,48,257,2003
26157,131,0,131,2003
26159,428,38,466,2003
26161,2153,374,2527,2003
26163,3729,1909,5638,2003
26165,206,14,220,2003
27001,322,52,374,2003
27003,2856,74,2930,2003
27005,260,64,324,2003
27007,122,20,142,2003
27009,310,38,348,2003
27011,29,2,31,2003
27013,664,224,888,2003
27015,58,122,180,2003
27017,244,36,280,2003
27019,966,497,1463,2003
27021,537,21,558,2003
27023,15,0,15,2003
27025,595,69,664,2003
27027,365,174,539,2003
27029,1,0,1,2003
27031,110,0,110,2003
27033,21,0,21,2003
27035,875,170,1045,2003
27037,2722,1464,4186,2003
27039,173,32,205,2003
27041,581,18,599,2003
27043,28,0,28,2003
27045,135,12,147,2003
27047,48,0,48,2003
27049,379,6,385,2003
27051,4,0,4,2003
27053,3074,2562,5636,2003
27055,90,6,96,2003
27057,35,0,35,2003
27059,467,0,467,2003
27061,371,6,377,2003
27063,21,2,23,2003
27065,111,2,113,2003
27067,243,18,261,2003
27069,4,0,4,2003
27071,38,14,52,2003
27073,8,0,8,2003
27075,89,0,89,2003
27077,3,0,3,2003
27079,159,4,163,2003
27081,4,2,6,2003
27083,119,5,124,2003
27085,282,12,294,2003
27087,0,0,0,2003
27089,5,0,5,2003
27091,54,0,54,2003
27093,164,24,188,2003
27095,337,0,337,2003
27097,341,4,345,2003
27099,141,4,145,2003
27101,29,22,51,2003
27103,169,122,291,2003
27105,33,3,36,2003
27107,13,0,13,2003
27109,1326,236,1562,2003
27111,139,64,203,2003
27113,34,0,34,2003
27115,112,0,112,2003
27117,18,2,20,2003
27119,162,0,162,2003
27121,89,0,89,2003
27123,471,1375,1846,2003
27125,6,0,6,2003
27127,18,0,18,2003
27129,26,0,26,2003
27131,513,54,567,2003
27133,26,0,26,2003
27135,19,24,43,2003
27137,721,96,817,2003
27139,2282,421,2703,2003
27141,1520,76,1596,2003
27143,74,6,80,2003
27145,1326,341,1667,2003
27147,254,100,354,2003
27149,18,0,18,2003
27151,16,2,18,2003
27153,164,22,186,2003
27155,8,0,8,2003
27157,193,56,249,2003
27159,99,0,99,2003
27161,90,0,90,2003
27163,2090,200,2290,2003
27165,31,0,31,2003
27167,15,2,17,2003
27169,227,147,374,2003
27171,1780,160,1940,2003
27173,40,24,64,2003
28001,6,0,6,2003
28003,34,4,38,2003
28005,3,16,19,2003
28007,24,0,24,2003
28009,1,0,1,2003
28011,35,12,47,2003
28013,1,0,1,2003
28017,13,2,15,2003
28019,4,0,4,2003
28021,1,0,1,2003
28023,6,0,6,2003
28025,11,0,11,2003
28027,25,0,25,2003
28029,13,0,13,2003
28031,4,0,4,2003
28033,2384,53,2437,2003
28035,104,12,116,2003
28037,1,0,1,2003
28039,1,0,1,2003
28041,0,14,14,2003
28043,20,0,20,2003
28045,165,0,165,2003
28047,1235,544,1779,2003
28049,726,300,1026,2003
28051,17,0,17,2003
28053,10,3,13,2003
28055,0,0,0,2003
28057,10,12,22,2003
28059,896,0,896,2003
28061,15,4,19,2003
28063,5,0,5,2003
28065,0,0,0,2003
28067,30,18,48,2003
28069,0,0,0,2003
28071,91,316,407,2003
28073,8,2,10,2003
28075,44,7,51,2003
28077,0,0,0,2003
28079,10,0,10,2003
28081,190,14,204,2003
28083,36,0,36,2003
28085,17,0,17,2003
28087,178,106,284,2003
28089,1053,16,1069,2003
28091,5,0,5,2003
28093,150,0,150,2003
28095,9,0,9,2003
28097,26,60,86,2003
28099,16,0,16,2003
28101,4,10,14,2003
28103,4,0,4,2003
28105,151,28,179,2003
28107,38,0,38,2003
28109,380,8,388,2003
28111,7,0,7,2003
28113,14,8,22,2003
28115,22,4,26,2003
28117,45,8,53,2003
28119,11,0,11,2003
28121,1224,192,1416,2003
28123,12,0,12,2003
28125,1,0,1,2003
28127,45,0,45,2003
28129,5,0,5,2003
28131,18,0,18,2003
28133,49,0,49,2003
28135,12,0,12,2003
28137,211,0,211,2003
28139,25,0,25,2003
28141,3,0,3,2003
28143,57,60,117,2003
28145,15,2,17,2003
28147,0,0,0,2003
28149,25,0,25,2003
28151,70,37,107,2003
28153,10,0,10,2003
28155,10,0,10,2003
28157,0,0,0,2003
28159,6,0,6,2003
28161,29,0,29,2003
28163,2,0,2,2003
29001,21,23,44,2003
29003,12,2,14,2003
29005,1,0,1,2003
29007,35,10,45,2003
29009,36,41,77,2003
29011,9,36,45,2003
29013,8,0,8,2003
29015,8,0,8,2003
29017,1,0,1,2003
29019,1328,766,2094,2003
29021,213,55,268,2003
29023,33,8,41,2003
29025,0,0,0,2003
29027,82,14,96,2003
29029,44,109,153,2003
29031,155,75,230,2003
29033,2,0,2,2003
29035,0,0,0,2003
29037,871,66,937,2003
29039,8,9,17,2003
29041,5,0,5,2003
29043,533,258,791,2003
29045,4,0,4,2003
29047,739,126,865,2003
29049,225,14,239,2003
29051,338,61,399,2003
29053,39,65,104,2003
29055,33,0,33,2003
29057,0,0,0,2003
29061,3,0,3,2003
29063,6,0,6,2003
29065,5,0,5,2003
29067,3,0,3,2003
29069,24,4,28,2003
29071,627,45,672,2003
29073,6,0,6,2003
29075,1,0,1,2003
29077,1843,523,2366,2003
29079,21,0,21,2003
29081,4,6,10,2003
29083,27,0,27,2003
29085,0,0,0,2003
29087,7,0,7,2003
29089,7,0,7,2003
29091,77,12,89,2003
29093,1,0,1,2003
29095,4280,1290,5570,2003
29097,447,86,533,2003
29099,1745,29,1774,2003
29101,87,159,246,2003
29103,2,0,2,2003
29105,77,61,138,2003
29107,132,6,138,2003
29109,37,22,59,2003
29111,15,0,15,2003
29113,153,18,171,2003
29115,6,4,10,2003
29117,38,4,42,2003
29119,3,8,11,2003
29121,7,0,7,2003
29123,5,32,37,2003
29127,48,12,60,2003
29129,0,0,0,2003
29131,13,76,89,2003
29133,12,2,14,2003
29135,1,0,1,2003
29137,52,0,52,2003
29139,17,10,27,2003
29143,11,0,11,2003
29145,34,32,66,2003
29147,32,8,40,2003
29149,5,0,5,2003
29153,4,0,4,2003
29155,9,6,15,2003
29157,56,4,60,2003
29159,12,42,54,2003
29161,115,109,224,2003
29163,13,0,13,2003
29165,348,20,368,2003
29167,37,49,86,2003
29169,20,4,24,2003
29171,1,0,1,2003
29173,1,0,1,2003
29175,33,0,33,2003
29177,138,13,151,2003
29181,0,8,8,2003
29183,3752,314,4066,2003
29186,3,0,3,2003
29187,213,152,365,2003
29189,1969,288,2257,2003
29195,14,38,52,2003
29197,15,0,15,2003
29199,2,0,2,2003
29201,80,21,101,2003
29203,1,9,10,2003
29205,4,0,4,2003
29207,34,24,58,2003
29209,20,0,20,2003
29211,1,0,1,2003
29213,418,136,554,2003
29215,6,10,16,2003
29217,13,4,17,2003
29219,354,40,394,2003
29221,1,0,1,2003
29225,159,53,212,2003
29227,0,0,0,2003
29229,13,0,13,2003
29510,167,1048,1215,2003
30001,4,2,6,2003
30003,6,0,6,2003
30005,0,0,0,2003
30007,6,0,6,2003
30009,22,25,47,2003
30011,0,0,0,2003
30013,169,32,201,2003
30015,5,0,5,2003
30017,5,0,5,2003
30019,2,0,2,2003
30021,5,0,5,2003
30023,57,0,57,2003
30025,6,0,6,2003
30027,1,2,3,2003
30029,333,115,448,2003
30031,384,377,761,2003
30033,0,0,0,2003
30035,0,0,0,2003
30037,0,0,0,2003
30039,0,0,0,2003
30041,7,0,7,2003
30043,0,0,0,2003
30045,0,0,0,2003
30047,39,10,49,2003
30049,73,56,129,2003
30051,0,0,0,2003
30053,5,0,5,2003
30055,0,0,0,2003
30057,8,8,16,2003
30059,0,0,0,2003
30061,6,0,6,2003
30063,428,519,947,2003
30065,0,0,0,2003
30067,14,0,14,2003
30069,0,0,0,2003
30071,2,0,2,2003
30073,2,0,2,2003
30075,0,0,0,2003
30077,0,0,0,2003
30079,2,0,2,2003
30081,29,56,85,2003
30083,6,8,14,2003
30085,3,0,3,2003
30087,1,0,1,2003
30089,0,0,0,2003
30091,0,0,0,2003
30093,35,2,37,2003
30095,9,0,9,2003
30097,5,0,5,2003
30099,7,0,7,2003
30101,3,0,3,2003
30103,0,0,0,2003
30105,2,0,2,2003
30107,0,0,0,2003
30109,0,0,0,2003
30111,649,215,864,2003
31001,123,104,227,2003
31003,5,0,5,2003
31011,4,0,4,2003
31013,4,0,4,2003
31015,0,0,0,2003
31017,7,0,7,2003
31019,272,91,363,2003
31021,7,0,7,2003
31023,5,4,9,2003
31025,158,4,162,2003
31027,11,0,11,2003
31029,14,0,14,2003
31031,21,0,21,2003
31033,77,0,77,2003
31035,10,0,10,2003
31037,11,0,11,2003
31039,4,0,4,2003
31041,3,2,5,2003
31043,36,28,64,2003
31045,5,10,15,2003
31047,19,0,19,2003
31049,1,0,1,2003
31051,10,0,10,2003
31053,84,40,124,2003
31055,2741,334,3075,2003
31057,0,0,0,2003
31059,5,0,5,2003
31061,0,0,0,2003
31063,0,0,0,2003
31065,0,0,0,2003
31067,18,23,41,2003
31069,2,0,2,2003
31071,1,0,1,2003
31073,5,0,5,2003
31077,0,0,0,2003
31079,118,59,177,2003
31081,26,0,26,2003
31083,1,0,1,2003
31085,0,0,0,2003
31087,0,0,0,2003
31089,17,0,17,2003
31091,0,0,0,2003
31093,36,10,46,2003
31095,2,0,2,2003
31097,4,0,4,2003
31099,6,0,6,2003
31101,30,18,48,2003
31105,3,0,3,2003
31107,5,0,5,2003
31109,2025,401,2426,2003
31111,123,67,190,2003
31115,1,0,1,2003
31119,98,38,136,2003
31121,25,8,33,2003
31123,0,0,0,2003
31125,0,0,0,2003
31127,5,16,21,2003
31129,0,0,0,2003
31131,66,0,66,2003
31133,0,0,0,2003
31135,2,0,2,2003
31137,4,2,6,2003
31139,27,2,29,2003
31141,44,8,52,2003
31143,2,0,2,2003
31145,5,6,11,2003
31147,4,0,4,2003
31149,0,0,0,2003
31151,29,2,31,2003
31153,1839,397,2236,2003
31155,148,4,152,2003
31157,51,2,53,2003
31159,72,0,72,2003
31161,0,0,0,2003
31163,12,0,12,2003
31167,13,0,13,2003
31169,3,0,3,2003
31173,5,0,5,2003
31175,3,0,3,2003
31177,110,2,112,2003
31179,5,0,5,2003
31181,2,0,2,2003
31183,0,0,0,2003
31185,18,5,23,2003
32001,121,0,121,2003
32003,27354,9378,36732,2003
32005,527,102,629,2003
32007,96,0,96,2003
32013,26,0,26,2003
32015,4,0,4,2003
32017,14,0,14,2003
32019,465,22,487,2003
32021,8,0,8,2003
32023,0,0,0,2003
32027,1,0,1,2003
32029,36,0,36,2003
32031,4229,768,4997,2003
32033,12,0,12,2003
32510,197,6,203,2003
33001,598,74,672,2003
33003,624,25,649,2003
33005,367,17,384,2003
33007,91,0,91,2003
33009,515,61,576,2003
33011,1521,530,2051,2003
33013,857,171,1028,2003
33015,1164,823,1987,2003
33017,581,353,934,2003
33019,265,4,269,2003
34001,2058,227,2285,2003
34003,760,529,1289,2003
34005,1639,166,1805,2003
34007,1245,689,1934,2003
34009,1099,594,1693,2003
34011,364,10,374,2003
34013,386,1849,2235,2003
34015,1560,299,1859,2003
34017,215,1901,2116,2003
34019,814,0,814,2003
34021,778,410,1188,2003
34023,1808,498,2306,2003
34025,2068,688,2756,2003
34027,885,670,1555,2003
34029,3305,704,4009,2003
34031,741,88,829,2003
34033,208,99,307,2003
34035,890,370,1260,2003
34037,547,40,587,2003
34039,213,985,1198,2003
34041,580,5,585,2003
35000,1869,0,1869,2003
35001,5472,1097,6569,2003
35005,55,0,55,2003
35006,0,0,0,2003
35007,68,0,68,2003
35009,101,60,161,2003
35013,1231,536,1767,2003
35015,67,0,67,2003
35025,29,9,38,2003
35027,182,13,195,2003
35028,93,17,110,2003
35029,35,60,95,2003
35031,24,0,24,2003
35035,168,0,168,2003
35039,10,0,10,2003
35041,29,21,50,2003
35043,1021,17,1038,2003
35045,305,62,367,2003
35049,561,0,561,2003
35051,3,0,3,2003
35053,6,2,8,2003
35055,207,0,207,2003
35061,329,0,329,2003
36001,582,211,793,2003
36003,61,39,100,2003
36005,55,2880,2935,2003
36007,204,94,298,2003
36009,144,0,144,2003
36011,166,0,166,2003
36013,280,93,373,2003
36015,106,39,145,2003
36017,68,10,78,2003
36019,243,14,257,2003
36021,316,6,322,2003
36023,111,0,111,2003
36025,153,2,155,2003
36027,986,158,1144,2003
36029,1876,436,2312,2003
36031,193,6,199,2003
36033,124,0,124,2003
36035,112,0,112,2003
36037,116,2,118,2003
36039,328,2,330,2003
36041,48,0,48,2003
36043,143,0,143,2003
36045,252,3,255,2003
36047,118,5936,6054,2003
36049,189,0,189,2003
36051,211,4,215,2003
36053,152,12,164,2003
36055,1732,669,2401,2003
36057,91,0,91,2003
36059,635,343,978,2003
36061,1,5231,5232,2003
36063,519,94,613,2003
36065,327,11,338,2003
36067,1099,144,1243,2003
36069,389,121,510,2003
36071,1302,463,1765,2003
36073,76,2,78,2003
36075,294,2,296,2003
36077,142,10,152,2003
36079,232,136,368,2003
36081,161,4238,4399,2003
36083,422,280,702,2003
36085,1222,1376,2598,2003
36087,177,234,411,2003
36089,249,6,255,2003
36091,1231,77,1308,2003
36093,260,38,298,2003
36095,107,14,121,2003
36097,53,0,53,2003
36099,33,2,35,2003
36101,175,40,215,2003
36103,2636,568,3204,2003
36105,467,136,603,2003
36107,80,0,80,2003
36109,218,118,336,2003
36111,694,111,805,2003
36113,428,74,502,2003
36115,218,58,276,2003
36117,216,2,218,2003
36119,826,965,1791,2003
36121,72,2,74,2003
36123,75,0,75,2003
37001,1143,20,1163,2003
37003,159,8,167,2003
37005,82,0,82,2003
37007,39,0,39,2003
37009,282,0,282,2003
37011,163,24,187,2003
37013,205,9,214,2003
37015,43,0,43,2003
37017,90,0,90,2003
37019,2831,39,2870,2003
37021,1394,343,1737,2003
37023,258,2,260,2003
37025,1851,58,1909,2003
37027,340,0,340,2003
37029,188,0,188,2003
37031,481,133,614,2003
37033,83,0,83,2003
37035,747,105,852,2003
37037,637,132,769,2003
37039,409,4,413,2003
37041,39,0,39,2003
37043,173,6,179,2003
37045,377,25,402,2003
37047,106,6,112,2003
37049,664,101,765,2003
37051,1332,412,1744,2003
37053,560,0,560,2003
37055,833,33,866,2003
37057,635,32,667,2003
37059,325,4,329,2003
37061,114,4,118,2003
37063,1953,966,2919,2003
37065,77,0,77,2003
37067,2296,456,2752,2003
37069,435,0,435,2003
37071,1123,194,1317,2003
37073,18,0,18,2003
37075,56,0,56,2003
37077,433,14,447,2003
37079,27,0,27,2003
37081,3103,574,3677,2003
37083,90,8,98,2003
37085,961,26,987,2003
37087,462,6,468,2003
37089,850,61,911,2003
37091,58,5,63,2003
37093,523,0,523,2003
37095,22,0,22,2003
37097,1613,436,2049,2003
37099,412,147,559,2003
37101,1537,57,1594,2003
37103,0,0,0,2003
37105,339,0,339,2003
37107,105,16,121,2003
37109,589,45,634,2003
37111,160,37,197,2003
37113,276,56,332,2003
37115,153,0,153,2003
37117,28,0,28,2003
37119,7591,2263,9854,2003
37121,62,0,62,2003
37123,92,0,92,2003
37125,625,244,869,2003
37127,587,98,685,2003
37129,2058,846,2904,2003
37131,30,0,30,2003
37133,1040,8,1048,2003
37135,1129,40,1169,2003
37137,67,4,71,2003
37139,215,4,219,2003
37141,638,43,681,2003
37143,65,0,65,2003
37145,242,4,246,2003
37147,955,754,1709,2003
37149,197,0,197,2003
37151,618,97,715,2003
37153,273,32,305,2003
37155,301,5,306,2003
37157,303,121,424,2003
37159,555,106,661,2003
37161,292,11,303,2003
37163,131,6,137,2003
37165,61,4,65,2003
37167,331,85,416,2003
37169,174,8,182,2003
37171,221,0,221,2003
37173,136,6,142,2003
37175,246,0,246,2003
37177,8,0,8,2003
37179,2831,98,2929,2003
37181,146,2,148,2003
37183,8385,2246,10631,2003
37185,118,0,118,2003
37187,20,0,20,2003
37189,440,383,823,2003
37191,629,61,690,2003
37193,208,46,254,2003
37195,343,80,423,2003
37197,141,2,143,2003
37199,97,32,129,2003
38001,1,0,1,2003
38003,15,38,53,2003
38005,0,0,0,2003
38007,2,0,2,2003
38009,0,0,0,2003
38011,1,0,1,2003
38013,0,0,0,2003
38015,546,215,761,2003
38017,1046,681,1727,2003
38019,0,2,2,2003
38021,2,2,4,2003
38023,0,0,0,2003
38025,2,0,2,2003
38027,0,0,0,2003
38029,1,0,1,2003
38031,3,0,3,2003
38033,1,0,1,2003
38035,212,300,512,2003
38037,0,0,0,2003
38039,0,0,0,2003
38041,1,0,1,2003
38043,4,0,4,2003
38045,1,0,1,2003
38047,0,0,0,2003
38049,0,0,0,2003
38051,2,0,2,2003
38053,2,0,2,2003
38055,28,0,28,2003
38057,4,0,4,2003
38059,136,56,192,2003
38061,14,6,20,2003
38063,1,2,3,2003
38065,1,0,1,2003
38067,4,0,4,2003
38069,1,0,1,2003
38071,10,0,10,2003
38073,26,0,26,2003
38075,3,0,3,2003
38077,25,0,25,2003
38079,2,0,2,2003
38081,8,0,8,2003
38083,0,0,0,2003
38085,0,0,0,2003
38087,0,0,0,2003
38089,61,17,78,2003
38091,0,0,0,2003
38093,28,0,28,2003
38095,0,0,0,2003
38097,12,0,12,2003
38099,3,2,5,2003
38101,106,52,158,2003
38103,1,0,1,2003
38105,28,4,32,2003
39001,1,0,1,2003
39003,260,24,284,2003
39005,142,8,150,2003
39007,331,0,331,2003
39009,17,23,40,2003
39011,165,35,200,2003
39013,21,2,23,2003
39015,110,5,115,2003
39017,2298,337,2635,2003
39019,6,0,6,2003
39021,202,0,202,2003
39023,244,29,273,2003
39025,1230,206,1436,2003
39027,202,7,209,2003
39029,45,38,83,2003
39031,4,0,4,2003
39033,45,0,45,2003
39035,1865,243,2108,2003
39037,97,8,105,2003
39039,126,20,146,2003
39041,2793,71,2864,2003
39043,208,126,334,2003
39045,1433,120,1553,2003
39047,94,6,100,2003
39049,5727,3853,9580,2003
39051,163,7,170,2003
39053,4,0,4,2003
39055,392,2,394,2003
39057,782,376,1158,2003
39059,61,0,61,2003
39061,1327,1019,2346,2003
39063,199,22,221,2003
39065,36,2,38,2003
39067,3,0,3,2003
39069,98,0,98,2003
39071,95,12,107,2003
39073,68,40,108,2003
39075,10,4,14,2003
39077,168,24,192,2003
39079,116,8,124,2003
39081,26,7,33,2003
39083,375,19,394,2003
39085,844,51,895,2003
39087,16,0,16,2003
39089,1106,219,1325,2003
39091,191,0,191,2003
39093,2119,143,2262,2003
39095,1499,182,1681,2003
39097,186,64,250,2003
39099,524,50,574,2003
39101,131,27,158,2003
39103,1381,0,1381,2003
39105,8,0,8,2003
39107,126,44,170,2003
39109,342,0,342,2003
39111,0,0,0,2003
39113,1529,889,2418,2003
39115,1,0,1,2003
39117,53,3,56,2003
39119,12,58,70,2003
39121,34,0,34,2003
39123,247,12,259,2003
39125,12,0,12,2003
39127,38,40,78,2003
39129,216,0,216,2003
39131,204,0,204,2003
39133,801,35,836,2003
39135,173,18,191,2003
39137,76,6,82,2003
39139,355,135,490,2003
39141,48,0,48,2003
39143,156,83,239,2003
39145,6,60,66,2003
39147,138,18,156,2003
39149,188,16,204,2003
39151,1431,119,1550,2003
39153,1929,425,2354,2003
39155,392,88,480,2003
39157,162,33,195,2003
39159,579,0,579,2003
39161,95,0,95,2003
39163,0,0,0,2003
39165,2467,199,2666,2003
39167,28,26,54,2003
39169,445,87,532,2003
39171,140,22,162,2003
39173,616,479,1095,2003
39175,70,4,74,2003
40001,3,2,5,2003
40003,0,0,0,2003
40005,11,0,11,2003
40007,1,0,1,2003
40009,29,0,29,2003
40011,0,0,0,2003
40013,66,15,81,2003
40015,19,4,23,2003
40017,417,79,496,2003
40019,107,79,186,2003
40021,66,161,227,2003
40023,7,0,7,2003
40025,0,0,0,2003
40027,1388,235,1623,2003
40029,4,0,4,2003
40031,149,13,162,2003
40033,3,0,3,2003
40035,3,0,3,2003
40037,118,2,120,2003
40039,16,16,32,2003
40041,49,34,83,2003
40043,0,0,0,2003
40045,0,0,0,2003
40047,61,118,179,2003
40049,25,0,25,2003
40051,84,4,88,2003
40053,1,0,1,2003
40055,0,0,0,2003
40057,0,0,0,2003
40059,4,0,4,2003
40061,5,10,15,2003
40063,0,0,0,2003
40065,30,0,30,2003
40067,1,0,1,2003
40069,20,16,36,2003
40071,37,0,37,2003
40073,14,0,14,2003
40075,3,0,3,2003
40077,0,0,0,2003
40079,70,0,70,2003
40081,41,0,41,2003
40083,15,2,17,2003
40085,0,24,24,2003
40087,192,0,192,2003
40089,43,4,47,2003
40091,51,0,51,2003
40093,7,0,7,2003
40095,1,3,4,2003
40097,25,0,25,2003
40099,23,0,23,2003
40101,127,29,156,2003
40103,1,0,1,2003
40105,4,4,8,2003
40107,21,0,21,2003
40109,4786,839,5625,2003
40111,23,0,23,2003
40113,63,64,127,2003
40115,19,18,37,2003
40117,1,0,1,2003
40119,168,26,194,2003
40121,57,2,59,2003
40123,23,10,33,2003
40125,98,80,178,2003
40127,3,0,3,2003
40129,1,0,1,2003
40131,445,28,473,2003
40133,12,60,72,2003
40135,98,14,112,2003
40137,64,0,64,2003
40139,15,0,15,2003
40141,0,0,0,2003
40143,2753,244,2997,2003
40145,613,0,613,2003
40147,96,0,96,2003
40149,0,0,0,2003
40151,16,0,16,2003
40153,13,0,13,2003
41000,110,12,122,2003
41001,39,0,39,2003
41003,278,161,439,2003
41005,1606,116,1722,2003
41007,202,16,218,2003
41009,265,28,293,2003
41011,39,6,45,2003
41013,214,10,224,2003
41015,158,22,180,2003
41017,2317,828,3145,2003
41019,303,45,348,2003
41021,0,0,0,2003
41025,10,0,10,2003
41027,156,10,166,2003
41029,1754,384,2138,2003
41031,111,0,111,2003
41033,495,129,624,2003
41035,241,64,305,2003
41037,15,0,15,2003
41039,1310,224,1534,2003
41041,252,2,254,2003
41043,630,47,677,2003
41045,47,0,47,2003
41047,1284,304,1588,2003
41049,9,0,9,2003
41051,1582,3289,4871,2003
41053,282,109,391,2003
41055,1,0,1,2003
41057,196,85,281,2003
41059,166,24,190,2003
41061,31,0,31,2003
41065,17,0,17,2003
41067,3104,1092,4196,2003
41069,0,0,0,2003
41071,651,133,784,2003
42001,522,10,532,2003
42003,1924,527,2451,2003
42005,119,38,157,2003
42007,358,54,412,2003
42009,172,0,172,2003
42011,1566,425,1991,2003
42013,241,121,362,2003
42015,175,5,180,2003
42017,2142,1073,3215,2003
42019,889,257,1146,2003
42021,235,2,237,2003
42023,10,0,10,2003
42025,416,4,420,2003
42027,742,280,1022,2003
42029,2818,143,2961,2003
42031,110,8,118,2003
42033,219,6,225,2003
42035,147,12,159,2003
42037,178,13,191,2003
42039,252,2,254,2003
42041,1177,201,1378,2003
42043,1002,260,1262,2003
42045,759,390,1149,2003
42047,55,0,55,2003
42049,600,169,769,2003
42051,239,10,249,2003
42053,31,0,31,2003
42055,786,206,992,2003
42057,68,21,89,2003
42059,85,0,85,2003
42061,175,10,185,2003
42063,194,95,289,2003
42065,111,28,139,2003
42067,76,0,76,2003
42069,455,42,497,2003
42071,1955,735,2690,2003
42073,175,26,201,2003
42075,740,4,744,2003
42077,1383,41,1424,2003
42079,788,147,935,2003
42081,287,2,289,2003
42083,63,0,63,2003
42085,359,18,377,2003
42087,154,0,154,2003
42089,1679,45,1724,2003
42091,2132,466,2598,2003
42093,90,0,90,2003
42095,1620,327,1947,2003
42097,233,28,261,2003
42099,169,22,191,2003
42101,128,1626,1754,2003
42103,886,2,888,2003
42105,101,0,101,2003
42107,437,61,498,2003
42109,170,12,182,2003
42111,208,22,230,2003
42113,59,0,59,2003
42115,162,2,164,2003
42117,146,14,160,2003
42119,142,0,142,2003
42121,130,0,130,2003
42123,73,0,73,2003
42125,769,229,998,2003
42127,466,2,468,2003
42129,994,106,1100,2003
42131,98,0,98,2003
42133,2708,440,3148,2003
44001,107,13,120,2003
44003,279,46,325,2003
44005,252,19,271,2003
44007,750,156,906,2003
44009,560,104,664,2003
45001,56,0,56,2003
45003,976,2,978,2003
45005,3,0,3,2003
45007,1092,292,1384,2003
45009,9,4,13,2003
45011,35,0,35,2003
45013,2730,72,2802,2003
45015,1049,295,1344,2003
45017,91,0,91,2003
45019,3272,1363,4635,2003
45021,156,16,172,2003
45023,80,0,80,2003
45025,120,0,120,2003
45027,103,0,103,2003
45029,96,40,136,2003
45031,204,0,204,2003
45033,52,0,52,2003
45035,1063,352,1415,2003
45037,99,64,163,2003
45039,84,0,84,2003
45041,47,0,47,2003
45043,508,219,727,2003
45045,3491,60,3551,2003
45047,170,22,192,2003
45049,31,0,31,2003
45051,3363,1767,5130,2003
45053,68,0,68,2003
45055,391,0,391,2003
45057,322,40,362,2003
45059,162,4,166,2003
45061,17,0,17,2003
45063,2007,40,2047,2003
45065,53,0,53,2003
45067,53,0,53,2003
45069,19,0,19,2003
45071,104,0,104,2003
45073,626,279,905,2003
45075,260,3,263,2003
45077,660,92,752,2003
45079,2896,872,3768,2003
45081,58,0,58,2003
45083,1789,292,2081,2003
45085,493,160,653,2003
45087,47,0,47,2003
45089,51,0,51,2003
45091,2497,288,2785,2003
46003,1,6,7,2003
46005,26,0,26,2003
46007,0,0,0,2003
46009,1,0,1,2003
46011,94,51,145,2003
46013,85,24,109,2003
46015,17,0,17,2003
46019,15,5,20,2003
46021,0,0,0,2003
46023,3,0,3,2003
46025,4,0,4,2003
46027,24,0,24,2003
46029,137,14,151,2003
46031,0,0,0,2003
46033,99,16,115,2003
46035,66,24,90,2003
46037,22,0,22,2003
46039,24,0,24,2003
46041,0,0,0,2003
46043,0,0,0,2003
46045,2,0,2,2003
46047,8,0,8,2003
46049,23,0,23,2003
46051,24,4,28,2003
46053,4,0,4,2003
46055,0,0,0,2003
46057,35,0,35,2003
46059,4,10,14,2003
46063,1,0,1,2003
46065,58,10,68,2003
46067,8,0,8,2003
46069,0,0,0,2003
46071,0,0,0,2003
46073,2,0,2,2003
46075,0,0,0,2003
46077,16,0,16,2003
46079,53,8,61,2003
46081,209,37,246,2003
46083,260,75,335,2003
46085,7,0,7,2003
46087,23,5,28,2003
46089,4,0,4,2003
46091,18,0,18,2003
46093,206,7,213,2003
46095,0,0,0,2003
46097,10,0,10,2003
46099,1630,505,2135,2003
46101,2,0,2,2003
46103,568,77,645,2003
46105,1,0,1,2003
46107,1,0,1,2003
46109,45,4,49,2003
46111,8,0,8,2003
46115,3,0,3,2003
46117,21,0,21,2003
46119,6,0,6,2003
46121,0,0,0,2003
46123,2,0,2,2003
46125,22,0,22,2003
46127,118,35,153,2003
46129,2,0,2,2003
46135,38,9,47,2003
47001,284,24,308,2003
47003,117,42,159,2003
47005,6,0,6,2003
47009,238,52,290,2003
47011,503,111,614,2003
47013,43,0,43,2003
47015,9,0,9,2003
47017,37,0,37,2003
47019,20,0,20,2003
47021,198,98,296,2003
47023,39,0,39,2003
47025,179,5,184,2003
47029,4,0,4,2003
47031,165,8,173,2003
47033,2,0,2,2003
47035,61,41,102,2003
47037,3192,1121,4313,2003
47039,5,5,10,2003
47041,19,4,23,2003
47043,230,12,242,2003
47045,118,7,125,2003
47047,341,0,341,2003
47049,0,4,4,2003
47051,251,10,261,2003
47053,104,0,104,2003
47055,16,0,16,2003
47057,0,0,0,2003
47059,319,29,348,2003
47063,176,35,211,2003
47065,1706,305,2011,2003
47067,2,0,2,2003
47069,72,0,72,2003
47071,18,16,34,2003
47073,92,0,92,2003
47075,11,10,21,2003
47077,28,4,32,2003
47079,24,99,123,2003
47081,8,0,8,2003
47083,1,0,1,2003
47085,26,0,26,2003
47087,0,0,0,2003
47089,363,24,387,2003
47091,39,63,102,2003
47093,2882,79,2961,2003
47095,5,2,7,2003
47097,183,0,183,2003
47099,4,7,11,2003
47101,4,0,4,2003
47103,4,0,4,2003
47105,238,5,243,2003
47107,59,3,62,2003
47109,27,0,27,2003
47111,19,2,21,2003
47113,580,142,722,2003
47115,140,2,142,2003
47117,194,3,197,2003
47119,1289,98,1387,2003
47121,3,0,3,2003
47123,180,4,184,2003
47125,1402,589,1991,2003
47127,44,0,44,2003
47129,0,0,0,2003
47131,66,0,66,2003
47133,1,0,1,2003
47135,0,0,0,2003
47139,111,0,111,2003
47141,382,233,615,2003
47143,197,0,197,2003
47145,62,6,68,2003
47147,429,188,617,2003
47149,3330,220,3550,2003
47151,10,0,10,2003
47153,9,0,9,2003
47155,422,158,580,2003
47157,4587,923,5510,2003
47159,70,0,70,2003
47161,4,0,4,2003
47163,660,4,664,2003
47165,1176,33,1209,2003
47167,512,0,512,2003
47169,59,0,59,2003
47171,10,64,74,2003
47173,97,0,97,2003
47177,29,2,31,2003
47179,707,143,850,2003
47181,7,0,7,2003
47183,59,12,71,2003
47185,5,0,5,2003
47187,1759,12,1771,2003
47189,1136,248,1384,2003
48001,24,0,24,2003
48003,11,0,11,2003
48005,166,15,181,2003
48007,99,2,101,2003
48009,9,0,9,2003
48011,3,0,3,2003
48013,55,26,81,2003
48015,45,0,45,2003
48017,3,0,3,2003
48019,2,0,2,2003
48021,302,77,379,2003
48023,0,0,0,2003
48025,4,0,4,2003
48027,1845,470,2315,2003
48029,7699,2048,9747,2003
48031,21,0,21,2003
48035,4,0,4,2003
48037,145,209,354,2003
48039,3025,166,3191,2003
48041,1120,728,1848,2003
48043,18,0,18,2003
48047,2,0,2,2003
48049,10,80,90,2003
48051,22,0,22,2003
48053,398,279,677,2003
48055,122,0,122,2003
48057,125,2,127,2003
48059,5,0,5,2003
48061,3124,320,3444,2003
48063,12,0,12,2003
48065,11,0,11,2003
48067,22,16,38,2003
48069,0,0,0,2003
48071,417,2,419,2003
48073,22,10,32,2003
48075,1,48,49,2003
48077,5,0,5,2003
48079,0,0,0,2003
48081,0,0,0,2003
48083,0,0,0,2003
48085,10434,649,11083,2003
48087,0,0,0,2003
48089,17,0,17,2003
48091,1552,195,1747,2003
48093,3,3,6,2003
48097,60,0,60,2003
48099,95,240,335,2003
48101,1,0,1,2003
48103,0,0,0,2003
48107,0,0,0,2003
48109,2,0,2,2003
48111,3,0,3,2003
48113,9293,6155,15448,2003
48115,0,0,0,2003
48117,3,0,3,2003
48119,6,0,6,2003
48121,4109,1878,5987,2003
48123,8,0,8,2003
48127,14,0,14,2003
48129,0,0,0,2003
48133,1,0,1,2003
48135,173,0,173,2003
48139,903,17,920,2003
48141,4829,442,5271,2003
48143,111,18,129,2003
48145,12,0,12,2003
48147,46,6,52,2003
48149,15,0,15,2003
48151,0,0,0,2003
48153,1,0,1,2003
48155,0,0,0,2003
48157,1235,715,1950,2003
48159,5,100,105,2003
48161,24,20,44,2003
48163,7,0,7,2003
48165,4,0,4,2003
48167,2733,460,3193,2003
48169,0,0,0,2003
48171,81,2,83,2003
48177,9,0,9,2003
48179,0,0,0,2003
48181,313,24,337,2003
48183,301,2,303,2003
48185,14,0,14,2003
48187,1127,0,1127,2003
48189,17,0,17,2003
48191,0,0,0,2003
48193,1,0,1,2003
48195,0,0,0,2003
48197,1,0,1,2003
48199,32,0,32,2003
48201,26450,14533,40983,2003
48203,37,0,37,2003
48207,0,0,0,2003
48209,1143,322,1465,2003
48211,0,0,0,2003
48213,135,7,142,2003
48215,6461,1599,8060,2003
48217,20,0,20,2003
48219,12,0,12,2003
48221,83,2,85,2003
48223,84,0,84,2003
48225,8,0,8,2003
48227,3,0,3,2003
48231,84,38,122,2003
48233,0,0,0,2003
48237,2,0,2,2003
48239,24,0,24,2003
48241,6,0,6,2003
48245,646,429,1075,2003
48249,38,4,42,2003
48251,894,4,898,2003
48253,4,0,4,2003
48255,15,0,15,2003
48257,648,216,864,2003
48259,414,130,544,2003
48265,88,0,88,2003
48267,0,0,0,2003
48271,2,0,2,2003
48273,9,0,9,2003
48277,84,87,171,2003
48279,0,0,0,2003
48281,25,0,25,2003
48283,0,0,0,2003
48285,6,4,10,2003
48287,16,0,16,2003
48291,258,0,258,2003
48293,21,0,21,2003
48295,0,0,0,2003
48297,3,0,3,2003
48299,240,85,325,2003
48303,1364,1592,2956,2003
48305,2,0,2,2003
48307,3,0,3,2003
48309,608,283,891,2003
48313,14,0,14,2003
48315,1,0,1,2003
48317,0,0,0,2003
48319,1,0,1,2003
48321,115,0,115,2003
48323,165,47,212,2003
48325,104,0,104,2003
48329,260,0,260,2003
48331,12,0,12,2003
48335,0,0,0,2003
48337,14,0,14,2003
48339,5581,732,6313,2003
48341,28,6,34,2003
48343,12,0,12,2003
48345,0,0,0,2003
48347,62,0,62,2003
48349,21,0,21,2003
48351,0,0,0,2003
48353,2,0,2,2003
48355,1272,251,1523,2003
48357,6,0,6,2003
48359,3,0,3,2003
48361,277,0,277,2003
48363,6,0,6,2003
48365,20,0,20,2003
48367,363,26,389,2003
48369,3,0,3,2003
48371,3,0,3,2003
48373,165,0,165,2003
48375,737,270,1007,2003
48377,78,0,78,2003
48379,16,10,26,2003
48381,29,0,29,2003
48383,4,0,4,2003
48385,11,0,11,2003
48387,2,0,2,2003
48389,1,0,1,2003
48391,5,0,5,2003
48395,14,0,14,2003
48397,1219,0,1219,2003
48399,0,0,0,2003
48401,16,0,16,2003
48403,1,0,1,2003
48405,2,0,2,2003
48407,13,0,13,2003
48409,297,76,373,2003
48411,1,0,1,2003
48413,0,0,0,2003
48415,1,0,1,2003
48419,0,0,0,2003
48421,17,2,19,2003
48423,574,83,657,2003
48425,50,0,50,2003
48427,0,0,0,2003
48429,0,0,0,2003
48435,1,0,1,2003
48437,0,0,0,2003
48439,12462,3284,15746,2003
48441,190,22,212,2003
48445,1,0,1,2003
48449,40,12,52,2003
48451,265,0,265,2003
48453,6118,2447,8565,2003
48455,0,0,0,2003
48457,1,0,1,2003
48459,13,0,13,2003
48461,0,0,0,2003
48463,41,0,41,2003
48465,113,29,142,2003
48467,40,20,60,2003
48469,117,0,117,2003
48471,80,18,98,2003
48473,53,153,206,2003
48475,6,0,6,2003
48477,38,0,38,2003
48479,1580,91,1671,2003
48481,37,0,37,2003
48483,0,0,0,2003
48485,310,210,520,2003
48487,4,0,4,2003
48489,64,72,136,2003
48491,4418,368,4786,2003
48493,23,0,23,2003
48495,5,0,5,2003
48497,122,9,131,2003
48499,13,0,13,2003
48501,0,0,0,2003
48503,8,0,8,2003
48507,3,0,3,2003
49001,36,2,38,2003
49003,350,42,392,2003
49005,730,196,926,2003
49007,38,2,40,2003
49009,15,0,15,2003
49011,2651,202,2853,2003
49013,120,0,120,2003
49015,13,0,13,2003
49017,74,0,74,2003
49019,53,20,73,2003
49021,331,21,352,2003
49023,70,0,70,2003
49025,124,0,124,2003
49027,40,3,43,2003
49029,73,16,89,2003
49031,8,0,8,2003
49033,103,12,115,2003
49035,5126,1976,7102,2003
49037,28,0,28,2003
49039,49,4,53,2003
49041,81,2,83,2003
49043,587,41,628,2003
49045,405,10,415,2003
49047,103,0,103,2003
49049,3254,1017,4271,2003
49051,269,0,269,2003
49053,2313,416,2729,2003
49055,19,0,19,2003
49057,1354,126,1480,2003
50001,161,10,171,2003
50003,157,34,191,2003
50005,131,2,133,2003
50007,430,161,591,2003
50009,20,0,20,2003
50011,247,54,301,2003
50013,42,22,64,2003
50015,134,16,150,2003
50017,117,0,117,2003
50019,116,10,126,2003
50021,138,0,138,2003
50023,248,66,314,2003
50025,183,6,189,2003
50027,306,32,338,2003
51001,257,18,275,2003
51003,599,394,993,2003
51005,29,0,29,2003
51007,116,0,116,2003
51009,107,14,121,2003
51011,70,0,70,2003
51013,7,0,7,2003
51015,563,59,622,2003
51017,30,0,30,2003
51019,615,0,615,2003
51021,50,0,50,2003
51023,247,0,247,2003
51025,43,0,43,2003
51027,22,3,25,2003
51029,74,0,74,2003
51031,197,4,201,2003
51033,365,0,365,2003
51035,169,0,169,2003
51036,35,0,35,2003
51037,56,0,56,2003
51041,2024,909,2933,2003
51043,127,2,129,2003
51045,36,0,36,2003
51047,707,42,749,2003
51049,49,0,49,2003
51051,29,0,29,2003
51053,213,0,213,2003
51057,76,24,100,2003
51059,3138,882,4020,2003
51061,798,2,800,2003
51063,90,0,90,2003
51065,330,0,330,2003
51067,449,27,476,2003
51069,828,16,844,2003
51071,65,0,65,2003
51073,257,10,267,2003
51075,286,0,286,2003
51077,0,9,9,2003
51079,160,0,160,2003
51081,39,0,39,2003
51083,80,0,80,2003
51085,788,108,896,2003
51087,1841,326,2167,2003
51089,82,6,88,2003
51091,19,0,19,2003
51093,330,0,330,2003
51095,997,0,997,2003
51097,40,0,40,2003
51099,426,2,428,2003
51101,134,4,138,2003
51103,119,18,137,2003
51105,59,4,63,2003
51107,5678,1092,6770,2003
51109,510,0,510,2003
51111,26,0,26,2003
51113,120,20,140,2003
51115,73,0,73,2003
51117,176,0,176,2003
51119,119,0,119,2003
51121,446,85,531,2003
51125,157,12,169,2003
51127,255,0,255,2003
51131,152,6,158,2003
51133,176,0,176,2003
51135,55,0,55,2003
51137,384,2,386,2003
51139,121,0,121,2003
51141,83,0,83,2003
51143,213,33,246,2003
51145,337,0,337,2003
51147,73,29,102,2003
51149,222,0,222,2003
51153,5006,1566,6572,2003
51155,105,8,113,2003
51157,60,0,60,2003
51159,40,0,40,2003
51161,536,28,564,2003
51163,108,10,118,2003
51165,447,0,447,2003
51167,59,11,70,2003
51169,90,0,90,2003
51171,359,60,419,2003
51173,48,4,52,2003
51175,76,4,80,2003
51177,1596,220,1816,2003
51179,1385,124,1509,2003
51181,75,0,75,2003
51183,9,0,9,2003
51185,77,23,100,2003
51187,318,0,318,2003
51191,240,75,315,2003
51193,131,0,131,2003
51195,73,0,73,2003
51197,91,8,99,2003
51199,439,156,595,2003
51510,20,52,72,2003
51515,9,10,19,2003
51520,35,54,89,2003
51530,11,4,15,2003
51540,57,299,356,2003
51550,1088,572,1660,2003
51570,57,0,57,2003
51580,7,0,7,2003
51590,64,18,82,2003
51595,11,2,13,2003
51600,16,0,16,2003
51610,3,0,3,2003
51620,26,8,34,2003
51630,46,0,46,2003
51640,16,2,18,2003
51650,198,432,630,2003
51660,218,63,281,2003
51670,44,0,44,2003
51678,15,0,15,2003
51680,393,2,395,2003
51683,132,0,132,2003
51685,69,93,162,2003
51690,6,0,6,2003
51700,257,215,472,2003
51710,437,334,771,2003
51720,3,3,6,2003
51730,10,0,10,2003
51735,56,0,56,2003
51740,132,246,378,2003
51750,55,9,64,2003
51760,279,216,495,2003
51770,219,28,247,2003
51775,57,0,57,2003
51790,44,8,52,2003
51800,1108,296,1404,2003
51810,1758,183,1941,2003
51820,89,6,95,2003
51830,85,59,144,2003
51840,122,0,122,2003
53001,57,0,57,2003
53003,44,2,46,2003
53005,974,129,1103,2003
53007,347,69,416,2003
53009,483,71,554,2003
53011,3298,769,4067,2003
53013,6,0,6,2003
53015,354,82,436,2003
53017,214,33,247,2003
53019,19,0,19,2003
53021,942,204,1146,2003
53023,0,0,0,2003
53025,279,35,314,2003
53027,291,38,329,2003
53029,598,58,656,2003
53031,290,10,300,2003
53033,6354,3503,9857,2003
53035,1376,84,1460,2003
53037,351,80,431,2003
53039,107,8,115,2003
53041,306,68,374,2003
53043,39,0,39,2003
53045,460,22,482,2003
53047,138,0,138,2003
53049,71,4,75,2003
53051,58,0,58,2003
53053,4400,752,5152,2003
53055,178,2,180,2003
53057,713,191,904,2003
53059,70,0,70,2003
53061,4249,1343,5592,2003
53063,1886,664,2550,2003
53065,152,0,152,2003
53067,1670,344,2014,2003
53069,21,0,21,2003
53071,206,79,285,2003
53073,1493,827,2320,2003
53075,103,151,254,2003
53077,494,112,606,2003
54001,10,0,10,2003
54003,1438,92,1530,2003
54005,8,0,8,2003
54007,1,0,1,2003
54009,23,0,23,2003
54011,29,12,41,2003
54015,26,0,26,2003
54019,148,0,148,2003
54021,0,0,0,2003
54023,113,15,128,2003
54025,106,5,111,2003
54027,171,0,171,2003
54029,48,52,100,2003
54031,118,0,118,2003
54033,125,4,129,2003
54035,56,0,56,2003
54037,800,10,810,2003
54039,51,88,139,2003
54041,4,0,4,2003
54043,33,0,33,2003
54045,4,5,9,2003
54047,7,16,23,2003
54049,22,0,22,2003
54051,9,0,9,2003
54053,14,0,14,2003
54055,17,0,17,2003
54057,110,0,110,2003
54059,5,0,5,2003
54061,26,63,89,2003
54063,1,0,1,2003
54065,197,0,197,2003
54067,8,32,40,2003
54069,23,0,23,2003
54071,43,0,43,2003
54073,7,0,7,2003
54075,42,0,42,2003
54077,1,0,1,2003
54079,245,10,255,2003
54081,158,53,211,2003
54083,34,0,34,2003
54085,0,0,0,2003
54087,0,0,0,2003
54089,40,0,40,2003
54091,6,0,6,2003
54093,10,0,10,2003
54095,2,0,2,2003
54097,106,0,106,2003
54099,56,0,56,2003
54101,0,0,0,2003
54103,6,0,6,2003
54105,1,0,1,2003
54107,158,9,167,2003
54109,1,0,1,2003
55001,312,6,318,2003
55003,72,0,72,2003
55005,327,165,492,2003
55007,154,0,154,2003
55009,1446,1095,2541,2003
55011,78,44,122,2003
55013,202,4,206,2003
55015,409,54,463,2003
55017,396,156,552,2003
55019,127,14,141,2003
55021,348,122,470,2003
55023,44,0,44,2003
55025,2739,2663,5402,2003
55027,344,102,446,2003
55029,282,124,406,2003
55031,242,10,252,2003
55033,224,92,316,2003
55035,497,113,610,2003
55037,0,0,0,2003
55039,398,86,484,2003
55041,120,0,120,2003
55043,124,0,124,2003
55045,258,55,313,2003
55047,83,0,83,2003
55049,153,92,245,2003
55051,96,0,96,2003
55053,128,2,130,2003
55055,390,103,493,2003
55057,145,73,218,2003
55059,808,638,1446,2003
55061,116,14,130,2003
55063,438,146,584,2003
55065,80,4,84,2003
55067,148,24,172,2003
55069,217,10,227,2003
55071,249,50,299,2003
55073,1023,372,1395,2003
55075,260,8,268,2003
55077,128,2,130,2003
55078,19,0,19,2003
55079,742,1396,2138,2003
55081,159,40,199,2003
55083,428,12,440,2003
55085,431,16,447,2003
55087,1068,210,1278,2003
55089,406,190,596,2003
55091,35,7,42,2003
55093,361,16,377,2003
55095,440,66,506,2003
55097,322,95,417,2003
55099,193,0,193,2003
55101,876,312,1188,2003
55103,69,6,75,2003
55105,639,349,988,2003
55107,55,4,59,2003
55109,1194,331,1525,2003
55111,375,291,666,2003
55113,293,40,333,2003
55115,258,43,301,2003
55117,475,124,599,2003
55119,57,2,59,2003
55121,116,12,128,2003
55123,72,24,96,2003
55125,327,9,336,2003
55127,808,280,1088,2003
55129,261,16,277,2003
55131,929,297,1226,2003
55133,1862,645,2507,2003
55135,425,74,499,2003
55137,206,20,226,2003
55139,976,484,1460,2003
55141,262,286,548,2003
56001,193,78,271,2003
56003,6,0,6,2003
56005,159,0,159,2003
56007,33,0,33,2003
56009,12,42,54,2003
56011,31,0,31,2003
56013,39,26,65,2003
56015,6,0,6,2003
56017,1,0,1,2003
56019,25,0,25,2003
56021,622,157,779,2003
56023,180,0,180,2003
56025,174,0,174,2003
56027,1,0,1,2003
56029,174,36,210,2003
56031,14,0,14,2003
56033,215,72,287,2003
56035,83,12,95,2003
56037,63,0,63,2003
56039,172,120,292,2003
56041,56,0,56,2003
56043,4,6,10,2003
56045,2,0,2,2003
01001,367,0,367,2004
01003,3442,1317,4759,2004
01005,19,0,19,2004
01007,4,0,4,2004
01009,34,44,78,2004
01011,1,0,1,2004
01013,18,0,18,2004
01015,204,18,222,2004
01017,17,0,17,2004
01019,18,4,22,2004
01021,47,49,96,2004
01023,2,0,2,2004
01025,20,0,20,2004
01027,4,36,40,2004
01029,6,0,6,2004
01031,283,86,369,2004
01033,135,0,135,2004
01035,1,0,1,2004
01037,0,0,0,2004
01039,9,45,54,2004
01041,3,0,3,2004
01043,84,2,86,2004
01045,69,6,75,2004
01047,4,0,4,2004
01049,87,0,87,2004
01051,449,25,474,2004
01053,17,0,17,2004
01055,279,30,309,2004
01057,8,0,8,2004
01059,19,0,19,2004
01061,19,0,19,2004
01063,1,0,1,2004
01065,44,0,44,2004
01067,31,0,31,2004
01069,452,229,681,2004
01071,59,0,59,2004
01073,3269,1000,4269,2004
01075,3,0,3,2004
01077,144,26,170,2004
01079,6,0,6,2004
01081,1203,297,1500,2004
01083,153,2,155,2004
01085,4,0,4,2004
01087,18,0,18,2004
01089,3272,262,3534,2004
01091,15,2,17,2004
01093,29,0,29,2004
01095,175,9,184,2004
01097,1749,621,2370,2004
01099,13,0,13,2004
01101,929,286,1215,2004
01103,368,0,368,2004
01105,2,0,2,2004
01107,8,0,8,2004
01109,39,46,85,2004
01111,2,0,2,2004
01113,437,96,533,2004
01115,490,56,546,2004
01117,2442,246,2688,2004
01119,3,0,3,2004
01121,117,27,144,2004
01123,43,0,43,2004
01125,1124,99,1223,2004
01127,72,47,119,2004
01129,3,0,3,2004
01131,0,0,0,2004
01133,4,6,10,2004
02000,202,0,202,2004
02013,4,0,4,2004
02016,6,5,11,2004
02020,767,1008,1775,2004
02050,69,0,69,2004
02060,1,0,1,2004
02090,208,129,337,2004
02100,4,0,4,2004
02110,68,54,122,2004
02122,85,16,101,2004
02130,40,2,42,2004
02150,52,22,74,2004
02170,155,112,267,2004
02180,5,2,7,2004
02185,16,0,16,2004
02188,0,0,0,2004
02201,7,0,7,2004
02220,39,7,46,2004
02232,6,0,6,2004
02261,21,0,21,2004
02280,11,5,16,2004
02282,5,0,5,2004
02290,0,0,0,2004
04001,124,10,134,2004
04003,931,25,956,2004
04005,893,17,910,2004
04007,281,2,283,2004
04009,68,25,93,2004
04011,2,0,2,2004
04012,56,26,82,2004
04013,47319,7573,54892,2004
04015,3838,283,4121,2004
04017,914,36,950,2004
04019,9604,917,10521,2004
04021,10041,326,10367,2004
04023,508,122,630,2004
04025,3666,337,4003,2004
04027,2533,167,2700,2004
05001,23,0,23,2004
05003,11,0,11,2004
05005,59,46,105,2004
05007,2158,932,3090,2004
05009,58,0,58,2004
05011,10,0,10,2004
05013,1,0,1,2004
05015,38,40,78,2004
05017,10,0,10,2004
05019,17,10,27,2004
05021,11,2,13,2004
05023,41,18,59,2004
05025,3,0,3,2004
05027,9,0,9,2004
05029,10,6,16,2004
05031,489,32,521,2004
05033,195,18,213,2004
05035,237,66,303,2004
05037,38,0,38,2004
05039,2,0,2,2004
05041,9,0,9,2004
05043,13,14,27,2004
05045,688,258,946,2004
05047,15,0,15,2004
05049,0,0,0,2004
05051,140,0,140,2004
05053,31,29,60,2004
05055,194,15,209,2004
05057,6,48,54,2004
05059,1,0,1,2004
05061,16,0,16,2004
05063,24,0,24,2004
05065,13,0,13,2004
05067,7,0,7,2004
05069,83,52,135,2004
05071,40,2,42,2004
05073,4,0,4,2004
05075,14,0,14,2004
05077,9,5,14,2004
05079,2,0,2,2004
05081,3,0,3,2004
05083,9,10,19,2004
05085,625,47,672,2004
05087,37,0,37,2004
05089,28,4,32,2004
05091,97,14,111,2004
05093,24,4,28,2004
05095,2,0,2,2004
05099,267,31,298,2004
05101,2,0,2,2004
05103,10,0,10,2004
05105,2,0,2,2004
05107,2,0,2,2004
05111,39,0,39,2004
05113,13,0,13,2004
05115,138,31,169,2004
05117,2,0,2,2004
05119,1596,1601,3197,2004
05121,36,14,50,2004
05123,20,21,41,2004
05125,648,0,648,2004
05127,7,0,7,2004
05129,4,0,4,2004
05131,336,212,548,2004
05133,8,0,8,2004
05135,28,0,28,2004
05137,19,0,19,2004
05139,24,0,24,2004
05141,10,4,14,2004
05143,1600,1676,3276,2004
05145,175,30,205,2004
05147,4,0,4,2004
05149,19,0,19,2004
06001,2309,3069,5378,2004
06003,22,0,22,2004
06005,387,61,448,2004
06007,1498,491,1989,2004
06009,824,6,830,2004
06011,168,2,170,2004
06013,4345,1243,5588,2004
06015,123,77,200,2004
06017,1898,143,2041,2004
06019,5402,1755,7157,2004
06021,122,28,150,2004
06023,499,113,612,2004
06025,1417,361,1778,2004
06027,21,0,21,2004
06029,6174,620,6794,2004
06031,743,124,867,2004
06033,521,111,632,2004
06035,160,0,160,2004
06037,12763,13766,26529,2004
06039,1463,213,1676,2004
06041,599,440,1039,2004
06043,178,0,178,2004
06045,356,22,378,2004
06047,2544,54,2598,2004
06049,14,0,14,2004
06051,131,90,221,2004
06053,1064,134,1198,2004
06055,640,277,917,2004
06057,768,186,954,2004
06059,4828,4428,9256,2004
06061,4743,141,4884,2004
06063,266,0,266,2004
06065,29182,4264,33446,2004
06067,10201,2678,12879,2004
06069,112,0,112,2004
06071,13960,4057,18017,2004
06073,9122,6465,15587,2004
06075,58,1993,2051,2004
06077,6229,495,6724,2004
06079,2043,407,2450,2004
06081,675,508,1183,2004
06083,950,549,1499,2004
06085,2675,2705,5380,2004
06087,736,65,801,2004
06089,887,151,1038,2004
06091,18,0,18,2004
06093,212,94,306,2004
06095,2386,575,2961,2004
06097,1342,587,1929,2004
06099,4027,494,4521,2004
06101,1275,25,1300,2004
06103,706,9,715,2004
06105,78,0,78,2004
06107,2186,306,2492,2004
06109,372,28,400,2004
06111,1719,898,2617,2004
06113,1681,514,2195,2004
06115,1746,0,1746,2004
08001,4384,674,5058,2004
08003,27,27,54,2004
08005,3069,779,3848,2004
08007,240,0,240,2004
08009,9,0,9,2004
08011,10,0,10,2004
08013,1125,247,1372,2004
08014,567,167,734,2004
08015,168,0,168,2004
08017,3,0,3,2004
08019,41,0,41,2004
08021,47,0,47,2004
08023,26,0,26,2004
08025,4,0,4,2004
08027,109,0,109,2004
08029,74,20,94,2004
08031,4098,0,4098,2004
08033,6,0,6,2004
08035,4227,870,5097,2004
08037,690,65,755,2004
08039,219,0,219,2004
08041,6175,310,6485,2004
08043,221,0,221,2004
08045,410,88,498,2004
08047,74,2,76,2004
08049,477,50,527,2004
08051,190,7,197,2004
08053,15,0,15,2004
08055,52,0,52,2004
08057,10,0,10,2004
08059,1599,745,2344,2004
08061,2,0,2,2004
08063,6,0,6,2004
08065,67,0,67,2004
08067,692,59,751,2004
08069,2718,534,3252,2004
08071,46,0,46,2004
08073,5,0,5,2004
08075,46,0,46,2004
08077,1366,185,1551,2004
08079,19,0,19,2004
08081,71,0,71,2004
08083,36,6,42,2004
08085,420,79,499,2004
08087,133,10,143,2004
08089,22,0,22,2004
08091,82,21,103,2004
08093,321,0,321,2004
08095,13,0,13,2004
08097,112,0,112,2004
08099,8,0,8,2004
08101,1100,120,1220,2004
08103,39,0,39,2004
08105,100,0,100,2004
08107,327,29,356,2004
08109,106,0,106,2004
08111,20,0,20,2004
08113,117,12,129,2004
08115,2,0,2,2004
08117,302,28,330,2004
08119,277,4,281,2004
08121,4,0,4,2004
08123,3806,608,4414,2004
08125,2,0,2,2004
09001,1840,655,2495,2004
09003,1979,410,2389,2004
09005,799,11,810,2004
09007,763,200,963,2004
09009,1752,782,2534,2004
09011,987,361,1348,2004
09013,577,129,706,2004
09015,566,26,592,2004
10001,2028,150,2178,2004
10003,2027,176,2203,2004
10005,3477,0,3477,2004
11001,226,1710,1936,2004
12001,1328,681,2009,2004
12003,184,22,206,2004
12005,1462,2382,3844,2004
12007,84,0,84,2004
12009,6487,2438,8925,2004
12011,4784,3925,8709,2004
12013,34,0,34,2004
12015,2331,1321,3652,2004
12017,2527,4,2531,2004
12019,2935,213,3148,2004
12021,4202,2719,6921,2004
12023,380,0,380,2004
12027,149,0,149,2004
12029,48,16,64,2004
12031,6193,3468,9661,2004
12033,1766,847,2613,2004
12035,4275,933,5208,2004
12037,248,0,248,2004
12039,204,0,204,2004
12041,107,0,107,2004
12043,48,0,48,2004
12045,183,0,183,2004
12047,34,0,34,2004
12049,69,13,82,2004
12051,133,0,133,2004
12053,2762,250,3012,2004
12055,904,55,959,2004
12057,11236,2477,13713,2004
12059,49,0,49,2004
12061,3646,539,4185,2004
12063,152,6,158,2004
12065,86,0,86,2004
12067,27,0,27,2004
12069,5642,571,6213,2004
12071,14958,5437,20395,2004
12073,1430,1482,2912,2004
12075,225,0,225,2004
12077,18,0,18,2004
12079,66,0,66,2004
12081,4668,1922,6590,2004
12083,5268,158,5426,2004
12085,1243,216,1459,2004
12086,9603,13253,22856,2004
12087,376,7,383,2004
12089,1252,35,1287,2004
12091,1737,974,2711,2004
12093,182,3,185,2004
12095,11681,2947,14628,2004
12097,6316,2754,9070,2004
12099,10266,4253,14519,2004
12101,6831,2432,9263,2004
12103,2252,1317,3569,2004
12105,8715,1527,10242,2004
12107,222,10,232,2004
12109,4119,905,5024,2004
12111,7613,1484,9097,2004
12113,1969,53,2022,2004
12115,6321,1585,7906,2004
12117,3854,227,4081,2004
12119,4153,0,4153,2004
12121,199,0,199,2004
12123,71,14,85,2004
12125,32,0,32,2004
12127,4820,1616,6436,2004
12129,496,29,525,2004
12131,1682,910,2592,2004
12133,126,0,126,2004
13001,7,0,7,2004
13003,1,0,1,2004
13005,2,0,2,2004
13007,0,0,0,2004
13009,200,174,374,2004
13011,139,0,139,2004
13013,1358,0,1358,2004
13015,1023,76,1099,2004
13017,74,12,86,2004
13019,59,2,61,2004
13021,582,149,731,2004
13023,37,0,37,2004
13025,4,0,4,2004
13027,57,0,57,2004
13029,494,5,499,2004
13031,547,19,566,2004
13033,96,0,96,2004
13035,283,6,289,2004
13037,2,0,2,2004
13039,514,0,514,2004
13043,5,0,5,2004
13045,1838,82,1920,2004
13047,631,154,785,2004
13049,30,0,30,2004
13051,1366,386,1752,2004
13053,16,0,16,2004
13055,15,48,63,2004
13057,3812,272,4084,2004
13059,1146,141,1287,2004
13061,0,0,0,2004
13063,2046,968,3014,2004
13065,10,3,13,2004
13067,5432,1457,6889,2004
13069,156,0,156,2004
13071,105,44,149,2004
13073,1640,10,1650,2004
13075,33,2,35,2004
13077,1792,192,1984,2004
13079,110,0,110,2004
13081,71,4,75,2004
13083,13,0,13,2004
13085,392,0,392,2004
13087,243,4,247,2004
13089,3761,2958,6719,2004
13091,42,13,55,2004
13093,13,0,13,2004
13095,205,202,407,2004
13097,1814,60,1874,2004
13099,14,0,14,2004
13101,2,0,2,2004
13103,811,20,831,2004
13105,2,2,4,2004
13107,3,50,53,2004
13109,37,0,37,2004
13111,1103,0,1103,2004
13113,948,7,955,2004
13115,390,183,573,2004
13117,2943,142,3085,2004
13119,23,0,23,2004
13121,8008,8911,16919,2004
13123,794,0,794,2004
13127,817,129,946,2004
13129,436,115,551,2004
13131,90,0,90,2004
13133,227,71,298,2004
13135,9384,1079,10463,2004
13137,400,41,441,2004
13139,1736,22,1758,2004
13141,69,0,69,2004
13143,130,0,130,2004
13145,436,0,436,2004
13147,165,0,165,2004
13149,41,0,41,2004
13151,3591,264,3855,2004
13153,1650,318,1968,2004
13155,0,0,0,2004
13157,1515,8,1523,2004
13159,263,0,263,2004
13161,4,0,4,2004
13163,40,0,40,2004
13165,12,0,12,2004
13167,1,0,1,2004
13169,264,88,352,2004
13171,166,16,182,2004
13173,91,9,100,2004
13175,47,64,111,2004
13177,384,0,384,2004
13179,311,10,321,2004
13181,35,0,35,2004
13185,787,491,1278,2004
13187,464,9,473,2004
13189,71,0,71,2004
13191,154,0,154,2004
13193,33,0,33,2004
13195,165,2,167,2004
13197,0,0,0,2004
13199,172,0,172,2004
13201,3,0,3,2004
13205,54,0,54,2004
13207,337,0,337,2004
13209,66,0,66,2004
13211,211,38,249,2004
13213,203,0,203,2004
13215,701,392,1093,2004
13217,1927,2,1929,2004
13219,488,12,500,2004
13221,159,0,159,2004
13223,2927,176,3103,2004
13225,223,14,237,2004
13227,484,0,484,2004
13229,124,14,138,2004
13231,269,0,269,2004
13233,202,24,226,2004
13235,44,0,44,2004
13237,302,20,322,2004
13239,0,0,0,2004
13241,401,13,414,2004
13243,1,0,1,2004
13245,829,2,831,2004
13247,633,0,633,2004
13249,2,0,2,2004
13251,53,0,53,2004
13253,26,0,26,2004
13255,549,0,549,2004
13257,81,4,85,2004
13259,0,0,0,2004
13261,114,4,118,2004
13263,51,0,51,2004
13265,3,0,3,2004
13267,62,0,62,2004
13269,36,0,36,2004
13271,2,0,2,2004
13273,31,0,31,2004
13275,211,33,244,2004
13277,135,0,135,2004
13279,91,2,93,2004
13281,293,28,321,2004
13283,0,0,0,2004
13285,438,107,545,2004
13287,5,0,5,2004
13289,25,0,25,2004
13291,543,0,543,2004
13293,103,13,116,2004
13295,512,10,522,2004
13297,1330,23,1353,2004
13299,112,0,112,2004
13301,1,0,1,2004
13303,11,5,16,2004
13305,19,0,19,2004
13309,0,0,0,2004
13311,333,33,366,2004
13313,448,162,610,2004
13317,21,0,21,2004
13319,6,0,6,2004
13321,51,0,51,2004
15001,2169,866,3035,2004
15003,1898,2186,4084,2004
15007,432,0,432,2004
15009,1104,379,1483,2004
16001,5204,584,5788,2004
16003,83,0,83,2004
16005,433,127,560,2004
16007,71,0,71,2004
16009,23,0,23,2004
16011,188,52,240,2004
16013,295,90,385,2004
16015,103,0,103,2004
16017,73,84,157,2004
16019,1093,299,1392,2004
16021,57,0,57,2004
16023,5,0,5,2004
16025,28,0,28,2004
16027,2349,468,2817,2004
16029,10,0,10,2004
16031,53,0,53,2004
16033,8,0,8,2004
16035,19,0,19,2004
16037,5,0,5,2004
16039,232,48,280,2004
16041,77,0,77,2004
16043,206,0,206,2004
16045,131,0,131,2004
16047,79,10,89,2004
16049,4,0,4,2004
16051,261,87,348,2004
16053,95,0,95,2004
16055,2090,275,2365,2004
16057,98,192,290,2004
16059,53,5,58,2004
16061,10,0,10,2004
16063,34,0,34,2004
16065,197,354,551,2004
16067,25,0,25,2004
16069,84,22,106,2004
16071,14,0,14,2004
16073,56,0,56,2004
16075,132,3,135,2004
16077,21,0,21,2004
16079,3,65,68,2004
16081,216,29,245,2004
16083,660,30,690,2004
16085,364,11,375,2004
16087,31,0,31,2004
17001,116,10,126,2004
17003,4,0,4,2004
17005,76,0,76,2004
17007,547,46,593,2004
17009,13,0,13,2004
17011,69,0,69,2004
17013,22,13,35,2004
17015,67,0,67,2004
17017,20,80,100,2004
17019,917,153,1070,2004
17021,77,2,79,2004
17023,8,0,8,2004
17025,10,0,10,2004
17027,185,7,192,2004
17029,40,134,174,2004
17031,5835,8072,13907,2004
17033,4,4,8,2004
17035,7,6,13,2004
17037,721,135,856,2004
17039,48,0,48,2004
17041,53,6,59,2004
17043,2743,478,3221,2004
17045,10,4,14,2004
17049,69,0,69,2004
17051,7,18,25,2004
17053,33,0,33,2004
17055,18,0,18,2004
17057,68,2,70,2004
17061,10,0,10,2004
17063,875,80,955,2004
17065,0,0,0,2004
17067,9,14,23,2004
17069,0,0,0,2004
17071,33,0,33,2004
17073,96,8,104,2004
17075,87,3,90,2004
17077,64,56,120,2004
17079,1,0,1,2004
17081,60,0,60,2004
17083,131,52,183,2004
17085,225,8,233,2004
17087,1,0,1,2004
17089,4586,221,4807,2004
17091,543,108,651,2004
17093,1672,192,1864,2004
17095,67,0,67,2004
17097,4071,486,4557,2004
17099,508,96,604,2004
17101,3,0,3,2004
17103,89,0,89,2004
17105,73,10,83,2004
17107,46,0,46,2004
17109,7,57,64,2004
17111,3347,308,3655,2004
17113,893,272,1165,2004
17115,324,33,357,2004
17117,135,2,137,2004
17119,1406,147,1553,2004
17121,12,0,12,2004
17123,36,0,36,2004
17125,21,2,23,2004
17127,38,6,44,2004
17129,58,0,58,2004
17131,38,0,38,2004
17133,328,4,332,2004
17135,58,0,58,2004
17137,19,2,21,2004
17139,43,0,43,2004
17141,267,24,291,2004
17143,554,214,768,2004
17145,0,0,0,2004
17147,88,0,88,2004
17149,47,0,47,2004
17151,0,0,0,2004
17153,0,0,0,2004
17155,35,0,35,2004
17157,48,28,76,2004
17159,13,18,31,2004
17161,188,119,307,2004
17163,1642,416,2058,2004
17165,0,0,0,2004
17167,647,284,931,2004
17173,79,2,81,2004
17175,7,0,7,2004
17177,108,0,108,2004
17179,583,129,712,2004
17181,35,2,37,2004
17183,46,76,122,2004
17185,16,8,24,2004
17187,25,0,25,2004
17189,64,0,64,2004
17191,0,0,0,2004
17193,0,0,0,2004
17195,117,64,181,2004
17197,7603,394,7997,2004
17199,265,84,349,2004
17201,1679,301,1980,2004
17203,251,46,297,2004
18001,102,26,128,2004
18003,1822,448,2270,2004
18005,278,0,278,2004
18007,20,0,20,2004
18009,18,46,64,2004
18011,566,6,572,2004
18013,32,0,32,2004
18015,126,0,126,2004
18017,65,0,65,2004
18019,969,52,1021,2004
18021,26,6,32,2004
18023,48,6,54,2004
18025,2,0,2,2004
18027,21,0,21,2004
18029,295,34,329,2004
18031,98,12,110,2004
18033,205,0,205,2004
18035,289,70,359,2004
18037,231,34,265,2004
18039,1083,80,1163,2004
18041,71,0,71,2004
18043,350,23,373,2004
18045,6,0,6,2004
18047,118,2,120,2004
18049,68,0,68,2004
18051,202,23,225,2004
18053,122,0,122,2004
18057,3945,307,4252,2004
18059,860,30,890,2004
18061,215,0,215,2004
18063,1814,193,2007,2004
18065,103,65,168,2004
18067,247,21,268,2004
18069,153,0,153,2004
18071,173,2,175,2004
18073,193,39,232,2004
18075,41,0,41,2004
18077,142,0,142,2004
18079,130,4,134,2004
18081,1438,224,1662,2004
18083,54,0,54,2004
18085,471,28,499,2004
18087,187,0,187,2004
18089,2084,771,2855,2004
18091,419,93,512,2004
18093,26,10,36,2004
18095,555,0,555,2004
18097,3011,2124,5135,2004
18099,162,12,174,2004
18101,3,0,3,2004
18103,48,0,48,2004
18105,656,479,1135,2004
18107,165,14,179,2004
18109,317,28,345,2004
18111,43,0,43,2004
18113,198,10,208,2004
18115,42,0,42,2004
18117,4,0,4,2004
18119,3,0,3,2004
18121,42,0,42,2004
18123,46,0,46,2004
18125,53,0,53,2004
18127,1203,83,1286,2004
18129,102,0,102,2004
18131,38,0,38,2004
18133,139,18,157,2004
18135,54,0,54,2004
18137,176,42,218,2004
18139,48,66,114,2004
18141,896,244,1140,2004
18143,102,44,146,2004
18145,145,158,303,2004
18147,96,0,96,2004
18149,12,26,38,2004
18151,307,0,307,2004
18153,7,0,7,2004
18155,138,0,138,2004
18157,1188,177,1365,2004
18159,38,0,38,2004
18161,32,0,32,2004
18163,639,385,1024,2004
18165,32,0,32,2004
18167,251,267,518,2004
18169,74,2,76,2004
18171,37,0,37,2004
18173,507,84,591,2004
18175,97,23,120,2004
18177,161,50,211,2004
18179,98,4,102,2004
18181,80,0,80,2004
18183,199,66,265,2004
19001,14,0,14,2004
19003,7,0,7,2004
19005,86,0,86,2004
19007,20,0,20,2004
19009,7,0,7,2004
19011,99,6,105,2004
19013,407,83,490,2004
19015,110,10,120,2004
19017,134,4,138,2004
19019,27,30,57,2004
19021,15,10,25,2004
19023,42,0,42,2004
19025,20,0,20,2004
19027,66,0,66,2004
19029,16,0,16,2004
19031,62,25,87,2004
19033,113,42,155,2004
19035,25,0,25,2004
19037,19,4,23,2004
19039,11,33,44,2004
19041,42,28,70,2004
19043,57,3,60,2004
19045,167,7,174,2004
19047,30,2,32,2004
19049,442,62,504,2004
19051,9,0,9,2004
19053,5,4,9,2004
19055,16,0,16,2004
19057,78,6,84,2004
19059,209,73,282,2004
19061,417,455,872,2004
19063,18,0,18,2004
19065,20,0,20,2004
19067,38,0,38,2004
19069,18,2,20,2004
19071,23,0,23,2004
19073,17,0,17,2004
19075,57,0,57,2004
19077,50,0,50,2004
19079,28,0,28,2004
19081,27,2,29,2004
19083,31,0,31,2004
19085,54,0,54,2004
19087,30,6,36,2004
19089,12,0,12,2004
19091,15,31,46,2004
19093,8,0,8,2004
19095,27,2,29,2004
19097,87,8,95,2004
19099,92,17,109,2004
19101,23,0,23,2004
19103,927,396,1323,2004
19105,42,4,46,2004
19107,3,0,3,2004
19109,14,6,20,2004
19111,21,0,21,2004
19113,1045,860,1905,2004
19115,18,2,20,2004
19117,3,0,3,2004
19119,24,0,24,2004
19121,162,2,164,2004
19123,27,0,27,2004
19125,134,10,144,2004
19127,78,56,134,2004
19129,11,0,11,2004
19131,17,11,28,2004
19133,29,0,29,2004
19135,22,0,22,2004
19137,11,0,11,2004
19139,131,36,167,2004
19141,18,0,18,2004
19143,7,0,7,2004
19145,17,0,17,2004
19147,8,0,8,2004
19149,98,10,108,2004
19151,7,0,7,2004
19153,3718,668,4386,2004
19155,418,34,452,2004
19157,61,51,112,2004
19159,2,0,2,2004
19161,11,0,11,2004
19163,607,214,821,2004
19165,12,0,12,2004
19167,92,9,101,2004
19169,317,419,736,2004
19171,33,4,37,2004
19173,7,0,7,2004
19175,11,0,11,2004
19177,1,0,1,2004
19179,58,16,74,2004
19181,290,67,357,2004
19183,21,18,39,2004
19185,2,0,2,2004
19187,55,10,65,2004
19189,21,4,25,2004
19191,97,8,105,2004
19193,172,101,273,2004
19195,15,0,15,2004
19197,32,0,32,2004
20001,17,0,17,2004
20003,33,0,33,2004
20005,21,6,27,2004
20007,8,0,8,2004
20009,29,12,41,2004
20011,3,0,3,2004
20013,3,0,3,2004
20015,376,8,384,2004
20017,0,0,0,2004
20019,0,0,0,2004
20021,8,11,19,2004
20023,0,0,0,2004
20025,2,0,2,2004
20027,22,6,28,2004
20029,2,0,2,2004
20031,28,0,28,2004
20033,0,0,0,2004
20035,81,0,81,2004
20037,101,6,107,2004
20039,0,0,0,2004
20041,51,0,51,2004
20043,10,14,24,2004
20045,553,326,879,2004
20047,1,0,1,2004
20051,35,10,45,2004
20053,15,4,19,2004
20055,30,0,30,2004
20057,62,6,68,2004
20059,114,26,140,2004
20061,64,0,64,2004
20063,0,0,0,2004
20065,0,0,0,2004
20067,2,8,10,2004
20069,27,0,27,2004
20071,1,0,1,2004
20073,1,0,1,2004
20075,3,0,3,2004
20077,4,0,4,2004
20079,111,0,111,2004
20081,0,0,0,2004
20085,72,4,76,2004
20087,106,4,110,2004
20089,0,0,0,2004
20091,3860,538,4398,2004
20093,10,0,10,2004
20095,6,0,6,2004
20097,0,0,0,2004
20099,9,0,9,2004
20101,1,0,1,2004
20103,546,44,590,2004
20105,1,0,1,2004
20107,86,3,89,2004
20109,0,8,8,2004
20111,62,114,176,2004
20113,126,2,128,2004
20115,40,24,64,2004
20117,11,0,11,2004
20119,2,0,2,2004
20121,286,16,302,2004
20123,7,4,11,2004
20125,11,0,11,2004
20127,7,0,7,2004
20129,0,0,0,2004
20131,8,0,8,2004
20133,7,0,7,2004
20135,1,0,1,2004
20137,1,0,1,2004
20139,84,0,84,2004
20141,0,0,0,2004
20143,25,0,25,2004
20145,3,0,3,2004
20147,1,0,1,2004
20149,140,2,142,2004
20151,4,12,16,2004
20153,2,0,2,2004
20155,100,0,100,2004
20157,0,0,0,2004
20159,8,0,8,2004
20161,217,222,439,2004
20163,1,0,1,2004
20165,0,0,0,2004
20167,4,0,4,2004
20169,142,48,190,2004
20171,4,5,9,2004
20173,2400,156,2556,2004
20175,26,0,26,2004
20177,842,24,866,2004
20181,3,12,15,2004
20183,0,0,0,2004
20185,1,0,1,2004
20187,0,0,0,2004
20189,4,0,4,2004
20191,55,0,55,2004
20193,3,0,3,2004
20195,1,24,25,2004
20197,31,0,31,2004
20199,0,0,0,2004
20201,2,0,2,2004
20203,1,0,1,2004
20205,3,0,3,2004
20207,7,0,7,2004
20209,350,44,394,2004
21001,0,0,0,2004
21005,191,10,201,2004
21009,39,16,55,2004
21011,10,0,10,2004
21013,58,2,60,2004
21015,1581,130,1711,2004
21017,72,0,72,2004
21019,23,0,23,2004
21021,104,59,163,2004
21025,0,0,0,2004
21027,18,26,44,2004
21029,783,171,954,2004
21031,0,0,0,2004
21033,7,0,7,2004
21035,16,98,114,2004
21037,268,116,384,2004
21041,4,0,4,2004
21043,15,0,15,2004
21045,2,0,2,2004
21047,105,98,203,2004
21049,316,0,316,2004
21051,0,0,0,2004
21053,0,23,23,2004
21055,1,0,1,2004
21057,1,2,3,2004
21059,391,22,413,2004
21065,1,0,1,2004
21067,2184,776,2960,2004
21069,1,0,1,2004
21071,9,4,13,2004
21073,172,100,272,2004
21075,18,0,18,2004
21077,24,42,66,2004
21079,12,6,18,2004
21081,146,8,154,2004
21083,12,0,12,2004
21085,0,3,3,2004
21087,0,0,0,2004
21089,32,4,36,2004
21091,0,0,0,2004
21093,904,163,1067,2004
21095,0,0,0,2004
21097,73,2,75,2004
21099,41,0,41,2004
21101,151,82,233,2004
21103,84,0,84,2004
21107,151,10,161,2004
21109,0,0,0,2004
21111,3237,649,3886,2004
21113,738,66,804,2004
21115,16,2,18,2004
21117,1228,173,1401,2004
21121,3,0,3,2004
21123,83,10,93,2004
21125,7,0,7,2004
21133,0,0,0,2004
21137,211,12,223,2004
21141,18,17,35,2004
21143,10,0,10,2004
21145,347,68,415,2004
21147,0,0,0,2004
21149,2,0,2,2004
21151,348,196,544,2004
21155,14,6,20,2004
21157,8,18,26,2004
21161,45,0,45,2004
21163,133,16,149,2004
21167,108,4,112,2004
21173,190,58,248,2004
21175,3,0,3,2004
21177,12,0,12,2004
21179,406,30,436,2004
21181,5,0,5,2004
21183,14,0,14,2004
21185,742,0,742,2004
21187,1,0,1,2004
21191,0,0,0,2004
21193,14,0,14,2004
21195,22,9,31,2004
21199,70,0,70,2004
21205,7,0,7,2004
21207,1,0,1,2004
21209,690,76,766,2004
21211,457,133,590,2004
21213,106,4,110,2004
21215,119,0,119,2004
21217,7,61,68,2004
21219,2,0,2,2004
21221,16,0,16,2004
21225,2,6,8,2004
21227,809,515,1324,2004
21229,5,0,5,2004
21231,0,0,0,2004
21233,2,0,2,2004
21235,27,13,40,2004
21239,175,28,203,2004
22001,167,3,170,2004
22003,15,0,15,2004
22005,1244,254,1498,2004
22007,94,0,94,2004
22009,110,0,110,2004
22011,29,0,29,2004
22013,0,0,0,2004
22015,864,94,958,2004
22017,780,219,999,2004
22019,1052,136,1188,2004
22021,27,0,27,2004
22023,159,0,159,2004
22025,39,0,39,2004
22027,0,3,3,2004
22029,34,20,54,2004
22031,1,0,1,2004
22033,1953,197,2150,2004
22035,0,0,0,2004
22037,0,0,0,2004
22039,97,4,101,2004
22041,36,3,39,2004
22043,38,0,38,2004
22045,245,17,262,2004
22047,124,0,124,2004
22049,1,0,1,2004
22051,1173,44,1217,2004
22053,81,8,89,2004
22055,2019,28,2047,2004
22057,351,5,356,2004
22059,2,0,2,2004
22061,136,225,361,2004
22063,1062,59,1121,2004
22065,10,0,10,2004
22067,36,2,38,2004
22069,127,8,135,2004
22071,552,335,887,2004
22073,299,133,432,2004
22075,155,2,157,2004
22077,78,0,78,2004
22079,645,2,647,2004
22081,1,0,1,2004
22083,75,2,77,2004
22085,0,0,0,2004
22087,95,2,97,2004
22089,319,16,335,2004
22091,46,0,46,2004
22093,94,0,94,2004
22095,237,30,267,2004
22097,301,49,350,2004
22099,200,0,200,2004
22101,113,3,116,2004
22103,3167,273,3440,2004
22105,736,94,830,2004
22107,12,18,30,2004
22109,539,0,539,2004
22111,268,0,268,2004
22113,286,0,286,2004
22115,23,0,23,2004
22117,157,0,157,2004
22119,16,17,33,2004
22121,102,0,102,2004
22123,1,0,1,2004
22125,60,0,60,2004
22127,1,0,1,2004
23000,261,0,261,2004
23001,525,20,545,2004
23003,181,2,183,2004
23005,1465,233,1698,2004
23007,247,0,247,2004
23009,508,57,565,2004
23011,584,131,715,2004
23013,345,0,345,2004
23015,357,28,385,2004
23017,450,6,456,2004
23019,658,83,741,2004
23021,90,0,90,2004
23023,233,4,237,2004
23025,124,4,128,2004
23027,196,0,196,2004
23029,237,0,237,2004
23031,1592,150,1742,2004
24001,100,20,120,2004
24003,1769,595,2364,2004
24005,1497,606,2103,2004
24009,525,0,525,2004
24011,316,0,316,2004
24013,732,308,1040,2004
24015,678,133,811,2004
24017,1000,0,1000,2004
24019,363,60,423,2004
24021,1718,55,1773,2004
24023,349,6,355,2004
24025,1430,406,1836,2004
24027,1284,553,1837,2004
24029,221,0,221,2004
24031,2376,1445,3821,2004
24033,1875,73,1948,2004
24035,356,6,362,2004
24037,1096,288,1384,2004
24039,108,77,185,2004
24041,625,0,625,2004
24043,1211,157,1368,2004
24045,751,249,1000,2004
24047,740,485,1225,2004
24510,433,307,740,2004
25001,1265,210,1475,2004
25003,434,46,480,2004
25005,1500,378,1878,2004
25007,255,0,255,2004
25009,1180,1640,2820,2004
25011,243,22,265,2004
25013,823,100,923,2004
25015,477,44,521,2004
25017,2207,1599,3806,2004
25019,267,8,275,2004
25021,892,1729,2621,2004
25023,1818,248,2066,2004
25025,125,1275,1400,2004
25027,3356,336,3692,2004
26000,272,0,272,2004
26001,67,0,67,2004
26003,210,0,210,2004
26005,833,93,926,2004
26007,44,0,44,2004
26009,137,11,148,2004
26011,97,0,97,2004
26013,37,0,37,2004
26015,371,0,371,2004
26017,327,78,405,2004
26019,211,0,211,2004
26021,685,46,731,2004
26023,132,4,136,2004
26025,354,16,370,2004
26027,221,0,221,2004
26029,267,0,267,2004
26031,199,4,203,2004
26033,132,218,350,2004
26035,145,17,162,2004
26037,463,203,666,2004
26039,115,0,115,2004
26041,167,42,209,2004
26043,73,0,73,2004
26045,515,20,535,2004
26047,268,71,339,2004
26049,2158,240,2398,2004
26051,225,0,225,2004
26053,36,4,40,2004
26055,692,276,968,2004
26057,83,25,108,2004
26059,241,14,255,2004
26061,134,0,134,2004
26063,154,4,158,2004
26065,839,166,1005,2004
26067,278,12,290,2004
26069,145,0,145,2004
26071,50,0,50,2004
26073,522,191,713,2004
26075,688,16,704,2004
26077,1084,289,1373,2004
26079,152,0,152,2004
26081,3049,537,3586,2004
26083,28,0,28,2004
26085,131,0,131,2004
26087,569,0,569,2004
26089,240,6,246,2004
26091,533,4,537,2004
26093,2033,94,2127,2004
26095,59,0,59,2004
26097,197,5,202,2004
26099,4621,829,5450,2004
26101,56,9,65,2004
26103,272,65,337,2004
26105,178,0,178,2004
26107,289,48,337,2004
26109,126,0,126,2004
26111,211,13,224,2004
26113,79,0,79,2004
26115,1077,105,1182,2004
26117,275,18,293,2004
26119,79,0,79,2004
26121,703,63,766,2004
26123,284,0,284,2004
26125,5017,1348,6365,2004
26127,230,0,230,2004
26129,98,0,98,2004
26131,34,0,34,2004
26133,108,2,110,2004
26135,67,0,67,2004
26137,187,0,187,2004
26139,1706,649,2355,2004
26141,117,0,117,2004
26143,290,0,290,2004
26145,604,14,618,2004
26147,948,32,980,2004
26149,160,48,208,2004
26151,115,41,156,2004
26153,67,0,67,2004
26155,218,2,220,2004
26157,112,4,116,2004
26159,474,20,494,2004
26161,1994,714,2708,2004
26163,4211,2106,6317,2004
26165,212,4,216,2004
27001,347,0,347,2004
27003,2958,422,3380,2004
27005,305,38,343,2004
27007,220,34,254,2004
27009,278,0,278,2004
27011,24,0,24,2004
27013,448,5,453,2004
27015,68,49,117,2004
27017,197,48,245,2004
27019,946,298,1244,2004
27021,380,4,384,2004
27023,24,2,26,2004
27025,488,6,494,2004
27027,480,266,746,2004
27029,2,0,2,2004
27031,141,0,141,2004
27033,20,0,20,2004
27035,1008,111,1119,2004
27037,2189,1372,3561,2004
27039,154,8,162,2004
27041,502,64,566,2004
27043,28,0,28,2004
27045,151,2,153,2004
27047,1,0,1,2004
27049,365,16,381,2004
27051,5,0,5,2004
27053,2682,2474,5156,2004
27055,121,0,121,2004
27057,70,4,74,2004
27059,600,114,714,2004
27061,398,26,424,2004
27063,25,0,25,2004
27065,100,2,102,2004
27067,223,42,265,2004
27069,9,0,9,2004
27071,51,0,51,2004
27073,10,0,10,2004
27075,112,0,112,2004
27077,72,0,72,2004
27079,247,34,281,2004
27081,20,0,20,2004
27083,100,4,104,2004
27085,273,55,328,2004
27087,1,0,1,2004
27089,5,0,5,2004
27091,32,0,32,2004
27093,202,6,208,2004
27095,303,16,319,2004
27097,283,22,305,2004
27099,132,24,156,2004
27101,29,5,34,2004
27103,173,90,263,2004
27105,34,6,40,2004
27107,30,0,30,2004
27109,1248,29,1277,2004
27111,158,59,217,2004
27113,28,0,28,2004
27115,163,81,244,2004
27117,14,4,18,2004
27119,118,0,118,2004
27121,100,6,106,2004
27123,672,2121,2793,2004
27125,5,0,5,2004
27127,17,0,17,2004
27129,24,0,24,2004
27131,579,86,665,2004
27133,25,4,29,2004
27135,29,2,31,2004
27137,806,379,1185,2004
27139,1986,101,2087,2004
27141,1501,36,1537,2004
27143,97,0,97,2004
27145,1248,180,1428,2004
27147,241,39,280,2004
27149,49,0,49,2004
27151,18,0,18,2004
27153,180,38,218,2004
27155,15,0,15,2004
27157,197,26,223,2004
27159,67,0,67,2004
27161,82,0,82,2004
27163,2443,265,2708,2004
27165,23,8,31,2004
27167,14,16,30,2004
27169,236,29,265,2004
27171,2108,85,2193,2004
27173,23,0,23,2004
28001,1,0,1,2004
28003,34,10,44,2004
28005,2,0,2,2004
28007,25,0,25,2004
28009,1,0,1,2004
28011,36,0,36,2004
28013,2,0,2,2004
28017,11,0,11,2004
28019,0,0,0,2004
28021,1,0,1,2004
28023,6,0,6,2004
28025,20,0,20,2004
28027,28,0,28,2004
28029,11,0,11,2004
28031,0,4,4,2004
28033,2234,384,2618,2004
28035,188,415,603,2004
28037,0,0,0,2004
28039,0,0,0,2004
28041,0,0,0,2004
28043,36,0,36,2004
28045,567,14,581,2004
28047,1278,476,1754,2004
28049,744,404,1148,2004
28051,13,0,13,2004
28053,0,0,0,2004
28055,0,0,0,2004
28057,10,0,10,2004
28059,1063,232,1295,2004
28061,3,0,3,2004
28063,0,0,0,2004
28065,0,0,0,2004
28067,32,16,48,2004
28071,143,6,149,2004
28073,7,0,7,2004
28075,183,57,240,2004
28077,5,0,5,2004
28079,12,0,12,2004
28081,200,8,208,2004
28083,38,264,302,2004
28085,18,0,18,2004
28087,163,94,257,2004
28089,1202,588,1790,2004
28091,3,4,7,2004
28093,175,0,175,2004
28095,17,0,17,2004
28097,21,71,92,2004
28099,41,0,41,2004
28101,2,0,2,2004
28103,3,0,3,2004
28105,97,83,180,2004
28107,40,0,40,2004
28109,386,6,392,2004
28111,6,0,6,2004
28113,17,5,22,2004
28115,16,0,16,2004
28117,26,2,28,2004
28119,8,0,8,2004
28121,1411,108,1519,2004
28123,13,0,13,2004
28125,1,0,1,2004
28127,38,0,38,2004
28129,7,0,7,2004
28131,30,3,33,2004
28133,79,0,79,2004
28135,13,0,13,2004
28137,196,0,196,2004
28139,28,0,28,2004
28141,4,0,4,2004
28143,42,0,42,2004
28145,14,0,14,2004
28147,0,0,0,2004
28149,29,0,29,2004
28151,55,79,134,2004
28153,10,0,10,2004
28155,14,0,14,2004
28157,0,0,0,2004
28159,10,0,10,2004
28161,27,0,27,2004
28163,3,0,3,2004
29001,28,30,58,2004
29003,19,0,19,2004
29005,4,0,4,2004
29007,30,2,32,2004
29009,52,24,76,2004
29011,14,0,14,2004
29013,37,16,53,2004
29015,10,2,12,2004
29017,1,0,1,2004
29019,1662,668,2330,2004
29021,168,119,287,2004
29023,43,0,43,2004
29025,56,0,56,2004
29027,131,6,137,2004
29029,97,72,169,2004
29031,177,56,233,2004
29033,4,0,4,2004
29035,0,0,0,2004
29037,987,103,1090,2004
29039,10,13,23,2004
29041,6,0,6,2004
29043,1271,28,1299,2004
29045,5,4,9,2004
29047,779,267,1046,2004
29049,185,8,193,2004
29051,366,40,406,2004
29053,47,0,47,2004
29055,21,0,21,2004
29057,4,0,4,2004
29059,11,30,41,2004
29061,7,2,9,2004
29063,9,0,9,2004
29065,6,0,6,2004
29067,3,0,3,2004
29069,25,0,25,2004
29071,672,156,828,2004
29073,19,0,19,2004
29075,4,0,4,2004
29077,1949,710,2659,2004
29079,23,0,23,2004
29081,7,0,7,2004
29083,23,12,35,2004
29087,1,0,1,2004
29089,5,4,9,2004
29091,116,0,116,2004
29093,7,4,11,2004
29095,4564,1426,5990,2004
29097,586,59,645,2004
29099,1717,71,1788,2004
29101,123,110,233,2004
29103,4,0,4,2004
29105,79,62,141,2004
29107,141,8,149,2004
29109,62,56,118,2004
29111,13,2,15,2004
29113,284,6,290,2004
29115,4,4,8,2004
29117,34,0,34,2004
29119,11,0,11,2004
29121,16,4,20,2004
29123,5,27,32,2004
29125,3,2,5,2004
29127,64,9,73,2004
29129,0,0,0,2004
29131,17,68,85,2004
29133,7,0,7,2004
29135,3,0,3,2004
29137,59,0,59,2004
29139,73,4,77,2004
29141,3,0,3,2004
29143,36,0,36,2004
29145,70,0,70,2004
29147,48,19,67,2004
29149,3,0,3,2004
29151,0,0,0,2004
29153,4,2,6,2004
29155,17,0,17,2004
29157,66,0,66,2004
29159,48,28,76,2004
29161,72,98,170,2004
29163,14,0,14,2004
29165,404,8,412,2004
29167,44,115,159,2004
29169,82,56,138,2004
29171,11,6,17,2004
29173,1,0,1,2004
29175,34,46,80,2004
29177,146,10,156,2004
29179,0,0,0,2004
29181,1,0,1,2004
29183,4121,577,4698,2004
29185,14,0,14,2004
29186,11,4,15,2004
29187,208,118,326,2004
29189,2147,478,2625,2004
29195,8,8,16,2004
29197,15,0,15,2004
29199,1,0,1,2004
29201,78,10,88,2004
29203,1,0,1,2004
29205,0,0,0,2004
29207,22,20,42,2004
29209,340,22,362,2004
29211,1,0,1,2004
29213,473,275,748,2004
29215,5,0,5,2004
29217,12,2,14,2004
29219,428,35,463,2004
29221,7,0,7,2004
29225,124,7,131,2004
29227,0,0,0,2004
29229,8,0,8,2004
29510,171,284,455,2004
30001,2,24,26,2004
30003,6,0,6,2004
30005,0,0,0,2004
30007,6,0,6,2004
30009,52,11,63,2004
30011,0,0,0,2004
30013,180,44,224,2004
30015,6,0,6,2004
30017,5,0,5,2004
30019,0,0,0,2004
30021,3,0,3,2004
30023,28,0,28,2004
30025,4,0,4,2004
30027,8,0,8,2004
30029,389,295,684,2004
30031,1321,609,1930,2004
30033,0,0,0,2004
30035,0,0,0,2004
30037,0,0,0,2004
30039,0,0,0,2004
30041,9,0,9,2004
30043,0,0,0,2004
30045,0,0,0,2004
30047,107,14,121,2004
30049,111,34,145,2004
30051,0,0,0,2004
30053,2,0,2,2004
30055,0,0,0,2004
30057,6,14,20,2004
30059,0,0,0,2004
30061,4,0,4,2004
30063,400,188,588,2004
30065,1,0,1,2004
30067,53,0,53,2004
30069,0,0,0,2004
30071,1,0,1,2004
30073,0,0,0,2004
30075,0,0,0,2004
30077,0,0,0,2004
30079,0,0,0,2004
30081,35,27,62,2004
30083,10,0,10,2004
30085,0,0,0,2004
30087,2,0,2,2004
30089,0,0,0,2004
30091,0,0,0,2004
30093,66,8,74,2004
30095,4,0,4,2004
30097,1,0,1,2004
30099,2,0,2,2004
30101,4,0,4,2004
30103,0,0,0,2004
30105,2,0,2,2004
30107,0,0,0,2004
30109,1,0,1,2004
30111,594,282,876,2004
31001,152,124,276,2004
31003,16,0,16,2004
31011,10,0,10,2004
31013,1,0,1,2004
31015,0,0,0,2004
31017,4,0,4,2004
31019,395,24,419,2004
31021,9,2,11,2004
31023,10,2,12,2004
31025,173,2,175,2004
31027,20,0,20,2004
31029,5,0,5,2004
31031,22,0,22,2004
31033,35,2,37,2004
31035,12,0,12,2004
31037,11,0,11,2004
31039,13,0,13,2004
31041,3,2,5,2004
31043,30,2,32,2004
31045,9,0,9,2004
31047,28,0,28,2004
31049,1,0,1,2004
31051,12,2,14,2004
31053,102,25,127,2004
31055,2805,330,3135,2004
31057,0,0,0,2004
31059,4,0,4,2004
31061,2,0,2,2004
31063,11,0,11,2004
31065,1,0,1,2004
31067,23,21,44,2004
31069,3,0,3,2004
31071,1,0,1,2004
31073,6,0,6,2004
31077,0,0,0,2004
31079,143,89,232,2004
31081,23,0,23,2004
31083,12,0,12,2004
31085,0,0,0,2004
31087,0,0,0,2004
31089,12,0,12,2004
31091,2,0,2,2004
31093,27,0,27,2004
31095,11,0,11,2004
31097,7,0,7,2004
31099,2,0,2,2004
31101,16,4,20,2004
31103,6,0,6,2004
31105,2,0,2,2004
31107,45,0,45,2004
31109,2001,615,2616,2004
31111,114,58,172,2004
31115,1,0,1,2004
31119,132,22,154,2004
31121,25,5,30,2004
31123,0,0,0,2004
31125,6,0,6,2004
31127,12,0,12,2004
31129,0,18,18,2004
31131,68,0,68,2004
31133,1,0,1,2004
31135,1,0,1,2004
31137,25,0,25,2004
31139,33,0,33,2004
31141,43,12,55,2004
31143,2,0,2,2004
31145,5,8,13,2004
31147,4,0,4,2004
31149,1,0,1,2004
31151,26,0,26,2004
31153,1870,437,2307,2004
31155,103,38,141,2004
31157,40,10,50,2004
31159,82,8,90,2004
31161,3,0,3,2004
31163,6,0,6,2004
31165,4,0,4,2004
31167,14,0,14,2004
31169,10,0,10,2004
31173,5,0,5,2004
31175,7,0,7,2004
31177,125,0,125,2004
31179,9,4,13,2004
31181,5,2,7,2004
31183,0,0,0,2004
31185,32,0,32,2004
32001,239,38,277,2004
32003,31741,4654,36395,2004
32005,507,46,553,2004
32007,298,11,309,2004
32013,47,0,47,2004
32015,2,0,2,2004
32017,24,0,24,2004
32019,872,59,931,2004
32021,10,0,10,2004
32027,5,0,5,2004
32029,51,0,51,2004
32031,4958,734,5692,2004
32033,28,0,28,2004
32510,132,100,232,2004
33001,499,8,507,2004
33003,720,10,730,2004
33005,304,117,421,2004
33007,129,4,133,2004
33009,584,82,666,2004
33011,1570,590,2160,2004
33013,927,96,1023,2004
33015,1308,580,1888,2004
33017,674,148,822,2004
33019,287,16,303,2004
34001,1970,105,2075,2004
34003,914,1228,2142,2004
34005,1302,214,1516,2004
34007,1222,191,1413,2004
34009,1101,1048,2149,2004
34011,564,2,566,2004
34013,436,1907,2343,2004
34015,1638,412,2050,2004
34017,386,3422,3808,2004
34019,627,21,648,2004
34021,938,703,1641,2004
34023,1899,723,2622,2004
34025,2179,449,2628,2004
34027,888,539,1427,2004
34029,3300,518,3818,2004
34031,437,326,763,2004
34033,289,45,334,2004
34035,797,565,1362,2004
34037,558,54,612,2004
34039,411,988,1399,2004
34041,573,47,620,2004
35000,981,0,981,2004
35001,5506,378,5884,2004
35005,52,0,52,2004
35007,65,0,65,2004
35009,220,8,228,2004
35013,1355,320,1675,2004
35015,65,0,65,2004
35025,47,60,107,2004
35027,222,17,239,2004
35028,105,0,105,2004
35029,62,0,62,2004
35031,21,0,21,2004
35035,209,14,223,2004
35039,14,0,14,2004
35041,17,28,45,2004
35043,1213,12,1225,2004
35045,340,11,351,2004
35049,561,0,561,2004
35051,5,25,30,2004
35053,4,0,4,2004
35055,264,8,272,2004
35061,346,0,346,2004
36001,600,312,912,2004
36003,66,46,112,2004
36005,33,4891,4924,2004
36007,196,15,211,2004
36009,191,12,203,2004
36011,171,2,173,2004
36013,242,23,265,2004
36015,91,4,95,2004
36017,86,40,126,2004
36019,257,18,275,2004
36021,356,4,360,2004
36023,98,12,110,2004
36025,152,28,180,2004
36027,926,123,1049,2004
36029,1413,519,1932,2004
36031,292,0,292,2004
36033,176,0,176,2004
36035,105,0,105,2004
36037,108,2,110,2004
36039,416,30,446,2004
36041,84,0,84,2004
36043,162,0,162,2004
36045,222,6,228,2004
36047,113,6712,6825,2004
36049,151,0,151,2004
36051,176,0,176,2004
36053,210,12,222,2004
36055,1438,571,2009,2004
36057,79,0,79,2004
36059,735,442,1177,2004
36061,1,4554,4555,2004
36063,443,135,578,2004
36065,347,3,350,2004
36067,1007,150,1157,2004
36069,460,71,531,2004
36071,1480,234,1714,2004
36073,96,0,96,2004
36075,252,2,254,2004
36077,158,10,168,2004
36079,196,0,196,2004
36081,265,6588,6853,2004
36083,457,139,596,2004
36085,604,1447,2051,2004
36087,206,275,481,2004
36089,258,2,260,2004
36091,1162,117,1279,2004
36093,301,66,367,2004
36095,88,26,114,2004
36097,48,0,48,2004
36099,40,2,42,2004
36101,177,0,177,2004
36103,2940,457,3397,2004
36105,656,167,823,2004
36107,78,0,78,2004
36109,220,21,241,2004
36111,807,57,864,2004
36113,442,88,530,2004
36115,275,4,279,2004
36117,231,2,233,2004
36119,898,892,1790,2004
36121,61,40,101,2004
36123,85,40,125,2004
37001,1222,144,1366,2004
37003,189,0,189,2004
37005,107,0,107,2004
37007,72,0,72,2004
37009,291,0,291,2004
37011,249,18,267,2004
37013,219,36,255,2004
37015,63,0,63,2004
37017,118,0,118,2004
37019,3558,271,3829,2004
37021,1681,392,2073,2004
37023,237,6,243,2004
37025,2112,41,2153,2004
37027,392,2,394,2004
37029,132,0,132,2004
37031,605,139,744,2004
37033,104,0,104,2004
37035,757,302,1059,2004
37037,663,0,663,2004
37039,479,6,485,2004
37041,65,12,77,2004
37043,192,0,192,2004
37045,370,102,472,2004
37047,98,6,104,2004
37049,998,34,1032,2004
37051,1798,1207,3005,2004
37053,574,0,574,2004
37055,813,45,858,2004
37057,840,24,864,2004
37059,395,0,395,2004
37061,143,6,149,2004
37063,2051,868,2919,2004
37065,71,24,95,2004
37067,2568,667,3235,2004
37069,488,0,488,2004
37071,1223,87,1310,2004
37073,29,0,29,2004
37075,75,0,75,2004
37077,398,254,652,2004
37079,10,0,10,2004
37081,3840,1138,4978,2004
37083,126,55,181,2004
37085,980,13,993,2004
37087,438,16,454,2004
37089,858,208,1066,2004
37091,22,2,24,2004
37093,523,0,523,2004
37095,24,0,24,2004
37097,1895,492,2387,2004
37099,505,173,678,2004
37101,1529,16,1545,2004
37103,7,0,7,2004
37105,362,40,402,2004
37107,89,32,121,2004
37109,688,20,708,2004
37111,231,40,271,2004
37113,374,16,390,2004
37115,161,0,161,2004
37117,36,0,36,2004
37119,8463,3443,11906,2004
37121,61,0,61,2004
37123,94,0,94,2004
37125,782,75,857,2004
37127,600,60,660,2004
37129,2462,1132,3594,2004
37131,53,0,53,2004
37133,1294,566,1860,2004
37135,1106,12,1118,2004
37137,108,0,108,2004
37139,429,0,429,2004
37141,841,68,909,2004
37143,132,0,132,2004
37145,255,22,277,2004
37147,1499,692,2191,2004
37149,155,0,155,2004
37151,669,33,702,2004
37153,286,45,331,2004
37155,328,0,328,2004
37157,363,96,459,2004
37159,626,140,766,2004
37161,332,12,344,2004
37163,176,0,176,2004
37165,58,20,78,2004
37167,390,86,476,2004
37169,192,0,192,2004
37171,228,0,228,2004
37173,136,12,148,2004
37175,241,0,241,2004
37177,33,0,33,2004
37179,3308,4,3312,2004
37181,122,2,124,2004
37183,10066,2305,12371,2004
37185,139,0,139,2004
37187,10,0,10,2004
37189,494,42,536,2004
37191,533,7,540,2004
37193,241,48,289,2004
37195,465,21,486,2004
37197,127,0,127,2004
37199,113,33,146,2004
38001,4,0,4,2004
38003,22,27,49,2004
38005,0,0,0,2004
38007,1,0,1,2004
38009,2,6,8,2004
38011,0,5,5,2004
38013,1,0,1,2004
38015,531,126,657,2004
38017,1156,919,2075,2004
38019,0,0,0,2004
38021,1,0,1,2004
38023,0,0,0,2004
38025,4,0,4,2004
38027,0,0,0,2004
38029,4,0,4,2004
38031,4,0,4,2004
38033,0,0,0,2004
38035,245,227,472,2004
38037,3,0,3,2004
38039,0,0,0,2004
38041,0,0,0,2004
38043,4,0,4,2004
38045,1,0,1,2004
38047,2,0,2,2004
38049,9,0,9,2004
38051,5,2,7,2004
38053,1,0,1,2004
38055,31,0,31,2004
38057,6,0,6,2004
38059,129,66,195,2004
38061,48,0,48,2004
38063,1,0,1,2004
38065,1,0,1,2004
38067,3,0,3,2004
38069,0,0,0,2004
38071,9,4,13,2004
38073,4,0,4,2004
38075,2,0,2,2004
38077,23,0,23,2004
38079,1,0,1,2004
38081,4,6,10,2004
38083,4,0,4,2004
38085,0,0,0,2004
38087,0,0,0,2004
38089,66,14,80,2004
38091,3,0,3,2004
38093,32,16,48,2004
38095,0,0,0,2004
38097,13,0,13,2004
38099,4,0,4,2004
38101,101,94,195,2004
38103,1,0,1,2004
38105,35,0,35,2004
39001,0,4,4,2004
39003,331,38,369,2004
39005,191,23,214,2004
39007,371,4,375,2004
39009,14,29,43,2004
39011,209,0,209,2004
39013,65,31,96,2004
39015,189,36,225,2004
39017,2292,768,3060,2004
39019,9,24,33,2004
39021,212,0,212,2004
39023,258,0,258,2004
39025,1200,111,1311,2004
39027,203,46,249,2004
39029,105,37,142,2004
39031,7,0,7,2004
39033,68,80,148,2004
39035,2010,238,2248,2004
39037,109,18,127,2004
39039,127,13,140,2004
39041,2312,125,2437,2004
39043,246,110,356,2004
39045,1023,242,1265,2004
39047,144,18,162,2004
39049,5220,1866,7086,2004
39051,214,8,222,2004
39053,2,4,6,2004
39055,435,0,435,2004
39057,837,355,1192,2004
39059,61,0,61,2004
39061,1231,351,1582,2004
39063,989,2,991,2004
39065,49,4,53,2004
39067,3,0,3,2004
39069,72,12,84,2004
39071,60,2,62,2004
39073,9,37,46,2004
39075,113,22,135,2004
39077,158,39,197,2004
39079,110,4,114,2004
39081,24,70,94,2004
39083,372,4,376,2004
39085,901,145,1046,2004
39087,17,12,29,2004
39089,967,202,1169,2004
39091,208,77,285,2004
39093,1965,76,2041,2004
39095,1582,365,1947,2004
39097,120,15,135,2004
39099,737,36,773,2004
39101,198,217,415,2004
39103,1400,239,1639,2004
39105,17,0,17,2004
39107,154,28,182,2004
39109,376,0,376,2004
39111,0,36,36,2004
39113,1266,201,1467,2004
39115,57,0,57,2004
39117,421,11,432,2004
39119,37,84,121,2004
39121,38,0,38,2004
39123,243,12,255,2004
39125,24,0,24,2004
39127,71,6,77,2004
39129,234,15,249,2004
39131,233,0,233,2004
39133,652,59,711,2004
39135,121,4,125,2004
39137,129,10,139,2004
39139,334,112,446,2004
39141,47,0,47,2004
39143,167,31,198,2004
39145,8,35,43,2004
39147,66,66,132,2004
39149,184,34,218,2004
39151,1391,102,1493,2004
39153,1828,395,2223,2004
39155,376,144,520,2004
39157,207,22,229,2004
39159,517,0,517,2004
39161,72,2,74,2004
39163,0,0,0,2004
39165,2328,336,2664,2004
39167,24,12,36,2004
39169,411,85,496,2004
39171,113,20,133,2004
39173,595,1110,1705,2004
39175,53,21,74,2004
40001,10,0,10,2004
40003,0,0,0,2004
40005,3,0,3,2004
40007,0,0,0,2004
40009,26,0,26,2004
40011,2,0,2,2004
40013,53,20,73,2004
40015,11,8,19,2004
40017,509,16,525,2004
40019,102,5,107,2004
40021,40,91,131,2004
40023,5,16,21,2004
40025,0,0,0,2004
40027,1535,896,2431,2004
40029,7,0,7,2004
40031,166,0,166,2004
40033,4,0,4,2004
40035,8,0,8,2004
40037,158,41,199,2004
40039,45,12,57,2004
40041,56,53,109,2004
40043,0,0,0,2004
40045,0,0,0,2004
40047,89,140,229,2004
40049,16,0,16,2004
40051,109,4,113,2004
40053,2,0,2,2004
40055,0,0,0,2004
40059,0,0,0,2004
40061,11,0,11,2004
40063,3,0,3,2004
40065,26,0,26,2004
40067,0,0,0,2004
40069,14,12,26,2004
40071,35,0,35,2004
40073,30,0,30,2004
40075,4,0,4,2004
40077,1,0,1,2004
40079,55,0,55,2004
40081,38,0,38,2004
40083,31,60,91,2004
40085,0,12,12,2004
40087,281,0,281,2004
40089,38,0,38,2004
40091,26,0,26,2004
40093,2,0,2,2004
40095,3,0,3,2004
40097,36,0,36,2004
40099,32,6,38,2004
40101,168,71,239,2004
40103,3,0,3,2004
40105,5,2,7,2004
40107,22,0,22,2004
40109,5264,588,5852,2004
40111,30,69,99,2004
40113,232,0,232,2004
40115,22,2,24,2004
40117,2,0,2,2004
40119,294,663,957,2004
40121,54,0,54,2004
40123,25,8,33,2004
40125,129,18,147,2004
40127,2,0,2,2004
40129,0,0,0,2004
40131,428,132,560,2004
40133,14,0,14,2004
40135,54,2,56,2004
40137,71,0,71,2004
40139,10,0,10,2004
40141,0,0,0,2004
40143,2883,12,2895,2004
40145,668,0,668,2004
40147,85,8,93,2004
40149,0,0,0,2004
40151,0,0,0,2004
40153,14,0,14,2004
41000,254,6,260,2004
41001,55,2,57,2004
41003,291,75,366,2004
41005,1971,229,2200,2004
41007,215,55,270,2004
41009,313,15,328,2004
41011,57,8,65,2004
41013,279,20,299,2004
41015,133,20,153,2004
41017,3196,696,3892,2004
41019,346,14,360,2004
41025,17,0,17,2004
41027,155,4,159,2004
41029,1791,308,2099,2004
41031,122,0,122,2004
41033,635,125,760,2004
41035,319,47,366,2004
41037,19,0,19,2004
41039,1350,400,1750,2004
41041,326,54,380,2004
41043,792,113,905,2004
41045,34,0,34,2004
41047,1556,503,2059,2004
41049,20,4,24,2004
41051,1567,2275,3842,2004
41053,407,94,501,2004
41057,284,10,294,2004
41059,132,42,174,2004
41061,32,0,32,2004
41065,4,0,4,2004
41067,3377,1392,4769,2004
41071,679,70,749,2004
42001,635,40,675,2004
42003,1866,645,2511,2004
42005,163,48,211,2004
42007,550,31,581,2004
42009,186,2,188,2004
42011,1493,147,1640,2004
42013,293,203,496,2004
42015,165,4,169,2004
42017,2078,482,2560,2004
42019,838,202,1040,2004
42021,312,8,320,2004
42023,11,0,11,2004
42025,493,28,521,2004
42027,654,40,694,2004
42029,3102,559,3661,2004
42031,170,16,186,2004
42033,247,56,303,2004
42035,144,6,150,2004
42037,241,117,358,2004
42039,280,20,300,2004
42041,1204,62,1266,2004
42043,1032,30,1062,2004
42045,780,131,911,2004
42047,88,0,88,2004
42049,758,140,898,2004
42051,251,22,273,2004
42053,24,8,32,2004
42055,1095,104,1199,2004
42057,96,0,96,2004
42059,142,2,144,2004
42061,207,6,213,2004
42063,103,137,240,2004
42065,282,2,284,2004
42067,122,0,122,2004
42069,545,27,572,2004
42071,2268,407,2675,2004
42073,214,14,228,2004
42075,715,92,807,2004
42077,1634,16,1650,2004
42079,807,77,884,2004
42081,269,80,349,2004
42083,59,0,59,2004
42085,317,46,363,2004
42087,122,0,122,2004
42089,1645,108,1753,2004
42091,2254,433,2687,2004
42093,64,0,64,2004
42095,1761,60,1821,2004
42097,210,44,254,2004
42099,70,0,70,2004
42101,134,2730,2864,2004
42103,1048,4,1052,2004
42105,146,0,146,2004
42107,567,72,639,2004
42109,116,10,126,2004
42111,223,10,233,2004
42113,83,0,83,2004
42115,165,5,170,2004
42117,148,0,148,2004
42119,139,24,163,2004
42121,143,8,151,2004
42123,137,32,169,2004
42125,792,212,1004,2004
42127,491,0,491,2004
42129,1088,148,1236,2004
42131,118,24,142,2004
42133,2899,188,3087,2004
44001,82,9,91,2004
44003,281,82,363,2004
44005,235,61,296,2004
44007,817,421,1238,2004
44009,488,56,544,2004
45001,57,0,57,2004
45003,964,2,966,2004
45005,4,0,4,2004
45007,1212,36,1248,2004
45009,16,8,24,2004
45011,31,0,31,2004
45013,2678,264,2942,2004
45015,1530,79,1609,2004
45017,66,0,66,2004
45019,4284,560,4844,2004
45021,181,0,181,2004
45023,79,0,79,2004
45025,99,24,123,2004
45027,122,4,126,2004
45029,119,16,135,2004
45031,225,0,225,2004
45033,57,0,57,2004
45035,1557,296,1853,2004
45037,94,0,94,2004
45039,104,0,104,2004
45041,180,2,182,2004
45043,604,183,787,2004
45045,3630,140,3770,2004
45047,270,166,436,2004
45049,32,2,34,2004
45051,4253,2815,7068,2004
45053,116,0,116,2004
45055,520,30,550,2004
45057,373,0,373,2004
45059,166,2,168,2004
45061,91,0,91,2004
45063,2072,183,2255,2004
45065,51,0,51,2004
45067,54,0,54,2004
45069,24,0,24,2004
45071,137,0,137,2004
45073,711,128,839,2004
45075,287,78,365,2004
45077,582,483,1065,2004
45079,3246,980,4226,2004
45081,48,0,48,2004
45083,1947,272,2219,2004
45085,572,102,674,2004
45087,43,40,83,2004
45089,49,0,49,2004
45091,2544,254,2798,2004
46003,10,0,10,2004
46005,27,4,31,2004
46007,0,0,0,2004
46009,16,0,16,2004
46011,163,29,192,2004
46013,101,13,114,2004
46015,22,0,22,2004
46019,55,7,62,2004
46021,0,0,0,2004
46023,3,0,3,2004
46025,14,0,14,2004
46027,31,66,97,2004
46029,128,28,156,2004
46031,0,0,0,2004
46033,120,23,143,2004
46035,74,21,95,2004
46037,36,0,36,2004
46039,26,0,26,2004
46041,0,0,0,2004
46043,4,0,4,2004
46045,22,0,22,2004
46047,8,0,8,2004
46049,8,0,8,2004
46051,29,0,29,2004
46053,11,0,11,2004
46055,2,0,2,2004
46057,36,0,36,2004
46059,1,0,1,2004
46061,0,0,0,2004
46063,0,0,0,2004
46065,47,0,47,2004
46067,11,4,15,2004
46069,7,0,7,2004
46071,0,0,0,2004
46073,12,2,14,2004
46075,0,0,0,2004
46077,16,0,16,2004
46079,49,0,49,2004
46081,269,52,321,2004
46083,278,12,290,2004
46085,12,0,12,2004
46087,22,0,22,2004
46089,1,0,1,2004
46091,17,0,17,2004
46093,309,6,315,2004
46095,0,0,0,2004
46097,8,0,8,2004
46099,1579,527,2106,2004
46101,28,2,30,2004
46103,702,358,1060,2004
46105,1,0,1,2004
46107,2,0,2,2004
46109,35,0,35,2004
46111,9,0,9,2004
46115,15,8,23,2004
46117,19,0,19,2004
46119,11,0,11,2004
46121,0,0,0,2004
46123,1,0,1,2004
46125,30,0,30,2004
46127,122,4,126,2004
46129,11,0,11,2004
46135,89,14,103,2004
47001,254,22,276,2004
47003,584,0,584,2004
47005,9,0,9,2004
47009,981,61,1042,2004
47011,568,178,746,2004
47013,23,2,25,2004
47015,7,0,7,2004
47017,13,0,13,2004
47019,246,54,300,2004
47021,237,54,291,2004
47023,40,0,40,2004
47025,143,49,192,2004
47029,4,0,4,2004
47031,145,52,197,2004
47033,2,0,2,2004
47035,158,8,166,2004
47037,3630,1178,4808,2004
47039,8,0,8,2004
47041,25,0,25,2004
47043,273,24,297,2004
47045,133,7,140,2004
47047,664,0,664,2004
47049,0,4,4,2004
47051,284,10,294,2004
47053,244,2,246,2004
47055,13,45,58,2004
47057,3,2,5,2004
47059,371,22,393,2004
47061,0,0,0,2004
47063,208,30,238,2004
47065,1821,253,2074,2004
47067,1,0,1,2004
47069,77,0,77,2004
47071,19,0,19,2004
47073,105,14,119,2004
47075,44,0,44,2004
47077,29,0,29,2004
47079,29,10,39,2004
47081,5,0,5,2004
47083,3,0,3,2004
47085,29,0,29,2004
47089,420,48,468,2004
47091,1,0,1,2004
47093,3283,900,4183,2004
47095,6,2,8,2004
47097,147,2,149,2004
47099,14,2,16,2004
47101,8,0,8,2004
47103,0,0,0,2004
47105,319,12,331,2004
47107,76,22,98,2004
47109,28,0,28,2004
47111,19,28,47,2004
47113,668,20,688,2004
47115,140,0,140,2004
47117,226,6,232,2004
47119,1542,160,1702,2004
47121,40,0,40,2004
47123,232,4,236,2004
47125,2088,412,2500,2004
47127,47,0,47,2004
47129,0,0,0,2004
47131,67,0,67,2004
47133,11,0,11,2004
47135,0,0,0,2004
47139,113,0,113,2004
47141,451,61,512,2004
47143,178,0,178,2004
47145,62,0,62,2004
47147,525,8,533,2004
47149,3899,1691,5590,2004
47151,6,13,19,2004
47153,24,0,24,2004
47155,391,179,570,2004
47157,4736,790,5526,2004
47159,26,0,26,2004
47161,10,0,10,2004
47163,691,9,700,2004
47165,1382,218,1600,2004
47167,606,0,606,2004
47169,41,0,41,2004
47171,6,6,12,2004
47173,133,0,133,2004
47177,22,56,78,2004
47179,619,154,773,2004
47181,10,16,26,2004
47183,92,10,102,2004
47185,8,0,8,2004
47187,1942,5,1947,2004
47189,1039,50,1089,2004
48001,17,4,21,2004
48003,12,0,12,2004
48005,107,0,107,2004
48007,220,0,220,2004
48009,10,0,10,2004
48011,4,0,4,2004
48013,64,8,72,2004
48015,28,0,28,2004
48017,2,0,2,2004
48019,0,0,0,2004
48021,280,62,342,2004
48023,0,0,0,2004
48025,16,0,16,2004
48027,2351,1058,3409,2004
48029,8987,4333,13320,2004
48031,22,0,22,2004
48035,2,6,8,2004
48037,154,66,220,2004
48039,3288,1079,4367,2004
48041,859,300,1159,2004
48043,15,0,15,2004
48047,2,0,2,2004
48049,20,0,20,2004
48051,18,0,18,2004
48053,447,239,686,2004
48055,103,0,103,2004
48057,135,20,155,2004
48059,15,0,15,2004
48061,3070,522,3592,2004
48063,17,0,17,2004
48065,7,0,7,2004
48067,18,16,34,2004
48069,0,0,0,2004
48071,571,0,571,2004
48073,27,8,35,2004
48075,0,0,0,2004
48077,0,0,0,2004
48079,0,0,0,2004
48081,0,0,0,2004
48083,6,0,6,2004
48085,11079,1011,12090,2004
48087,0,0,0,2004
48089,9,0,9,2004
48091,1589,251,1840,2004
48093,4,0,4,2004
48097,109,16,125,2004
48099,173,56,229,2004
48101,0,0,0,2004
48103,0,0,0,2004
48107,2,0,2,2004
48109,1,0,1,2004
48111,2,0,2,2004
48113,10046,3251,13297,2004
48115,1,0,1,2004
48117,6,0,6,2004
48119,7,2,9,2004
48121,4254,985,5239,2004
48123,5,0,5,2004
48127,15,0,15,2004
48129,3,0,3,2004
48133,0,0,0,2004
48135,194,0,194,2004
48139,1798,102,1900,2004
48141,3407,535,3942,2004
48143,46,193,239,2004
48145,9,0,9,2004
48147,58,8,66,2004
48149,37,0,37,2004
48151,0,0,0,2004
48153,2,0,2,2004
48157,3858,294,4152,2004
48159,4,0,4,2004
48161,27,16,43,2004
48163,81,0,81,2004
48165,13,0,13,2004
48167,2995,64,3059,2004
48169,0,0,0,2004
48171,79,0,79,2004
48177,4,0,4,2004
48179,1,0,1,2004
48181,411,110,521,2004
48183,298,92,390,2004
48185,7,0,7,2004
48187,1303,249,1552,2004
48189,19,0,19,2004
48191,0,0,0,2004
48193,2,0,2,2004
48195,0,0,0,2004
48197,0,0,0,2004
48199,115,0,115,2004
48201,28020,8375,36395,2004
48203,44,0,44,2004
48207,0,0,0,2004
48209,1960,618,2578,2004
48211,0,0,0,2004
48213,139,6,145,2004
48215,6744,2570,9314,2004
48217,24,0,24,2004
48219,13,0,13,2004
48221,92,12,104,2004
48223,93,0,93,2004
48225,7,0,7,2004
48227,0,0,0,2004
48231,191,256,447,2004
48233,3,0,3,2004
48237,3,0,3,2004
48239,20,0,20,2004
48241,7,0,7,2004
48245,711,48,759,2004
48249,45,2,47,2004
48251,911,0,911,2004
48253,3,0,3,2004
48255,26,0,26,2004
48257,789,10,799,2004
48259,539,60,599,2004
48265,104,0,104,2004
48267,5,0,5,2004
48271,2,0,2,2004
48273,6,0,6,2004
48277,77,52,129,2004
48279,0,0,0,2004
48281,10,0,10,2004
48283,2,0,2,2004
48285,10,8,18,2004
48287,15,0,15,2004
48291,263,0,263,2004
48293,23,0,23,2004
48295,0,0,0,2004
48297,1,0,1,2004
48299,201,55,256,2004
48303,1392,2382,3774,2004
48305,3,0,3,2004
48307,4,17,21,2004
48309,788,753,1541,2004
48313,11,8,19,2004
48315,1,0,1,2004
48317,3,0,3,2004
48319,14,0,14,2004
48321,137,64,201,2004
48323,203,23,226,2004
48325,111,0,111,2004
48329,289,0,289,2004
48331,13,4,17,2004
48335,0,0,0,2004
48337,3,0,3,2004
48339,6023,954,6977,2004
48341,33,0,33,2004
48343,4,0,4,2004
48347,69,33,102,2004
48349,41,0,41,2004
48351,0,0,0,2004
48353,3,0,3,2004
48355,1448,908,2356,2004
48357,6,0,6,2004
48359,4,0,4,2004
48361,251,0,251,2004
48363,7,0,7,2004
48365,7,0,7,2004
48367,357,69,426,2004
48369,4,0,4,2004
48371,1,0,1,2004
48373,187,0,187,2004
48375,697,256,953,2004
48377,89,0,89,2004
48379,8,24,32,2004
48381,29,17,46,2004
48383,1,0,1,2004
48385,8,0,8,2004
48387,4,0,4,2004
48389,1,0,1,2004
48391,12,0,12,2004
48395,15,0,15,2004
48397,1598,0,1598,2004
48399,0,0,0,2004
48401,13,76,89,2004
48403,1,0,1,2004
48405,0,0,0,2004
48407,11,0,11,2004
48409,301,178,479,2004
48411,5,0,5,2004
48413,1,0,1,2004
48415,4,0,4,2004
48419,20,10,30,2004
48421,19,2,21,2004
48423,608,116,724,2004
48425,18,0,18,2004
48429,2,0,2,2004
48435,0,0,0,2004
48437,0,0,0,2004
48439,14705,2583,17288,2004
48441,265,8,273,2004
48445,0,0,0,2004
48449,51,0,51,2004
48451,231,4,235,2004
48453,7757,2901,10658,2004
48455,0,0,0,2004
48457,4,0,4,2004
48459,9,0,9,2004
48461,0,0,0,2004
48463,20,4,24,2004
48465,127,3,130,2004
48467,51,8,59,2004
48469,138,260,398,2004
48471,153,203,356,2004
48473,46,167,213,2004
48475,4,0,4,2004
48477,39,0,39,2004
48479,1617,576,2193,2004
48481,26,4,30,2004
48483,0,0,0,2004
48485,309,8,317,2004
48487,63,0,63,2004
48489,33,2,35,2004
48491,4209,125,4334,2004
48493,41,4,45,2004
48495,6,0,6,2004
48497,173,2,175,2004
48499,17,2,19,2004
48501,0,0,0,2004
48503,7,0,7,2004
48507,3,0,3,2004
49001,20,0,20,2004
49003,269,8,277,2004
49005,872,455,1327,2004
49007,35,0,35,2004
49009,14,0,14,2004
49011,2661,346,3007,2004
49013,114,0,114,2004
49015,14,0,14,2004
49017,95,0,95,2004
49019,54,14,68,2004
49021,522,109,631,2004
49023,69,0,69,2004
49025,153,0,153,2004
49027,48,0,48,2004
49029,120,0,120,2004
49031,9,0,9,2004
49033,68,0,68,2004
49035,5095,1314,6409,2004
49037,56,0,56,2004
49039,55,0,55,2004
49041,86,11,97,2004
49043,578,121,699,2004
49045,523,28,551,2004
49047,137,0,137,2004
49049,3533,959,4492,2004
49051,318,28,346,2004
49053,3312,480,3792,2004
49055,16,0,16,2004
49057,1390,158,1548,2004
50001,187,0,187,2004
50003,185,111,296,2004
50005,183,3,186,2004
50007,397,457,854,2004
50009,36,0,36,2004
50011,276,60,336,2004
50013,37,0,37,2004
50015,161,18,179,2004
50017,100,0,100,2004
50019,177,88,265,2004
50021,151,14,165,2004
50023,259,20,279,2004
50025,205,61,266,2004
50027,332,70,402,2004
51001,239,12,251,2004
51003,685,609,1294,2004
51005,32,0,32,2004
51007,114,0,114,2004
51009,117,14,131,2004
51011,117,4,121,2004
51013,184,1090,1274,2004
51015,585,68,653,2004
51017,33,0,33,2004
51019,685,10,695,2004
51021,68,0,68,2004
51023,227,137,364,2004
51025,42,0,42,2004
51027,12,22,34,2004
51029,79,0,79,2004
51031,281,4,285,2004
51033,565,12,577,2004
51035,151,0,151,2004
51036,44,0,44,2004
51037,69,0,69,2004
51041,2040,1098,3138,2004
51043,130,0,130,2004
51045,30,0,30,2004
51047,1236,192,1428,2004
51049,53,0,53,2004
51051,23,0,23,2004
51053,227,0,227,2004
51057,110,2,112,2004
51059,2964,3816,6780,2004
51061,703,0,703,2004
51063,94,0,94,2004
51065,323,2,325,2004
51067,469,4,473,2004
51069,1005,64,1069,2004
51071,67,0,67,2004
51073,257,0,257,2004
51075,310,0,310,2004
51077,58,6,64,2004
51079,166,0,166,2004
51081,62,0,62,2004
51083,93,0,93,2004
51085,566,0,566,2004
51087,1811,145,1956,2004
51089,115,0,115,2004
51091,23,0,23,2004
51093,360,6,366,2004
51095,1111,0,1111,2004
51097,45,0,45,2004
51099,420,23,443,2004
51101,236,0,236,2004
51103,116,2,118,2004
51105,64,2,66,2004
51107,5667,997,6664,2004
51109,592,4,596,2004
51111,27,0,27,2004
51113,112,0,112,2004
51115,98,0,98,2004
51117,203,4,207,2004
51119,133,35,168,2004
51121,624,26,650,2004
51125,201,0,201,2004
51127,276,0,276,2004
51131,185,120,305,2004
51133,207,0,207,2004
51135,76,0,76,2004
51137,524,2,526,2004
51139,158,0,158,2004
51141,61,0,61,2004
51143,235,19,254,2004
51145,347,0,347,2004
51147,83,4,87,2004
51149,245,0,245,2004
51153,5307,515,5822,2004
51155,131,0,131,2004
51157,58,0,58,2004
51159,47,8,55,2004
51161,588,4,592,2004
51163,148,13,161,2004
51165,802,0,802,2004
51167,74,7,81,2004
51169,67,0,67,2004
51171,456,2,458,2004
51173,67,2,69,2004
51175,89,4,93,2004
51177,1290,129,1419,2004
51179,1395,469,1864,2004
51181,72,0,72,2004
51183,20,0,20,2004
51185,77,5,82,2004
51187,416,0,416,2004
51191,451,32,483,2004
51193,358,0,358,2004
51195,60,0,60,2004
51197,99,14,113,2004
51199,438,36,474,2004
51510,171,672,843,2004
51515,5,0,5,2004
51520,52,24,76,2004
51530,15,6,21,2004
51540,105,166,271,2004
51550,1295,168,1463,2004
51570,46,0,46,2004
51580,3,0,3,2004
51590,48,76,124,2004
51595,10,0,10,2004
51600,47,0,47,2004
51610,13,0,13,2004
51620,39,6,45,2004
51630,170,0,170,2004
51640,12,0,12,2004
51650,321,0,321,2004
51660,232,48,280,2004
51670,48,0,48,2004
51678,12,0,12,2004
51680,210,8,218,2004
51683,147,0,147,2004
51685,76,113,189,2004
51690,5,0,5,2004
51700,280,463,743,2004
51710,382,387,769,2004
51720,3,3,6,2004
51730,20,36,56,2004
51735,65,32,97,2004
51740,129,250,379,2004
51750,30,26,56,2004
51760,319,79,398,2004
51770,198,36,234,2004
51775,65,0,65,2004
51790,66,262,328,2004
51800,848,287,1135,2004
51810,971,1247,2218,2004
51820,120,3,123,2004
51830,93,16,109,2004
51840,139,21,160,2004
53001,27,0,27,2004
53003,116,4,120,2004
53005,1113,323,1436,2004
53007,385,61,446,2004
53009,573,16,589,2004
53011,3276,579,3855,2004
53013,6,0,6,2004
53015,383,26,409,2004
53017,241,6,247,2004
53019,33,0,33,2004
53021,1104,724,1828,2004
53023,2,0,2,2004
53025,285,112,397,2004
53027,294,76,370,2004
53029,698,192,890,2004
53031,337,38,375,2004
53033,6947,4998,11945,2004
53035,1308,58,1366,2004
53037,461,6,467,2004
53039,102,24,126,2004
53041,337,59,396,2004
53043,42,0,42,2004
53045,508,34,542,2004
53047,179,0,179,2004
53049,117,8,125,2004
53051,61,6,67,2004
53053,4466,1560,6026,2004
53055,172,18,190,2004
53057,770,81,851,2004
53059,102,14,116,2004
53061,4921,1243,6164,2004
53063,2108,1812,3920,2004
53065,187,2,189,2004
53067,2099,154,2253,2004
53069,23,0,23,2004
53071,194,126,320,2004
53073,1647,841,2488,2004
53075,106,219,325,2004
53077,759,180,939,2004
54001,8,0,8,2004
54003,1616,195,1811,2004
54005,144,14,158,2004
54007,1,0,1,2004
54009,24,0,24,2004
54011,79,139,218,2004
54015,26,0,26,2004
54019,134,0,134,2004
54021,0,0,0,2004
54023,44,25,69,2004
54025,137,6,143,2004
54027,165,0,165,2004
54029,36,2,38,2004
54031,117,0,117,2004
54033,150,0,150,2004
54035,13,0,13,2004
54037,540,0,540,2004
54039,270,97,367,2004
54041,0,0,0,2004
54043,42,0,42,2004
54045,4,5,9,2004
54047,3,0,3,2004
54049,25,0,25,2004
54051,11,0,11,2004
54053,7,0,7,2004
54055,17,0,17,2004
54057,111,0,111,2004
54059,2,0,2,2004
54061,27,93,120,2004
54063,2,0,2,2004
54065,238,0,238,2004
54067,3,0,3,2004
54069,24,10,34,2004
54071,40,0,40,2004
54073,15,0,15,2004
54075,1,0,1,2004
54077,2,0,2,2004
54079,252,0,252,2004
54081,254,8,262,2004
54083,20,0,20,2004
54085,10,0,10,2004
54087,90,0,90,2004
54089,34,0,34,2004
54091,1,0,1,2004
54093,22,0,22,2004
54095,0,0,0,2004
54097,118,0,118,2004
54099,46,0,46,2004
54101,0,0,0,2004
54103,8,0,8,2004
54105,15,0,15,2004
54107,164,7,171,2004
54109,3,0,3,2004
55001,356,5,361,2004
55003,59,0,59,2004
55005,305,86,391,2004
55007,155,2,157,2004
55009,1274,806,2080,2004
55011,78,26,104,2004
55013,230,2,232,2004
55015,269,24,293,2004
55017,413,101,514,2004
55019,148,4,152,2004
55021,314,79,393,2004
55023,60,0,60,2004
55025,2746,1963,4709,2004
55027,411,231,642,2004
55029,357,148,505,2004
55031,267,18,285,2004
55033,271,152,423,2004
55035,454,134,588,2004
55037,40,0,40,2004
55039,378,126,504,2004
55041,120,0,120,2004
55043,131,8,139,2004
55045,230,40,270,2004
55047,103,2,105,2004
55049,156,48,204,2004
55051,91,2,93,2004
55053,171,0,171,2004
55055,481,304,785,2004
55057,198,0,198,2004
55059,834,472,1306,2004
55061,119,8,127,2004
55063,469,258,727,2004
55065,105,0,105,2004
55067,130,84,214,2004
55069,223,4,227,2004
55071,242,42,284,2004
55073,909,283,1192,2004
55075,281,6,287,2004
55077,196,22,218,2004
55078,37,0,37,2004
55079,773,1344,2117,2004
55081,215,47,262,2004
55083,858,4,862,2004
55085,440,24,464,2004
55087,1056,179,1235,2004
55089,302,78,380,2004
55091,45,8,53,2004
55093,431,69,500,2004
55095,512,57,569,2004
55097,314,107,421,2004
55099,229,0,229,2004
55101,939,339,1278,2004
55103,72,8,80,2004
55105,716,380,1096,2004
55107,113,4,117,2004
55109,1208,139,1347,2004
55111,240,120,360,2004
55113,303,26,329,2004
55115,213,28,241,2004
55117,439,218,657,2004
55119,69,0,69,2004
55121,163,14,177,2004
55123,140,40,180,2004
55125,359,38,397,2004
55127,871,242,1113,2004
55129,362,2,364,2004
55131,921,284,1205,2004
55133,1844,356,2200,2004
55135,394,87,481,2004
55137,204,23,227,2004
55139,896,218,1114,2004
55141,264,303,567,2004
56001,210,200,410,2004
56003,17,0,17,2004
56005,129,0,129,2004
56007,60,0,60,2004
56009,18,0,18,2004
56011,24,0,24,2004
56013,60,6,66,2004
56015,17,0,17,2004
56017,5,0,5,2004
56019,9,6,15,2004
56021,744,132,876,2004
56023,206,6,212,2004
56025,284,0,284,2004
56027,4,0,4,2004
56029,230,12,242,2004
56031,42,0,42,2004
56033,184,16,200,2004
56035,77,16,93,2004
56037,216,0,216,2004
56039,204,97,301,2004
56041,63,0,63,2004
56043,3,4,7,2004
56045,8,8,16,2004
01001,313,0,313,2005
01003,4145,2570,6715,2005
01005,24,0,24,2005
01007,3,0,3,2005
01009,47,2,49,2005
01011,0,0,0,2005
01013,19,33,52,2005
01015,258,8,266,2005
01017,14,0,14,2005
01019,27,0,27,2005
01021,80,61,141,2005
01023,5,0,5,2005
01025,13,0,13,2005
01027,7,0,7,2005
01029,2,32,34,2005
01031,365,160,525,2005
01033,145,3,148,2005
01035,0,0,0,2005
01037,0,44,44,2005
01039,13,0,13,2005
01041,7,32,39,2005
01043,90,2,92,2005
01045,76,4,80,2005
01047,4,0,4,2005
01049,84,0,84,2005
01051,370,152,522,2005
01053,28,54,82,2005
01055,337,62,399,2005
01057,9,0,9,2005
01059,22,8,30,2005
01061,22,0,22,2005
01063,1,0,1,2005
01065,76,0,76,2005
01067,42,8,50,2005
01069,525,104,629,2005
01071,83,0,83,2005
01073,3396,465,3861,2005
01075,0,0,0,2005
01077,132,46,178,2005
01079,7,0,7,2005
01081,1413,353,1766,2005
01083,284,0,284,2005
01085,3,0,3,2005
01087,21,0,21,2005
01089,3139,18,3157,2005
01091,30,0,30,2005
01093,25,0,25,2005
01095,266,77,343,2005
01097,1861,322,2183,2005
01099,8,0,8,2005
01101,1016,542,1558,2005
01103,393,0,393,2005
01105,0,0,0,2005
01107,8,0,8,2005
01109,57,66,123,2005
01111,0,0,0,2005
01113,510,2,512,2005
01115,646,164,810,2005
01117,2638,96,2734,2005
01119,2,0,2,2005
01121,186,0,186,2005
01123,55,36,91,2005
01125,1231,419,1650,2005
01127,63,7,70,2005
01129,3,0,3,2005
01131,0,0,0,2005
01133,5,6,11,2005
02000,234,0,234,2005
02013,0,0,0,2005
02016,8,0,8,2005
02020,668,998,1666,2005
02050,53,16,69,2005
02060,3,0,3,2005
02090,152,30,182,2005
02100,3,0,3,2005
02110,81,44,125,2005
02122,114,14,128,2005
02130,20,9,29,2005
02150,38,22,60,2005
02170,191,42,233,2005
02180,2,0,2,2005
02185,9,0,9,2005
02188,0,0,0,2005
02201,3,0,3,2005
02220,28,43,71,2005
02232,7,12,19,2005
02261,26,0,26,2005
02280,9,2,11,2005
02282,4,0,4,2005
02290,0,0,0,2005
04001,143,0,143,2005
04003,1265,116,1381,2005
04005,800,280,1080,2005
04007,380,113,493,2005
04009,200,8,208,2005
04011,9,0,9,2005
04012,133,5,138,2005
04013,42727,8096,50823,2005
04015,3879,132,4011,2005
04017,1216,319,1535,2005
04019,11166,478,11644,2005
04021,11586,208,11794,2005
04023,695,150,845,2005
04025,4329,110,4439,2005
04027,2276,32,2308,2005
05001,34,2,36,2005
05003,11,0,11,2005
05005,118,50,168,2005
05007,3611,1052,4663,2005
05009,76,0,76,2005
05011,9,0,9,2005
05013,2,0,2,2005
05015,64,14,78,2005
05017,15,0,15,2005
05019,15,4,19,2005
05021,10,0,10,2005
05023,59,4,63,2005
05025,0,0,0,2005
05027,6,0,6,2005
05029,9,6,15,2005
05031,534,37,571,2005
05033,211,40,251,2005
05035,286,126,412,2005
05037,39,2,41,2005
05039,4,2,6,2005
05041,6,0,6,2005
05043,18,2,20,2005
05045,769,1031,1800,2005
05047,13,0,13,2005
05049,1,0,1,2005
05051,159,0,159,2005
05053,37,12,49,2005
05055,202,25,227,2005
05057,22,46,68,2005
05059,0,3,3,2005
05061,20,0,20,2005
05063,27,0,27,2005
05065,22,0,22,2005
05067,19,0,19,2005
05069,107,53,160,2005
05071,46,2,48,2005
05073,0,0,0,2005
05075,8,0,8,2005
05077,5,0,5,2005
05079,9,0,9,2005
05081,16,0,16,2005
05083,13,0,13,2005
05085,671,6,677,2005
05087,9,0,9,2005
05089,47,0,47,2005
05091,84,8,92,2005
05093,23,6,29,2005
05095,1,0,1,2005
05099,292,50,342,2005
05101,1,0,1,2005
05103,8,0,8,2005
05105,0,0,0,2005
05107,3,0,3,2005
05111,37,2,39,2005
05113,17,2,19,2005
05115,146,43,189,2005
05117,7,0,7,2005
05119,1884,503,2387,2005
05121,88,17,105,2005
05123,16,24,40,2005
05125,835,0,835,2005
05127,5,0,5,2005
05129,5,0,5,2005
05131,434,200,634,2005
05133,11,0,11,2005
05135,30,10,40,2005
05137,13,0,13,2005
05139,20,0,20,2005
05141,9,0,9,2005
05143,1633,1263,2896,2005
05145,209,94,303,2005
05147,6,0,6,2005
05149,15,0,15,2005
06001,1561,2815,4376,2005
06003,16,0,16,2005
06005,404,8,412,2005
06007,1493,200,1693,2005
06009,851,11,862,2005
06011,134,0,134,2005
06013,5513,951,6464,2005
06015,106,0,106,2005
06017,1466,138,1604,2005
06019,5865,1535,7400,2005
06021,212,2,214,2005
06023,460,50,510,2005
06025,1940,251,2191,2005
06027,12,0,12,2005
06029,7666,1191,8857,2005
06031,1068,35,1103,2005
06033,461,53,514,2005
06035,147,9,156,2005
06037,12523,10975,23498,2005
06039,2135,133,2268,2005
06041,499,282,781,2005
06043,217,0,217,2005
06045,281,19,300,2005
06047,3479,186,3665,2005
06049,24,0,24,2005
06051,244,295,539,2005
06053,1296,134,1430,2005
06055,628,59,687,2005
06057,689,133,822,2005
06059,4103,3040,7143,2005
06061,4895,436,5331,2005
06063,337,0,337,2005
06065,30350,4023,34373,2005
06067,8646,2899,11545,2005
06069,83,40,123,2005
06071,15135,1500,16635,2005
06073,7576,6730,14306,2005
06075,51,2487,2538,2005
06077,5684,185,5869,2005
06079,1875,441,2316,2005
06081,478,246,724,2005
06083,763,287,1050,2005
06085,2333,3280,5613,2005
06087,673,188,861,2005
06089,1326,240,1566,2005
06091,13,0,13,2005
06093,279,186,465,2005
06095,1962,392,2354,2005
06097,1598,1221,2819,2005
06099,4085,440,4525,2005
06101,1258,33,1291,2005
06103,667,18,685,2005
06105,66,0,66,2005
06107,2944,373,3317,2005
06109,384,0,384,2005
06111,2673,1838,4511,2005
06113,1373,329,1702,2005
06115,1703,0,1703,2005
08001,4177,395,4572,2005
08003,36,30,66,2005
08005,3168,839,4007,2005
08007,255,2,257,2005
08009,1,0,1,2005
08011,2,7,9,2005
08013,816,325,1141,2005
08014,626,145,771,2005
08015,155,2,157,2005
08017,3,0,3,2005
08019,41,0,41,2005
08021,37,0,37,2005
08023,24,0,24,2005
08025,5,0,5,2005
08027,104,0,104,2005
08029,110,7,117,2005
08031,2029,1135,3164,2005
08033,6,0,6,2005
08035,5483,80,5563,2005
08037,645,139,784,2005
08039,258,0,258,2005
08041,6250,532,6782,2005
08043,263,10,273,2005
08045,555,36,591,2005
08047,82,5,87,2005
08049,567,62,629,2005
08051,222,51,273,2005
08053,16,2,18,2005
08055,44,0,44,2005
08057,14,0,14,2005
08059,1589,505,2094,2005
08061,1,0,1,2005
08063,11,0,11,2005
08065,57,0,57,2005
08067,792,115,907,2005
08069,2271,616,2887,2005
08071,56,0,56,2005
08073,6,0,6,2005
08075,52,4,56,2005
08077,1471,34,1505,2005
08079,25,0,25,2005
08081,76,0,76,2005
08083,50,11,61,2005
08085,532,73,605,2005
08087,128,6,134,2005
08089,14,0,14,2005
08091,89,2,91,2005
08093,292,0,292,2005
08095,9,0,9,2005
08097,142,0,142,2005
08099,11,0,11,2005
08101,1119,60,1179,2005
08103,41,8,49,2005
08105,71,0,71,2005
08107,353,124,477,2005
08109,80,0,80,2005
08111,19,2,21,2005
08113,105,108,213,2005
08115,2,0,2,2005
08117,374,100,474,2005
08119,201,0,201,2005
08121,6,0,6,2005
08123,4100,179,4279,2005
08125,1,0,1,2005
09001,2054,1065,3119,2005
09003,1759,728,2487,2005
09005,674,4,678,2005
09007,620,175,795,2005
09009,1693,558,2251,2005
09011,945,263,1208,2005
09013,523,231,754,2005
09015,549,44,593,2005
10001,1946,236,2182,2005
10003,1569,182,1751,2005
10005,3200,1062,4262,2005
11001,125,2735,2860,2005
12001,1346,947,2293,2005
12003,279,0,279,2005
12005,1542,3996,5538,2005
12007,108,0,108,2005
12009,7321,1466,8787,2005
12011,3609,3342,6951,2005
12013,58,0,58,2005
12015,2902,1792,4694,2005
12017,3579,2,3581,2005
12019,3831,282,4113,2005
12021,4052,2570,6622,2005
12023,512,68,580,2005
12027,166,0,166,2005
12029,166,14,180,2005
12031,8328,5179,13507,2005
12033,2010,592,2602,2005
12035,3335,650,3985,2005
12037,248,4,252,2005
12039,255,0,255,2005
12041,102,0,102,2005
12043,83,2,85,2005
12045,38,0,38,2005
12047,41,0,41,2005
12049,119,0,119,2005
12051,410,0,410,2005
12053,4374,226,4600,2005
12055,1192,86,1278,2005
12057,12386,3441,15827,2005
12059,54,0,54,2005
12061,3657,162,3819,2005
12063,195,0,195,2005
12065,114,8,122,2005
12067,29,0,29,2005
12069,6235,534,6769,2005
12071,22211,7119,29330,2005
12073,1789,1442,3231,2005
12075,310,76,386,2005
12077,17,0,17,2005
12079,76,0,76,2005
12081,4509,1226,5735,2005
12083,6542,911,7453,2005
12085,1120,886,2006,2005
12086,9922,16198,26120,2005
12087,506,32,538,2005
12089,1418,53,1471,2005
12091,1768,1952,3720,2005
12093,181,0,181,2005
12095,10863,6357,17220,2005
12097,5841,2155,7996,2005
12099,8689,3802,12491,2005
12101,8108,1768,9876,2005
12103,2775,1096,3871,2005
12105,11980,1199,13179,2005
12107,292,2,294,2005
12109,4754,964,5718,2005
12111,7992,784,8776,2005
12113,1332,22,1354,2005
12115,6886,1424,8310,2005
12117,3814,338,4152,2005
12119,5039,8,5047,2005
12121,206,4,210,2005
12123,89,16,105,2005
12125,46,0,46,2005
12127,5068,1816,6884,2005
12129,675,0,675,2005
12131,1644,1075,2719,2005
12133,24,0,24,2005
13001,8,0,8,2005
13003,3,0,3,2005
13005,5,0,5,2005
13007,0,0,0,2005
13009,204,256,460,2005
13011,143,0,143,2005
13013,1416,0,1416,2005
13015,1047,38,1085,2005
13017,74,4,78,2005
13019,90,2,92,2005
13021,606,0,606,2005
13023,49,0,49,2005
13025,1,0,1,2005
13027,89,0,89,2005
13029,577,122,699,2005
13031,525,18,543,2005
13033,68,0,68,2005
13035,213,40,253,2005
13037,1,0,1,2005
13039,718,0,718,2005
13043,12,2,14,2005
13045,1443,212,1655,2005
13047,713,179,892,2005
13049,53,0,53,2005
13051,1892,598,2490,2005
13053,18,0,18,2005
13055,14,48,62,2005
13057,4065,97,4162,2005
13059,779,235,1014,2005
13061,1,0,1,2005
13063,2106,8,2114,2005
13065,12,3,15,2005
13067,5123,1019,6142,2005
13069,167,4,171,2005
13071,178,72,250,2005
13073,1778,16,1794,2005
13075,52,4,56,2005
13077,2049,8,2057,2005
13079,124,0,124,2005
13081,71,56,127,2005
13083,14,60,74,2005
13085,405,24,429,2005
13087,294,26,320,2005
13089,3347,2989,6336,2005
13091,46,8,54,2005
13093,19,0,19,2005
13095,176,62,238,2005
13097,1915,0,1915,2005
13099,18,0,18,2005
13101,2,0,2,2005
13103,953,4,957,2005
13105,122,0,122,2005
13107,4,43,47,2005
13109,39,0,39,2005
13111,814,0,814,2005
13113,906,5,911,2005
13115,424,189,613,2005
13117,4165,8,4173,2005
13119,36,0,36,2005
13121,9581,6533,16114,2005
13123,697,6,703,2005
13127,983,80,1063,2005
13129,474,103,577,2005
13131,108,0,108,2005
13133,287,8,295,2005
13135,9894,44,9938,2005
13137,416,28,444,2005
13139,2094,110,2204,2005
13141,63,0,63,2005
13143,185,24,209,2005
13145,449,0,449,2005
13147,232,6,238,2005
13149,43,0,43,2005
13151,3697,206,3903,2005
13153,1685,140,1825,2005
13155,12,0,12,2005
13157,1445,12,1457,2005
13159,242,0,242,2005
13161,0,0,0,2005
13163,31,0,31,2005
13165,13,0,13,2005
13167,0,0,0,2005
13169,246,0,246,2005
13171,176,12,188,2005
13173,91,0,91,2005
13175,45,0,45,2005
13177,415,0,415,2005
13179,335,2,337,2005
13181,49,0,49,2005
13185,927,117,1044,2005
13187,512,7,519,2005
13189,49,0,49,2005
13191,213,0,213,2005
13193,27,0,27,2005
13195,222,2,224,2005
13197,0,0,0,2005
13199,143,0,143,2005
13201,7,0,7,2005
13205,35,0,35,2005
13207,255,8,263,2005
13209,37,0,37,2005
13211,279,4,283,2005
13213,316,8,324,2005
13215,846,420,1266,2005
13217,2115,0,2115,2005
13219,497,40,537,2005
13221,221,0,221,2005
13223,3454,0,3454,2005
13225,335,0,335,2005
13227,445,0,445,2005
13229,110,0,110,2005
13231,289,0,289,2005
13233,247,8,255,2005
13235,38,0,38,2005
13237,340,0,340,2005
13239,0,0,0,2005
13241,437,13,450,2005
13243,2,0,2,2005
13245,604,89,693,2005
13247,1005,16,1021,2005
13249,2,0,2,2005
13251,42,0,42,2005
13253,45,14,59,2005
13255,445,0,445,2005
13257,111,0,111,2005
13259,0,0,0,2005
13261,58,2,60,2005
13263,21,0,21,2005
13265,3,0,3,2005
13267,56,0,56,2005
13269,64,0,64,2005
13271,3,0,3,2005
13273,35,0,35,2005
13275,280,96,376,2005
13277,151,0,151,2005
13279,80,5,85,2005
13281,368,12,380,2005
13283,2,0,2,2005
13285,442,2,444,2005
13287,7,0,7,2005
13289,20,0,20,2005
13291,560,4,564,2005
13293,107,14,121,2005
13295,490,0,490,2005
13297,1644,20,1664,2005
13299,126,0,126,2005
13301,1,0,1,2005
13303,85,0,85,2005
13305,21,0,21,2005
13309,0,0,0,2005
13311,380,18,398,2005
13313,536,177,713,2005
13317,35,0,35,2005
13319,3,0,3,2005
13321,63,0,63,2005
15001,2700,658,3358,2005
15003,2079,1909,3988,2005
15007,895,28,923,2005
15009,967,592,1559,2005
16001,7386,468,7854,2005
16003,81,0,81,2005
16005,521,128,649,2005
16007,13,0,13,2005
16009,31,0,31,2005
16011,206,59,265,2005
16013,229,78,307,2005
16015,151,0,151,2005
16017,13,0,13,2005
16019,1109,444,1553,2005
16021,138,4,142,2005
16023,5,0,5,2005
16025,34,0,34,2005
16027,3114,131,3245,2005
16029,19,0,19,2005
16031,65,0,65,2005
16033,6,0,6,2005
16035,33,0,33,2005
16037,8,0,8,2005
16039,204,101,305,2005
16041,75,14,89,2005
16043,188,0,188,2005
16045,213,2,215,2005
16047,72,19,91,2005
16049,5,0,5,2005
16051,357,4,361,2005
16053,143,0,143,2005
16055,2288,400,2688,2005
16057,112,227,339,2005
16059,65,0,65,2005
16061,4,0,4,2005
16063,19,0,19,2005
16065,172,121,293,2005
16067,31,0,31,2005
16069,147,24,171,2005
16071,12,0,12,2005
16073,84,0,84,2005
16075,156,0,156,2005
16077,27,0,27,2005
16079,17,0,17,2005
16081,222,48,270,2005
16083,904,132,1036,2005
16085,436,2,438,2005
16087,57,0,57,2005
17001,125,0,125,2005
17003,5,0,5,2005
17005,67,45,112,2005
17007,470,67,537,2005
17009,1,0,1,2005
17011,70,2,72,2005
17013,21,2,23,2005
17015,80,3,83,2005
17017,12,74,86,2005
17019,1153,879,2032,2005
17021,75,0,75,2005
17023,6,0,6,2005
17025,9,0,9,2005
17027,243,6,249,2005
17029,49,0,49,2005
17031,6033,12692,18725,2005
17033,8,0,8,2005
17035,1,0,1,2005
17037,1135,324,1459,2005
17039,41,3,44,2005
17041,55,8,63,2005
17043,2781,808,3589,2005
17045,9,2,11,2005
17049,68,8,76,2005
17051,11,2,13,2005
17053,40,4,44,2005
17055,27,2,29,2005
17057,95,2,97,2005
17061,6,0,6,2005
17063,621,66,687,2005
17065,0,0,0,2005
17067,12,2,14,2005
17069,0,0,0,2005
17071,32,0,32,2005
17073,104,22,126,2005
17075,68,3,71,2005
17077,82,40,122,2005
17079,1,0,1,2005
17081,37,0,37,2005
17083,175,42,217,2005
17085,194,8,202,2005
17087,7,0,7,2005
17089,5455,44,5499,2005
17091,725,102,827,2005
17093,2102,230,2332,2005
17095,70,0,70,2005
17097,3527,679,4206,2005
17099,445,79,524,2005
17101,0,0,0,2005
17103,104,0,104,2005
17105,83,16,99,2005
17107,41,2,43,2005
17109,12,31,43,2005
17111,3136,383,3519,2005
17113,723,162,885,2005
17115,226,80,306,2005
17117,151,5,156,2005
17119,1320,199,1519,2005
17121,41,4,45,2005
17123,18,0,18,2005
17125,19,0,19,2005
17127,36,2,38,2005
17129,65,0,65,2005
17131,37,66,103,2005
17133,329,28,357,2005
17135,41,0,41,2005
17137,12,8,20,2005
17139,45,48,93,2005
17141,272,17,289,2005
17143,558,387,945,2005
17145,0,0,0,2005
17147,102,0,102,2005
17149,83,0,83,2005
17151,0,0,0,2005
17153,6,0,6,2005
17155,46,0,46,2005
17157,78,28,106,2005
17159,13,0,13,2005
17161,231,204,435,2005
17163,1810,107,1917,2005
17165,0,0,0,2005
17167,664,271,935,2005
17173,17,0,17,2005
17175,6,0,6,2005
17177,90,20,110,2005
17179,645,129,774,2005
17181,43,0,43,2005
17183,45,0,45,2005
17185,10,6,16,2005
17187,23,0,23,2005
17189,54,0,54,2005
17191,1,2,3,2005
17193,2,0,2,2005
17195,136,30,166,2005
17197,8036,130,8166,2005
17199,202,139,341,2005
17201,1570,459,2029,2005
17203,170,24,194,2005
18001,141,18,159,2005
18003,1808,451,2259,2005
18005,292,0,292,2005
18007,19,0,19,2005
18009,9,14,23,2005
18011,553,198,751,2005
18013,104,0,104,2005
18015,121,0,121,2005
18017,54,0,54,2005
18019,969,12,981,2005
18021,30,0,30,2005
18023,54,0,54,2005
18025,2,0,2,2005
18027,18,0,18,2005
18029,284,29,313,2005
18031,88,2,90,2005
18033,196,0,196,2005
18035,256,11,267,2005
18037,204,0,204,2005
18039,1014,10,1024,2005
18041,25,0,25,2005
18043,340,4,344,2005
18045,11,0,11,2005
18047,95,2,97,2005
18049,78,0,78,2005
18051,118,15,133,2005
18053,94,2,96,2005
18057,3725,551,4276,2005
18059,759,3,762,2005
18061,181,0,181,2005
18063,1934,453,2387,2005
18065,83,61,144,2005
18067,227,12,239,2005
18069,139,0,139,2005
18071,171,4,175,2005
18073,248,0,248,2005
18075,34,0,34,2005
18077,130,0,130,2005
18079,115,4,119,2005
18081,1590,292,1882,2005
18083,52,0,52,2005
18085,439,108,547,2005
18087,272,0,272,2005
18089,2211,705,2916,2005
18091,441,136,577,2005
18093,32,4,36,2005
18095,527,42,569,2005
18097,3101,1517,4618,2005
18099,189,12,201,2005
18101,3,0,3,2005
18103,61,0,61,2005
18105,683,185,868,2005
18107,86,16,102,2005
18109,275,31,306,2005
18111,51,0,51,2005
18113,232,26,258,2005
18115,45,0,45,2005
18117,12,0,12,2005
18119,160,0,160,2005
18121,45,0,45,2005
18123,44,0,44,2005
18125,46,0,46,2005
18127,1272,139,1411,2005
18129,96,0,96,2005
18131,25,0,25,2005
18133,245,16,261,2005
18135,42,0,42,2005
18137,174,51,225,2005
18139,45,0,45,2005
18141,858,214,1072,2005
18143,112,30,142,2005
18145,247,25,272,2005
18147,97,0,97,2005
18149,100,8,108,2005
18151,297,5,302,2005
18153,10,0,10,2005
18155,140,0,140,2005
18157,908,31,939,2005
18159,95,24,119,2005
18161,21,4,25,2005
18163,591,271,862,2005
18165,28,0,28,2005
18167,246,189,435,2005
18169,55,0,55,2005
18171,29,0,29,2005
18173,515,358,873,2005
18175,93,0,93,2005
18177,132,27,159,2005
18179,80,28,108,2005
18181,75,4,79,2005
18183,168,6,174,2005
19001,14,0,14,2005
19003,3,0,3,2005
19005,86,0,86,2005
19007,19,0,19,2005
19009,7,0,7,2005
19011,94,0,94,2005
19013,395,176,571,2005
19015,106,5,111,2005
19017,111,4,115,2005
19019,20,0,20,2005
19021,17,0,17,2005
19023,39,0,39,2005
19025,17,3,20,2005
19027,64,8,72,2005
19029,17,0,17,2005
19031,69,18,87,2005
19033,111,39,150,2005
19035,17,0,17,2005
19037,18,0,18,2005
19039,17,0,17,2005
19041,34,2,36,2005
19043,69,0,69,2005
19045,142,52,194,2005
19047,32,14,46,2005
19049,692,277,969,2005
19051,9,0,9,2005
19053,7,0,7,2005
19055,16,10,26,2005
19057,52,52,104,2005
19059,173,172,345,2005
19061,427,133,560,2005
19063,11,3,14,2005
19065,10,0,10,2005
19067,33,0,33,2005
19069,11,0,11,2005
19071,25,0,25,2005
19073,20,0,20,2005
19075,49,0,49,2005
19077,26,0,26,2005
19079,9,2,11,2005
19081,35,4,39,2005
19083,32,0,32,2005
19085,67,0,67,2005
19087,30,14,44,2005
19089,16,4,20,2005
19091,16,3,19,2005
19093,5,36,41,2005
19095,22,0,22,2005
19097,70,12,82,2005
19099,80,57,137,2005
19101,18,21,39,2005
19103,889,355,1244,2005
19105,40,0,40,2005
19107,15,0,15,2005
19109,19,0,19,2005
19111,15,0,15,2005
19113,964,634,1598,2005
19115,34,0,34,2005
19117,3,2,5,2005
19119,21,0,21,2005
19121,151,0,151,2005
19123,32,4,36,2005
19125,169,10,179,2005
19127,83,11,94,2005
19129,13,3,16,2005
19131,18,0,18,2005
19133,33,0,33,2005
19135,22,0,22,2005
19137,19,0,19,2005
19139,136,80,216,2005
19141,21,0,21,2005
19143,8,0,8,2005
19145,23,0,23,2005
19147,9,2,11,2005
19149,93,10,103,2005
19151,3,0,3,2005
19153,3943,839,4782,2005
19155,488,10,498,2005
19157,60,0,60,2005
19159,3,0,3,2005
19161,10,6,16,2005
19163,666,147,813,2005
19165,12,10,22,2005
19167,97,25,122,2005
19169,381,565,946,2005
19171,43,2,45,2005
19173,1,0,1,2005
19175,5,0,5,2005
19177,3,0,3,2005
19179,47,80,127,2005
19181,370,2,372,2005
19183,42,2,44,2005
19185,1,0,1,2005
19187,58,8,66,2005
19189,9,0,9,2005
19191,81,2,83,2005
19193,146,16,162,2005
19195,15,8,23,2005
19197,19,0,19,2005
20001,21,0,21,2005
20003,24,0,24,2005
20005,23,2,25,2005
20007,1,0,1,2005
20009,52,0,52,2005
20011,7,4,11,2005
20013,6,0,6,2005
20015,294,2,296,2005
20017,0,0,0,2005
20019,1,0,1,2005
20021,8,11,19,2005
20023,0,0,0,2005
20025,1,0,1,2005
20027,24,5,29,2005
20029,0,0,0,2005
20031,23,0,23,2005
20033,0,0,0,2005
20035,79,0,79,2005
20037,119,22,141,2005
20039,0,0,0,2005
20041,58,0,58,2005
20043,15,0,15,2005
20045,508,189,697,2005
20047,0,0,0,2005
20051,47,8,55,2005
20053,4,0,4,2005
20055,13,0,13,2005
20057,26,4,30,2005
20059,155,66,221,2005
20061,61,0,61,2005
20063,0,0,0,2005
20065,0,10,10,2005
20067,2,0,2,2005
20069,7,0,7,2005
20071,0,0,0,2005
20073,1,0,1,2005
20075,1,0,1,2005
20077,10,0,10,2005
20079,121,12,133,2005
20081,0,0,0,2005
20085,66,6,72,2005
20087,128,4,132,2005
20089,1,0,1,2005
20091,3358,1098,4456,2005
20093,4,0,4,2005
20095,1,0,1,2005
20097,0,0,0,2005
20099,22,0,22,2005
20101,1,0,1,2005
20103,669,6,675,2005
20105,0,0,0,2005
20107,60,0,60,2005
20109,2,0,2,2005
20111,90,82,172,2005
20113,116,15,131,2005
20115,50,0,50,2005
20117,9,0,9,2005
20119,2,0,2,2005
20121,252,0,252,2005
20123,2,0,2,2005
20125,11,3,14,2005
20127,10,0,10,2005
20129,1,0,1,2005
20131,23,2,25,2005
20133,12,0,12,2005
20135,1,0,1,2005
20137,0,0,0,2005
20139,59,0,59,2005
20141,0,0,0,2005
20143,18,0,18,2005
20145,6,0,6,2005
20147,0,0,0,2005
20149,237,29,266,2005
20151,4,0,4,2005
20153,0,0,0,2005
20155,139,48,187,2005
20157,21,18,39,2005
20159,8,0,8,2005
20161,287,120,407,2005
20163,2,0,2,2005
20165,1,0,1,2005
20167,11,0,11,2005
20169,119,54,173,2005
20171,1,0,1,2005
20173,2502,368,2870,2005
20175,33,0,33,2005
20177,846,51,897,2005
20181,2,0,2,2005
20183,0,0,0,2005
20185,0,0,0,2005
20187,1,0,1,2005
20189,0,0,0,2005
20191,45,5,50,2005
20193,3,0,3,2005
20195,1,0,1,2005
20197,31,0,31,2005
20199,0,0,0,2005
20201,0,0,0,2005
20203,0,0,0,2005
20205,3,0,3,2005
20207,8,0,8,2005
20209,635,178,813,2005
21001,0,0,0,2005
21005,218,2,220,2005
21009,352,4,356,2005
21011,11,0,11,2005
21013,54,0,54,2005
21015,1346,208,1554,2005
21017,99,0,99,2005
21019,9,216,225,2005
21021,99,29,128,2005
21025,2,0,2,2005
21027,18,24,42,2005
21029,719,69,788,2005
21031,0,0,0,2005
21033,8,0,8,2005
21035,36,85,121,2005
21037,204,113,317,2005
21041,4,0,4,2005
21043,4,0,4,2005
21045,2,0,2,2005
21047,99,4,103,2005
21049,265,0,265,2005
21051,0,0,0,2005
21053,0,25,25,2005
21055,0,0,0,2005
21057,1,2,3,2005
21059,398,46,444,2005
21065,4,0,4,2005
21067,2399,364,2763,2005
21069,3,0,3,2005
21071,10,4,14,2005
21073,215,70,285,2005
21075,8,0,8,2005
21077,35,0,35,2005
21079,15,0,15,2005
21081,148,9,157,2005
21083,19,0,19,2005
21085,0,3,3,2005
21087,0,0,0,2005
21089,47,4,51,2005
21091,9,2,11,2005
21093,902,319,1221,2005
21095,0,0,0,2005
21097,82,2,84,2005
21099,52,0,52,2005
21101,103,71,174,2005
21103,86,0,86,2005
21107,159,10,169,2005
21109,0,0,0,2005
21111,2041,359,2400,2005
21113,636,4,640,2005
21115,3,0,3,2005
21117,1126,179,1305,2005
21121,13,0,13,2005
21123,94,10,104,2005
21125,11,12,23,2005
21133,0,0,0,2005
21137,151,8,159,2005
21141,20,17,37,2005
21143,12,0,12,2005
21145,296,34,330,2005
21147,0,0,0,2005
21149,2,0,2,2005
21151,406,156,562,2005
21155,2,4,6,2005
21157,32,15,47,2005
21161,0,0,0,2005
21163,151,20,171,2005
21167,123,10,133,2005
21173,189,24,213,2005
21175,9,0,9,2005
21177,9,4,13,2005
21179,476,13,489,2005
21181,0,0,0,2005
21183,16,0,16,2005
21185,592,18,610,2005
21187,1,0,1,2005
21191,0,3,3,2005
21193,16,0,16,2005
21195,37,0,37,2005
21199,29,0,29,2005
21205,3,0,3,2005
21207,4,6,10,2005
21209,768,322,1090,2005
21211,479,80,559,2005
21213,87,4,91,2005
21215,376,56,432,2005
21217,8,28,36,2005
21219,2,0,2,2005
21221,17,0,17,2005
21225,5,2,7,2005
21227,1250,135,1385,2005
21229,13,6,19,2005
21231,0,0,0,2005
21233,0,0,0,2005
21235,32,14,46,2005
21239,148,2,150,2005
22001,182,3,185,2005
22003,7,0,7,2005
22005,1674,0,1674,2005
22007,100,4,104,2005
22009,127,0,127,2005
22011,70,0,70,2005
22013,0,0,0,2005
22015,1037,127,1164,2005
22017,752,623,1375,2005
22019,571,186,757,2005
22021,12,0,12,2005
22023,161,0,161,2005
22025,24,0,24,2005
22027,0,4,4,2005
22029,29,10,39,2005
22031,1,0,1,2005
22033,2094,711,2805,2005
22035,0,0,0,2005
22037,3,0,3,2005
22039,70,6,76,2005
22041,50,3,53,2005
22043,86,0,86,2005
22045,174,0,174,2005
22047,87,0,87,2005
22049,1,0,1,2005
22051,912,32,944,2005
22053,76,0,76,2005
22055,1625,8,1633,2005
22057,383,5,388,2005
22059,2,0,2,2005
22061,136,32,168,2005
22063,1193,63,1256,2005
22065,14,0,14,2005
22067,59,0,59,2005
22069,98,16,114,2005
22071,413,204,617,2005
22073,580,219,799,2005
22075,73,2,75,2005
22077,88,6,94,2005
22079,622,2,624,2005
22081,1,0,1,2005
22083,100,6,106,2005
22085,0,0,0,2005
22087,46,0,46,2005
22089,309,14,323,2005
22091,14,0,14,2005
22093,172,0,172,2005
22095,267,0,267,2005
22097,304,59,363,2005
22099,184,0,184,2005
22101,90,2,92,2005
22103,2468,41,2509,2005
22105,1028,203,1231,2005
22107,15,0,15,2005
22109,559,0,559,2005
22111,297,0,297,2005
22113,272,0,272,2005
22115,20,0,20,2005
22117,141,6,147,2005
22119,57,0,57,2005
22121,197,8,205,2005
22123,1,0,1,2005
22125,76,0,76,2005
22127,2,0,2,2005
23000,231,0,231,2005
23001,486,35,521,2005
23003,164,5,169,2005
23005,1519,390,1909,2005
23007,255,16,271,2005
23009,438,46,484,2005
23011,642,164,806,2005
23013,262,6,268,2005
23015,274,28,302,2005
23017,473,4,477,2005
23019,737,259,996,2005
23021,102,0,102,2005
23023,242,15,257,2005
23025,155,0,155,2005
23027,192,0,192,2005
23029,211,4,215,2005
23031,1427,187,1614,2005
24001,104,10,114,2005
24003,1565,930,2495,2005
24005,1514,422,1936,2005
24009,488,0,488,2005
24011,337,25,362,2005
24013,723,86,809,2005
24015,619,124,743,2005
24017,931,378,1309,2005
24019,338,152,490,2005
24021,1414,458,1872,2005
24023,334,0,334,2005
24025,2216,443,2659,2005
24027,1340,438,1778,2005
24029,206,0,206,2005
24031,1700,1891,3591,2005
24033,3255,170,3425,2005
24035,385,9,394,2005
24037,963,30,993,2005
24039,199,10,209,2005
24041,648,0,648,2005
24043,1447,498,1945,2005
24045,828,175,1003,2005
24047,712,409,1121,2005
24510,643,613,1256,2005
25001,1152,236,1388,2005
25003,445,41,486,2005
25005,1394,423,1817,2005
25007,237,0,237,2005
25009,1141,1413,2554,2005
25011,235,16,251,2005
25013,718,148,866,2005
25015,438,101,539,2005
25017,2450,3679,6129,2005
25019,260,0,260,2005
25021,1005,1388,2393,2005
25023,1845,721,2566,2005
25025,111,1354,1465,2005
25027,3154,444,3598,2005
26000,273,0,273,2005
26001,62,0,62,2005
26003,76,6,82,2005
26005,703,10,713,2005
26007,51,2,53,2005
26009,142,0,142,2005
26011,62,16,78,2005
26013,37,0,37,2005
26015,341,0,341,2005
26017,300,0,300,2005
26019,222,0,222,2005
26021,689,127,816,2005
26023,120,7,127,2005
26025,330,76,406,2005
26027,250,60,310,2005
26029,265,12,277,2005
26031,192,10,202,2005
26033,89,26,115,2005
26035,129,5,134,2005
26037,437,163,600,2005
26039,166,0,166,2005
26041,149,0,149,2005
26043,97,0,97,2005
26045,440,58,498,2005
26047,225,245,470,2005
26049,1756,98,1854,2005
26051,187,0,187,2005
26053,46,0,46,2005
26055,727,436,1163,2005
26057,55,30,85,2005
26059,199,6,205,2005
26061,131,6,137,2005
26063,117,0,117,2005
26065,719,304,1023,2005
26067,304,64,368,2005
26069,123,0,123,2005
26071,76,0,76,2005
26073,406,4,410,2005
26075,669,228,897,2005
26077,1087,69,1156,2005
26079,111,0,111,2005
26081,2632,309,2941,2005
26083,26,0,26,2005
26085,132,0,132,2005
26087,502,0,502,2005
26089,209,0,209,2005
26091,454,78,532,2005
26093,1454,83,1537,2005
26095,56,0,56,2005
26097,184,0,184,2005
26099,3717,626,4343,2005
26101,39,2,41,2005
26103,237,96,333,2005
26105,159,157,316,2005
26107,282,177,459,2005
26109,116,0,116,2005
26111,198,0,198,2005
26113,84,0,84,2005
26115,870,64,934,2005
26117,230,18,248,2005
26119,69,0,69,2005
26121,590,67,657,2005
26123,235,2,237,2005
26125,4050,588,4638,2005
26127,216,0,216,2005
26129,148,2,150,2005
26131,22,0,22,2005
26133,80,0,80,2005
26135,53,0,53,2005
26137,102,4,106,2005
26139,1696,243,1939,2005
26141,83,0,83,2005
26143,206,0,206,2005
26145,484,98,582,2005
26147,770,28,798,2005
26149,171,0,171,2005
26151,91,0,91,2005
26153,50,0,50,2005
26155,207,0,207,2005
26157,151,0,151,2005
26159,454,0,454,2005
26161,1441,235,1676,2005
26163,3138,1436,4574,2005
26165,227,72,299,2005
27001,353,4,357,2005
27003,2212,129,2341,2005
27005,282,16,298,2005
27007,168,16,184,2005
27009,277,0,277,2005
27011,24,0,24,2005
27013,431,84,515,2005
27015,65,0,65,2005
27017,287,69,356,2005
27019,845,151,996,2005
27021,1439,2,1441,2005
27023,20,2,22,2005
27025,349,0,349,2005
27027,470,203,673,2005
27029,7,0,7,2005
27031,114,0,114,2005
27033,17,6,23,2005
27035,833,148,981,2005
27037,1529,966,2495,2005
27039,111,65,176,2005
27041,441,48,489,2005
27043,33,0,33,2005
27045,139,8,147,2005
27047,1,0,1,2005
27049,284,65,349,2005
27051,10,0,10,2005
27053,2330,2640,4970,2005
27055,85,4,89,2005
27057,81,8,89,2005
27059,483,62,545,2005
27061,480,5,485,2005
27063,28,0,28,2005
27065,112,2,114,2005
27067,223,12,235,2005
27069,5,0,5,2005
27071,85,2,87,2005
27073,7,0,7,2005
27075,94,0,94,2005
27077,22,0,22,2005
27079,224,11,235,2005
27081,46,0,46,2005
27083,97,56,153,2005
27085,261,2,263,2005
27087,0,0,0,2005
27089,1,0,1,2005
27091,54,36,90,2005
27093,138,13,151,2005
27095,250,8,258,2005
27097,281,30,311,2005
27099,101,0,101,2005
27101,39,0,39,2005
27103,180,13,193,2005
27105,35,0,35,2005
27107,13,0,13,2005
27109,873,271,1144,2005
27111,124,70,194,2005
27113,35,0,35,2005
27115,181,2,183,2005
27117,21,0,21,2005
27119,134,12,146,2005
27121,89,0,89,2005
27123,628,507,1135,2005
27125,1,0,1,2005
27127,37,0,37,2005
27129,24,0,24,2005
27131,504,96,600,2005
27133,36,2,38,2005
27135,18,24,42,2005
27137,696,221,917,2005
27139,1551,179,1730,2005
27141,1163,5,1168,2005
27143,83,6,89,2005
27145,1264,173,1437,2005
27147,195,59,254,2005
27149,33,0,33,2005
27151,21,6,27,2005
27153,182,2,184,2005
27155,13,0,13,2005
27157,123,99,222,2005
27159,68,0,68,2005
27161,76,0,76,2005
27163,2532,145,2677,2005
27165,23,12,35,2005
27167,15,58,73,2005
27169,179,14,193,2005
27171,2127,94,2221,2005
27173,21,0,21,2005
28001,5,0,5,2005
28003,1,4,5,2005
28005,1,0,1,2005
28007,19,0,19,2005
28009,2,0,2,2005
28011,52,0,52,2005
28013,2,0,2,2005
28017,5,0,5,2005
28019,1,0,1,2005
28021,1,0,1,2005
28023,17,0,17,2005
28025,13,0,13,2005
28027,44,0,44,2005
28029,15,0,15,2005
28031,7,0,7,2005
28033,2806,9,2815,2005
28035,172,60,232,2005
28037,0,0,0,2005
28039,0,0,0,2005
28041,0,0,0,2005
28043,29,0,29,2005
28045,412,4,416,2005
28047,1075,495,1570,2005
28049,629,0,629,2005
28051,15,0,15,2005
28053,9,0,9,2005
28055,0,0,0,2005
28057,10,5,15,2005
28059,882,36,918,2005
28061,4,0,4,2005
28063,0,0,0,2005
28065,0,0,0,2005
28067,37,0,37,2005
28071,310,0,310,2005
28073,3,0,3,2005
28075,215,152,367,2005
28077,2,0,2,2005
28079,13,0,13,2005
28081,224,0,224,2005
28083,50,230,280,2005
28085,5,0,5,2005
28087,154,3,157,2005
28089,1182,0,1182,2005
28091,5,0,5,2005
28093,226,0,226,2005
28095,28,6,34,2005
28097,12,73,85,2005
28099,46,0,46,2005
28101,2,0,2,2005
28103,4,0,4,2005
28105,96,499,595,2005
28107,41,0,41,2005
28109,380,8,388,2005
28111,6,0,6,2005
28113,65,72,137,2005
28115,14,2,16,2005
28117,33,24,57,2005
28119,0,0,0,2005
28121,1625,42,1667,2005
28123,7,0,7,2005
28125,1,0,1,2005
28127,38,0,38,2005
28129,8,0,8,2005
28131,34,4,38,2005
28133,57,0,57,2005
28135,16,0,16,2005
28137,232,0,232,2005
28139,31,0,31,2005
28141,6,0,6,2005
28143,57,0,57,2005
28145,33,0,33,2005
28147,0,0,0,2005
28149,32,0,32,2005
28151,43,12,55,2005
28153,8,0,8,2005
28155,10,0,10,2005
28157,0,0,0,2005
28159,2,0,2,2005
28161,31,0,31,2005
28163,4,0,4,2005
29001,41,22,63,2005
29003,17,50,67,2005
29005,4,0,4,2005
29007,15,2,17,2005
29009,54,49,103,2005
29011,15,0,15,2005
29013,18,2,20,2005
29015,8,0,8,2005
29017,2,0,2,2005
29019,1607,717,2324,2005
29021,186,18,204,2005
29023,34,0,34,2005
29025,48,2,50,2005
29027,131,8,139,2005
29029,70,109,179,2005
29031,181,66,247,2005
29033,36,0,36,2005
29035,0,0,0,2005
29037,1059,83,1142,2005
29039,11,33,44,2005
29041,0,0,0,2005
29043,1390,329,1719,2005
29045,4,0,4,2005
29047,560,20,580,2005
29049,191,15,206,2005
29051,380,54,434,2005
29053,13,0,13,2005
29055,28,24,52,2005
29057,0,0,0,2005
29059,7,22,29,2005
29061,13,0,13,2005
29063,11,0,11,2005
29065,18,0,18,2005
29067,16,0,16,2005
29069,18,0,18,2005
29071,719,239,958,2005
29073,35,0,35,2005
29075,1,0,1,2005
29077,2156,933,3089,2005
29079,25,0,25,2005
29081,5,2,7,2005
29083,33,5,38,2005
29087,0,0,0,2005
29089,5,0,5,2005
29091,134,0,134,2005
29093,7,2,9,2005
29095,4484,1584,6068,2005
29097,517,124,641,2005
29099,1607,41,1648,2005
29101,147,52,199,2005
29103,3,0,3,2005
29105,83,57,140,2005
29107,126,0,126,2005
29109,45,4,49,2005
29111,5,0,5,2005
29113,319,6,325,2005
29115,4,4,8,2005
29117,38,6,44,2005
29119,11,14,25,2005
29121,26,0,26,2005
29123,18,0,18,2005
29125,3,2,5,2005
29127,51,18,69,2005
29129,0,0,0,2005
29131,11,4,15,2005
29133,2,0,2,2005
29135,1,0,1,2005
29137,55,0,55,2005
29139,57,8,65,2005
29141,0,0,0,2005
29143,19,5,24,2005
29145,65,0,65,2005
29147,33,6,39,2005
29149,2,0,2,2005
29151,0,0,0,2005
29153,6,0,6,2005
29155,15,0,15,2005
29157,22,36,58,2005
29159,42,20,62,2005
29161,103,54,157,2005
29163,12,0,12,2005
29165,375,0,375,2005
29167,71,39,110,2005
29169,141,35,176,2005
29171,8,0,8,2005
29173,4,0,4,2005
29175,34,0,34,2005
29177,128,46,174,2005
29179,0,0,0,2005
29181,1,0,1,2005
29183,3589,523,4112,2005
29185,11,0,11,2005
29186,12,0,12,2005
29187,186,144,330,2005
29189,2155,386,2541,2005
29195,9,18,27,2005
29197,14,0,14,2005
29199,5,0,5,2005
29201,76,6,82,2005
29203,1,0,1,2005
29205,1,2,3,2005
29207,60,0,60,2005
29209,309,50,359,2005
29211,2,0,2,2005
29213,529,481,1010,2005
29215,4,0,4,2005
29217,21,0,21,2005
29219,497,6,503,2005
29221,0,4,4,2005
29225,99,69,168,2005
29227,0,0,0,2005
29229,9,0,9,2005
29510,360,505,865,2005
30001,2,0,2,2005
30003,7,0,7,2005
30005,0,0,0,2005
30007,7,0,7,2005
30009,54,11,65,2005
30011,0,0,0,2005
30013,272,44,316,2005
30015,5,0,5,2005
30017,7,0,7,2005
30019,1,0,1,2005
30021,4,0,4,2005
30023,23,10,33,2005
30025,1,0,1,2005
30027,6,0,6,2005
30029,511,213,724,2005
30031,1054,627,1681,2005
30033,1,0,1,2005
30035,0,0,0,2005
30037,0,0,0,2005
30039,0,0,0,2005
30041,2,0,2,2005
30043,0,0,0,2005
30045,0,0,0,2005
30047,101,18,119,2005
30049,108,144,252,2005
30051,0,0,0,2005
30053,10,0,10,2005
30055,0,0,0,2005
30057,7,2,9,2005
30059,0,0,0,2005
30061,6,0,6,2005
30063,491,147,638,2005
30065,0,0,0,2005
30067,62,14,76,2005
30069,0,0,0,2005
30071,1,0,1,2005
30073,2,0,2,2005
30075,0,0,0,2005
30077,0,0,0,2005
30079,1,0,1,2005
30081,54,46,100,2005
30083,27,0,27,2005
30085,9,0,9,2005
30087,2,0,2,2005
30089,0,0,0,2005
30091,0,0,0,2005
30093,62,5,67,2005
30095,5,0,5,2005
30097,2,0,2,2005
30099,5,0,5,2005
30101,3,0,3,2005
30103,0,0,0,2005
30105,2,0,2,2005
30107,0,0,0,2005
30109,1,0,1,2005
30111,541,63,604,2005
31001,145,36,181,2005
31003,29,0,29,2005
31011,12,0,12,2005
31013,2,0,2,2005
31015,0,0,0,2005
31017,4,0,4,2005
31019,201,94,295,2005
31021,15,0,15,2005
31023,11,2,13,2005
31025,144,2,146,2005
31027,19,0,19,2005
31029,6,0,6,2005
31031,21,0,21,2005
31033,36,2,38,2005
31035,18,0,18,2005
31037,18,0,18,2005
31039,14,0,14,2005
31041,1,2,3,2005
31043,29,2,31,2005
31045,6,0,6,2005
31047,34,3,37,2005
31049,1,0,1,2005
31051,3,0,3,2005
31053,108,4,112,2005
31055,3034,592,3626,2005
31057,0,0,0,2005
31059,6,0,6,2005
31061,2,0,2,2005
31063,7,0,7,2005
31065,2,0,2,2005
31067,35,7,42,2005
31069,7,0,7,2005
31071,1,0,1,2005
31073,5,0,5,2005
31077,0,0,0,2005
31079,124,59,183,2005
31081,37,0,37,2005
31083,2,0,2,2005
31085,0,0,0,2005
31087,1,0,1,2005
31089,16,0,16,2005
31091,2,0,2,2005
31093,34,0,34,2005
31095,20,0,20,2005
31097,3,2,5,2005
31099,9,0,9,2005
31101,16,2,18,2005
31103,2,0,2,2005
31105,2,0,2,2005
31107,43,0,43,2005
31109,1464,235,1699,2005
31111,130,4,134,2005
31115,0,0,0,2005
31119,124,13,137,2005
31121,28,5,33,2005
31123,2,0,2,2005
31125,6,0,6,2005
31127,34,0,34,2005
31129,0,0,0,2005
31131,71,0,71,2005
31133,0,0,0,2005
31135,1,0,1,2005
31137,25,2,27,2005
31139,25,0,25,2005
31141,53,16,69,2005
31143,7,0,7,2005
31145,5,0,5,2005
31147,1,0,1,2005
31149,1,0,1,2005
31151,47,0,47,2005
31153,1868,125,1993,2005
31155,148,18,166,2005
31157,39,0,39,2005
31159,81,0,81,2005
31161,3,0,3,2005
31163,6,0,6,2005
31165,8,0,8,2005
31167,22,0,22,2005
31169,5,0,5,2005
31173,34,0,34,2005
31175,9,0,9,2005
31177,115,4,119,2005
31179,12,0,12,2005
31181,3,0,3,2005
31183,0,0,0,2005
31185,23,11,34,2005
32001,268,44,312,2005
32003,30479,8758,39237,2005
32005,539,74,613,2005
32007,198,0,198,2005
32013,58,0,58,2005
32015,4,0,4,2005
32017,24,3,27,2005
32019,681,52,733,2005
32021,2,0,2,2005
32027,5,0,5,2005
32029,47,0,47,2005
32031,5111,1171,6282,2005
32033,20,0,20,2005
32510,110,80,190,2005
33001,557,91,648,2005
33003,593,48,641,2005
33005,324,7,331,2005
33007,124,2,126,2005
33009,482,84,566,2005
33011,1518,344,1862,2005
33013,824,7,831,2005
33015,1140,527,1667,2005
33017,626,42,668,2005
33019,244,2,246,2005
34001,1839,163,2002,2005
34003,1220,1752,2972,2005
34005,1290,185,1475,2005
34007,1160,546,1706,2005
34009,1125,1308,2433,2005
34011,597,33,630,2005
34013,718,2410,3128,2005
34015,1882,193,2075,2005
34017,361,4137,4498,2005
34019,436,70,506,2005
34021,1221,75,1296,2005
34023,1774,1432,3206,2005
34025,1932,652,2584,2005
34027,927,1576,2503,2005
34029,2743,161,2904,2005
34031,230,417,647,2005
34033,285,12,297,2005
34035,818,402,1220,2005
34037,666,2,668,2005
34039,599,679,1278,2005
34041,441,119,560,2005
35000,2057,4,2061,2005
35001,5102,314,5416,2005
35005,78,0,78,2005
35007,72,0,72,2005
35009,133,11,144,2005
35013,2211,300,2511,2005
35015,85,0,85,2005
35025,45,0,45,2005
35027,260,18,278,2005
35028,61,4,65,2005
35029,87,0,87,2005
35031,21,0,21,2005
35035,228,62,290,2005
35039,13,0,13,2005
35041,23,12,35,2005
35043,1202,12,1214,2005
35045,429,10,439,2005
35049,580,0,580,2005
35051,7,0,7,2005
35053,7,16,23,2005
35055,308,0,308,2005
35061,408,0,408,2005
36001,493,357,850,2005
36003,91,0,91,2005
36005,29,4908,4937,2005
36007,194,16,210,2005
36009,198,6,204,2005
36011,161,0,161,2005
36013,206,240,446,2005
36015,107,0,107,2005
36017,84,40,124,2005
36019,263,62,325,2005
36021,323,12,335,2005
36023,57,0,57,2005
36025,165,3,168,2005
36027,858,154,1012,2005
36029,1304,319,1623,2005
36031,292,0,292,2005
36033,165,0,165,2005
36035,110,0,110,2005
36037,84,8,92,2005
36039,337,38,375,2005
36041,73,0,73,2005
36043,162,0,162,2005
36045,369,26,395,2005
36047,105,8923,9028,2005
36049,137,0,137,2005
36051,208,0,208,2005
36053,186,28,214,2005
36055,1395,348,1743,2005
36057,82,0,82,2005
36059,1197,238,1435,2005
36061,3,8490,8493,2005
36063,386,87,473,2005
36065,401,33,434,2005
36067,1038,162,1200,2005
36069,384,45,429,2005
36071,1301,529,1830,2005
36073,56,0,56,2005
36075,221,11,232,2005
36077,163,4,167,2005
36079,141,0,141,2005
36081,334,6935,7269,2005
36083,428,468,896,2005
36085,829,1043,1872,2005
36087,308,168,476,2005
36089,233,2,235,2005
36091,980,399,1379,2005
36093,268,95,363,2005
36095,115,36,151,2005
36097,46,0,46,2005
36099,36,2,38,2005
36101,195,2,197,2005
36103,4241,942,5183,2005
36105,761,214,975,2005
36107,73,0,73,2005
36109,224,116,340,2005
36111,767,143,910,2005
36113,451,83,534,2005
36115,257,391,648,2005
36117,212,82,294,2005
36119,780,446,1226,2005
36121,72,24,96,2005
36123,72,60,132,2005
37001,1480,4,1484,2005
37003,157,0,157,2005
37005,113,0,113,2005
37007,58,2,60,2005
37009,340,0,340,2005
37011,236,52,288,2005
37013,199,117,316,2005
37015,36,0,36,2005
37017,88,0,88,2005
37019,4273,437,4710,2005
37021,1902,647,2549,2005
37023,258,8,266,2005
37025,2613,46,2659,2005
37027,336,26,362,2005
37029,141,0,141,2005
37031,839,196,1035,2005
37033,80,0,80,2005
37035,740,101,841,2005
37037,661,48,709,2005
37039,531,0,531,2005
37041,113,112,225,2005
37043,224,18,242,2005
37045,378,114,492,2005
37047,91,6,97,2005
37049,1136,149,1285,2005
37051,2275,1390,3665,2005
37053,483,2,485,2005
37055,691,35,726,2005
37057,1057,47,1104,2005
37059,445,4,449,2005
37061,120,22,142,2005
37063,2269,162,2431,2005
37065,70,4,74,2005
37067,2838,300,3138,2005
37069,539,0,539,2005
37071,1269,158,1427,2005
37073,42,0,42,2005
37075,95,0,95,2005
37077,626,39,665,2005
37079,29,0,29,2005
37081,4170,825,4995,2005
37083,44,46,90,2005
37085,1180,10,1190,2005
37087,506,6,512,2005
37089,895,140,1035,2005
37091,45,0,45,2005
37093,660,0,660,2005
37095,35,0,35,2005
37097,2059,487,2546,2005
37099,546,223,769,2005
37101,1894,62,1956,2005
37103,25,0,25,2005
37105,363,194,557,2005
37107,75,2,77,2005
37109,734,0,734,2005
37111,211,35,246,2005
37113,363,0,363,2005
37115,143,0,143,2005
37117,31,0,31,2005
37119,8473,2355,10828,2005
37121,68,0,68,2005
37123,108,0,108,2005
37125,989,86,1075,2005
37127,599,93,692,2005
37129,2365,1036,3401,2005
37131,177,0,177,2005
37133,1658,160,1818,2005
37135,1016,2,1018,2005
37137,99,8,107,2005
37139,448,100,548,2005
37141,1047,48,1095,2005
37143,161,0,161,2005
37145,231,4,235,2005
37147,1393,1155,2548,2005
37149,165,0,165,2005
37151,679,176,855,2005
37153,285,107,392,2005
37155,391,0,391,2005
37157,371,69,440,2005
37159,642,228,870,2005
37161,399,38,437,2005
37163,182,42,224,2005
37165,62,7,69,2005
37167,426,90,516,2005
37169,266,0,266,2005
37171,188,0,188,2005
37173,136,0,136,2005
37175,289,34,323,2005
37177,23,0,23,2005
37179,3972,0,3972,2005
37181,118,0,118,2005
37183,11534,585,12119,2005
37185,155,0,155,2005
37187,19,0,19,2005
37189,508,142,650,2005
37191,603,4,607,2005
37193,231,0,231,2005
37195,384,58,442,2005
37197,141,0,141,2005
37199,124,32,156,2005
38001,3,0,3,2005
38003,23,27,50,2005
38005,0,0,0,2005
38007,1,0,1,2005
38009,2,4,6,2005
38011,1,0,1,2005
38013,3,0,3,2005
38015,502,55,557,2005
38017,995,1052,2047,2005
38019,0,2,2,2005
38021,1,0,1,2005
38023,0,0,0,2005
38025,4,0,4,2005
38027,1,0,1,2005
38029,1,0,1,2005
38031,5,0,5,2005
38033,2,0,2,2005
38035,201,300,501,2005
38037,0,0,0,2005
38039,0,0,0,2005
38041,1,0,1,2005
38043,4,0,4,2005
38045,3,0,3,2005
38047,0,0,0,2005
38049,5,0,5,2005
38051,10,0,10,2005
38053,1,0,1,2005
38055,20,0,20,2005
38057,8,0,8,2005
38059,139,46,185,2005
38061,19,0,19,2005
38063,2,0,2,2005
38065,0,0,0,2005
38067,1,0,1,2005
38069,3,0,3,2005
38071,1,11,12,2005
38073,5,0,5,2005
38075,2,0,2,2005
38077,36,0,36,2005
38079,0,0,0,2005
38081,12,14,26,2005
38083,1,0,1,2005
38085,0,0,0,2005
38087,0,0,0,2005
38089,56,88,144,2005
38091,6,5,11,2005
38093,30,8,38,2005
38095,0,0,0,2005
38097,20,0,20,2005
38099,6,0,6,2005
38101,179,55,234,2005
38103,1,0,1,2005
38105,51,4,55,2005
39001,0,0,0,2005
39003,267,53,320,2005
39005,162,196,358,2005
39007,214,0,214,2005
39009,17,9,26,2005
39011,174,16,190,2005
39013,19,22,41,2005
39015,162,40,202,2005
39017,2573,204,2777,2005
39019,5,0,5,2005
39021,114,0,114,2005
39023,247,40,287,2005
39025,1196,332,1528,2005
39027,264,0,264,2005
39029,138,55,193,2005
39031,5,0,5,2005
39033,56,4,60,2005
39035,1748,245,1993,2005
39037,103,66,169,2005
39039,116,85,201,2005
39041,1851,106,1957,2005
39043,223,200,423,2005
39045,810,182,992,2005
39047,131,50,181,2005
39049,4446,2838,7284,2005
39051,163,8,171,2005
39053,1,0,1,2005
39055,365,0,365,2005
39057,1043,324,1367,2005
39059,72,2,74,2005
39061,1236,871,2107,2005
39063,981,0,981,2005
39065,39,0,39,2005
39067,3,0,3,2005
39069,69,12,81,2005
39071,108,36,144,2005
39073,20,136,156,2005
39075,105,37,142,2005
39077,124,42,166,2005
39079,89,0,89,2005
39081,7,4,11,2005
39083,365,8,373,2005
39085,817,116,933,2005
39087,27,8,35,2005
39089,767,320,1087,2005
39091,173,18,191,2005
39093,1784,174,1958,2005
39095,1297,210,1507,2005
39097,147,16,163,2005
39099,511,0,511,2005
39101,182,60,242,2005
39103,1161,28,1189,2005
39105,12,0,12,2005
39107,117,28,145,2005
39109,307,0,307,2005
39111,0,0,0,2005
39113,1280,92,1372,2005
39115,63,0,63,2005
39117,171,0,171,2005
39119,2,80,82,2005
39121,27,0,27,2005
39123,328,8,336,2005
39125,25,18,43,2005
39127,80,37,117,2005
39129,167,2,169,2005
39131,101,54,155,2005
39133,625,131,756,2005
39135,97,12,109,2005
39137,102,0,102,2005
39139,265,165,430,2005
39141,39,0,39,2005
39143,128,4,132,2005
39145,5,54,59,2005
39147,82,40,122,2005
39149,215,80,295,2005
39151,1252,152,1404,2005
39153,1685,283,1968,2005
39155,350,99,449,2005
39157,146,18,164,2005
39159,440,0,440,2005
39161,67,0,67,2005
39163,0,4,4,2005
39165,2241,236,2477,2005
39167,39,0,39,2005
39169,368,98,466,2005
39171,119,2,121,2005
39173,609,543,1152,2005
39175,55,8,63,2005
40001,5,0,5,2005
40003,0,0,0,2005
40005,9,0,9,2005
40007,0,0,0,2005
40009,70,2,72,2005
40011,3,0,3,2005
40013,63,45,108,2005
40015,19,4,23,2005
40017,525,95,620,2005
40019,133,159,292,2005
40021,40,68,108,2005
40023,32,20,52,2005
40025,0,0,0,2005
40027,1591,391,1982,2005
40029,7,0,7,2005
40031,315,320,635,2005
40033,1,0,1,2005
40035,6,0,6,2005
40037,200,0,200,2005
40039,62,6,68,2005
40041,118,26,144,2005
40043,0,0,0,2005
40045,1,0,1,2005
40047,74,74,148,2005
40049,15,0,15,2005
40051,135,2,137,2005
40053,0,0,0,2005
40055,2,0,2,2005
40059,0,0,0,2005
40061,7,0,7,2005
40063,5,0,5,2005
40065,38,0,38,2005
40067,1,0,1,2005
40069,17,12,29,2005
40071,12,0,12,2005
40073,38,0,38,2005
40075,0,0,0,2005
40077,0,0,0,2005
40079,70,25,95,2005
40081,22,7,29,2005
40083,36,0,36,2005
40085,17,0,17,2005
40087,337,15,352,2005
40089,60,0,60,2005
40091,15,0,15,2005
40093,3,0,3,2005
40095,2,0,2,2005
40097,29,0,29,2005
40099,31,0,31,2005
40101,185,50,235,2005
40103,8,0,8,2005
40105,9,2,11,2005
40107,25,0,25,2005
40109,5555,338,5893,2005
40111,10,0,10,2005
40113,157,0,157,2005
40115,27,12,39,2005
40117,20,0,20,2005
40119,230,108,338,2005
40121,57,60,117,2005
40123,20,2,22,2005
40125,207,140,347,2005
40127,2,0,2,2005
40129,0,0,0,2005
40131,621,22,643,2005
40133,12,54,66,2005
40135,56,2,58,2005
40137,83,0,83,2005
40139,15,0,15,2005
40141,0,0,0,2005
40143,3304,620,3924,2005
40145,682,8,690,2005
40147,190,4,194,2005
40149,2,0,2,2005
40151,2,0,2,2005
40153,24,0,24,2005
41000,309,0,309,2005
41001,56,0,56,2005
41003,320,176,496,2005
41005,2450,230,2680,2005
41007,227,53,280,2005
41009,355,10,365,2005
41011,76,83,159,2005
41013,337,14,351,2005
41015,157,28,185,2005
41017,3893,567,4460,2005
41019,438,59,497,2005
41025,14,0,14,2005
41027,166,0,166,2005
41029,1707,329,2036,2005
41031,235,0,235,2005
41033,722,127,849,2005
41035,480,80,560,2005
41037,31,2,33,2005
41039,1537,819,2356,2005
41041,396,47,443,2005
41043,865,150,1015,2005
41045,40,0,40,2005
41047,1659,325,1984,2005
41049,10,0,10,2005
41051,1659,2914,4573,2005
41053,424,30,454,2005
41057,372,28,400,2005
41059,141,79,220,2005
41061,54,2,56,2005
41065,0,0,0,2005
41067,3808,865,4673,2005
41071,902,167,1069,2005
42001,602,4,606,2005
42003,1594,410,2004,2005
42005,110,52,162,2005
42007,323,64,387,2005
42009,118,0,118,2005
42011,1273,95,1368,2005
42013,176,4,180,2005
42015,104,0,104,2005
42017,1892,212,2104,2005
42019,913,247,1160,2005
42021,238,8,246,2005
42023,4,0,4,2005
42025,569,2,571,2005
42027,663,38,701,2005
42029,2865,216,3081,2005
42031,97,0,97,2005
42033,176,0,176,2005
42035,100,0,100,2005
42037,209,2,211,2005
42039,146,16,162,2005
42041,1183,165,1348,2005
42043,1003,201,1204,2005
42045,796,40,836,2005
42047,42,0,42,2005
42049,530,194,724,2005
42051,50,49,99,2005
42053,15,6,21,2005
42055,955,127,1082,2005
42057,89,0,89,2005
42059,84,48,132,2005
42061,174,0,174,2005
42063,43,18,61,2005
42065,107,0,107,2005
42067,86,0,86,2005
42069,463,6,469,2005
42071,1812,228,2040,2005
42073,169,0,169,2005
42075,706,139,845,2005
42077,1497,234,1731,2005
42079,739,75,814,2005
42081,261,38,299,2005
42083,39,0,39,2005
42085,218,50,268,2005
42087,77,0,77,2005
42089,1610,50,1660,2005
42091,2300,1368,3668,2005
42093,64,0,64,2005
42095,1812,174,1986,2005
42097,164,0,164,2005
42099,142,10,152,2005
42101,383,2123,2506,2005
42103,1033,0,1033,2005
42105,69,0,69,2005
42107,455,88,543,2005
42109,120,0,120,2005
42111,131,10,141,2005
42113,43,0,43,2005
42115,136,0,136,2005
42117,113,0,113,2005
42119,129,48,177,2005
42121,103,18,121,2005
42123,43,24,67,2005
42125,808,9,817,2005
42127,460,0,460,2005
42129,874,98,972,2005
42131,96,3,99,2005
42133,2870,246,3116,2005
44001,60,49,109,2005
44003,287,336,623,2005
44005,248,38,286,2005
44007,756,413,1169,2005
44009,457,192,649,2005
45001,64,0,64,2005
45003,1157,2,1159,2005
45005,4,0,4,2005
45007,1415,516,1931,2005
45009,24,0,24,2005
45011,36,0,36,2005
45013,3996,654,4650,2005
45015,1786,83,1869,2005
45017,68,0,68,2005
45019,4374,2014,6388,2005
45021,108,0,108,2005
45023,79,0,79,2005
45025,97,2,99,2005
45027,228,0,228,2005
45029,153,17,170,2005
45031,181,0,181,2005
45033,61,0,61,2005
45035,1924,637,2561,2005
45037,129,0,129,2005
45039,106,0,106,2005
45041,725,0,725,2005
45043,740,313,1053,2005
45045,4223,67,4290,2005
45047,248,10,258,2005
45049,40,6,46,2005
45051,6471,5357,11828,2005
45053,198,0,198,2005
45055,624,0,624,2005
45057,405,0,405,2005
45059,173,0,173,2005
45061,89,0,89,2005
45063,2236,23,2259,2005
45065,57,0,57,2005
45067,40,0,40,2005
45069,24,0,24,2005
45071,118,0,118,2005
45073,830,31,861,2005
45075,262,19,281,2005
45077,587,12,599,2005
45079,3568,756,4324,2005
45081,49,0,49,2005
45083,2123,8,2131,2005
45085,571,56,627,2005
45087,41,0,41,2005
45089,61,0,61,2005
45091,2848,233,3081,2005
46003,16,0,16,2005
46005,49,8,57,2005
46007,0,0,0,2005
46009,11,0,11,2005
46011,166,73,239,2005
46013,109,21,130,2005
46015,14,0,14,2005
46019,96,3,99,2005
46021,0,0,0,2005
46023,8,0,8,2005
46025,13,2,15,2005
46027,35,11,46,2005
46029,136,10,146,2005
46031,0,0,0,2005
46033,114,0,114,2005
46035,87,28,115,2005
46037,30,0,30,2005
46039,19,0,19,2005
46041,0,0,0,2005
46043,2,2,4,2005
46045,18,0,18,2005
46047,11,63,74,2005
46049,0,4,4,2005
46051,24,0,24,2005
46053,16,0,16,2005
46055,8,0,8,2005
46057,41,2,43,2005
46059,16,0,16,2005
46061,6,0,6,2005
46063,0,0,0,2005
46065,69,12,81,2005
46067,7,4,11,2005
46069,5,0,5,2005
46071,0,0,0,2005
46073,11,0,11,2005
46075,0,0,0,2005
46077,19,0,19,2005
46079,62,0,62,2005
46081,254,33,287,2005
46083,349,42,391,2005
46085,13,0,13,2005
46087,20,10,30,2005
46089,4,0,4,2005
46091,26,0,26,2005
46093,273,0,273,2005
46095,0,0,0,2005
46097,9,0,9,2005
46099,1467,370,1837,2005
46101,35,0,35,2005
46103,669,234,903,2005
46105,0,0,0,2005
46107,1,0,1,2005
46109,41,0,41,2005
46111,16,0,16,2005
46115,11,2,13,2005
46117,25,0,25,2005
46119,6,0,6,2005
46121,2,0,2,2005
46123,3,0,3,2005
46125,33,4,37,2005
46127,123,6,129,2005
46129,8,0,8,2005
46135,87,48,135,2005
47001,284,20,304,2005
47003,459,0,459,2005
47005,5,0,5,2005
47009,871,136,1007,2005
47011,598,68,666,2005
47013,33,14,47,2005
47015,5,0,5,2005
47017,16,8,24,2005
47019,252,35,287,2005
47021,246,12,258,2005
47023,115,0,115,2005
47025,163,12,175,2005
47029,4,0,4,2005
47031,533,12,545,2005
47033,10,0,10,2005
47035,109,15,124,2005
47037,3819,1201,5020,2005
47039,2,0,2,2005
47041,25,0,25,2005
47043,262,4,266,2005
47045,90,0,90,2005
47047,708,0,708,2005
47049,0,4,4,2005
47051,250,2,252,2005
47053,285,0,285,2005
47055,14,0,14,2005
47057,3,2,5,2005
47059,381,108,489,2005
47061,0,0,0,2005
47063,236,48,284,2005
47065,1971,229,2200,2005
47067,0,0,0,2005
47069,85,0,85,2005
47071,13,12,25,2005
47073,108,21,129,2005
47075,53,2,55,2005
47077,33,0,33,2005
47079,33,12,45,2005
47081,4,0,4,2005
47083,4,0,4,2005
47085,32,0,32,2005
47089,439,24,463,2005
47091,3,0,3,2005
47093,3478,358,3836,2005
47095,6,4,10,2005
47097,128,4,132,2005
47099,9,2,11,2005
47101,5,0,5,2005
47103,14,0,14,2005
47105,455,0,455,2005
47107,69,0,69,2005
47109,31,0,31,2005
47111,10,18,28,2005
47113,622,2,624,2005
47115,129,0,129,2005
47117,264,0,264,2005
47119,1926,10,1936,2005
47121,60,0,60,2005
47123,272,4,276,2005
47125,1843,779,2622,2005
47127,66,0,66,2005
47129,1,0,1,2005
47131,45,2,47,2005
47133,6,0,6,2005
47135,0,0,0,2005
47139,160,0,160,2005
47141,512,203,715,2005
47143,129,0,129,2005
47145,51,4,55,2005
47147,566,102,668,2005
47149,4006,1005,5011,2005
47151,13,0,13,2005
47153,13,0,13,2005
47155,455,383,838,2005
47157,4769,947,5716,2005
47159,91,72,163,2005
47161,12,14,26,2005
47163,705,71,776,2005
47165,1703,115,1818,2005
47167,626,0,626,2005
47169,44,0,44,2005
47171,8,0,8,2005
47173,155,0,155,2005
47177,29,0,29,2005
47179,686,284,970,2005
47181,9,0,9,2005
47183,105,6,111,2005
47185,14,0,14,2005
47187,1941,0,1941,2005
47189,1377,51,1428,2005
48001,23,0,23,2005
48003,24,0,24,2005
48005,104,0,104,2005
48007,256,0,256,2005
48009,10,6,16,2005
48011,1,0,1,2005
48013,64,4,68,2005
48015,46,3,49,2005
48017,6,0,6,2005
48019,0,52,52,2005
48021,269,0,269,2005
48023,0,0,0,2005
48025,11,0,11,2005
48027,3047,622,3669,2005
48029,10298,7510,17808,2005
48031,26,0,26,2005
48035,5,0,5,2005
48037,136,20,156,2005
48039,3989,699,4688,2005
48041,789,821,1610,2005
48043,7,0,7,2005
48047,3,0,3,2005
48049,41,86,127,2005
48051,9,0,9,2005
48053,433,128,561,2005
48055,84,0,84,2005
48057,115,3,118,2005
48059,31,0,31,2005
48061,3069,625,3694,2005
48063,8,0,8,2005
48065,7,0,7,2005
48067,17,6,23,2005
48069,0,0,0,2005
48071,517,0,517,2005
48073,28,4,32,2005
48075,1,0,1,2005
48077,9,0,9,2005
48079,0,0,0,2005
48081,0,0,0,2005
48083,2,0,2,2005
48085,12558,1286,13844,2005
48087,0,0,0,2005
48089,20,0,20,2005
48091,2182,23,2205,2005
48093,5,0,5,2005
48097,42,4,46,2005
48099,331,202,533,2005
48101,0,0,0,2005
48103,0,0,0,2005
48107,1,0,1,2005
48109,18,0,18,2005
48111,5,0,5,2005
48113,10520,3884,14404,2005
48115,1,0,1,2005
48117,17,2,19,2005
48119,0,0,0,2005
48121,3816,1449,5265,2005
48123,5,0,5,2005
48127,15,0,15,2005
48129,4,0,4,2005
48133,0,0,0,2005
48135,149,106,255,2005
48139,1810,22,1832,2005
48141,4333,1072,5405,2005
48143,45,22,67,2005
48145,18,0,18,2005
48147,71,14,85,2005
48149,33,0,33,2005
48151,0,0,0,2005
48153,8,16,24,2005
48157,4097,0,4097,2005
48159,6,0,6,2005
48161,26,16,42,2005
48163,19,0,19,2005
48165,17,0,17,2005
48167,3148,170,3318,2005
48169,0,0,0,2005
48171,80,64,144,2005
48177,9,0,9,2005
48179,3,0,3,2005
48181,423,321,744,2005
48183,357,10,367,2005
48185,28,0,28,2005
48187,1531,2,1533,2005
48189,86,0,86,2005
48191,0,0,0,2005
48193,3,0,3,2005
48195,0,0,0,2005
48197,0,0,0,2005
48199,98,0,98,2005
48201,32465,9041,41506,2005
48203,40,0,40,2005
48207,2,4,6,2005
48209,2124,531,2655,2005
48211,4,0,4,2005
48213,141,36,177,2005
48215,6741,2148,8889,2005
48217,15,0,15,2005
48219,20,0,20,2005
48221,126,14,140,2005
48223,29,0,29,2005
48225,7,0,7,2005
48227,2,64,66,2005
48231,197,238,435,2005
48233,1,0,1,2005
48237,1,0,1,2005
48239,20,0,20,2005
48241,6,2,8,2005
48245,427,392,819,2005
48249,82,72,154,2005
48251,1145,6,1151,2005
48253,3,14,17,2005
48255,8,0,8,2005
48257,914,4,918,2005
48259,552,0,552,2005
48265,88,0,88,2005
48267,13,0,13,2005
48271,0,0,0,2005
48273,7,0,7,2005
48277,58,2,60,2005
48279,0,0,0,2005
48281,27,3,30,2005
48283,3,0,3,2005
48285,16,4,20,2005
48287,23,0,23,2005
48291,287,0,287,2005
48293,9,2,11,2005
48295,0,0,0,2005
48297,4,0,4,2005
48299,252,68,320,2005
48303,1291,490,1781,2005
48305,2,0,2,2005
48307,2,9,11,2005
48309,1015,307,1322,2005
48313,13,7,20,2005
48315,0,0,0,2005
48317,10,0,10,2005
48319,14,0,14,2005
48321,97,0,97,2005
48323,213,14,227,2005
48325,43,0,43,2005
48329,390,0,390,2005
48331,15,0,15,2005
48335,1,0,1,2005
48337,0,0,0,2005
48339,6586,855,7441,2005
48341,26,0,26,2005
48343,7,0,7,2005
48347,101,2,103,2005
48349,68,0,68,2005
48351,0,0,0,2005
48353,4,0,4,2005
48355,1553,466,2019,2005
48357,7,0,7,2005
48359,3,0,3,2005
48361,283,0,283,2005
48363,13,2,15,2005
48365,16,0,16,2005
48367,480,61,541,2005
48369,1,0,1,2005
48371,16,0,16,2005
48373,185,2,187,2005
48375,824,288,1112,2005
48377,101,2,103,2005
48379,14,0,14,2005
48381,31,26,57,2005
48383,3,0,3,2005
48385,0,0,0,2005
48387,4,0,4,2005
48389,2,0,2,2005
48391,12,0,12,2005
48395,17,0,17,2005
48397,1756,245,2001,2005
48399,1,0,1,2005
48401,22,0,22,2005
48403,0,0,0,2005
48405,0,0,0,2005
48407,3,0,3,2005
48409,332,6,338,2005
48411,1,0,1,2005
48413,0,0,0,2005
48415,7,0,7,2005
48419,3,0,3,2005
48421,21,2,23,2005
48423,604,141,745,2005
48425,24,0,24,2005
48429,1,0,1,2005
48435,0,0,0,2005
48437,0,0,0,2005
48439,16121,3191,19312,2005
48441,276,22,298,2005
48445,5,0,5,2005
48449,46,0,46,2005
48451,270,0,270,2005
48453,9425,4809,14234,2005
48455,1,0,1,2005
48457,3,0,3,2005
48459,7,0,7,2005
48461,0,0,0,2005
48463,35,4,39,2005
48465,148,8,156,2005
48467,47,8,55,2005
48469,123,0,123,2005
48471,84,198,282,2005
48473,67,152,219,2005
48475,3,0,3,2005
48477,64,76,140,2005
48479,1886,290,2176,2005
48481,34,0,34,2005
48483,0,0,0,2005
48485,296,244,540,2005
48487,0,0,0,2005
48489,36,0,36,2005
48491,5444,555,5999,2005
48493,36,8,44,2005
48495,8,0,8,2005
48497,172,20,192,2005
48499,12,4,16,2005
48501,0,0,0,2005
48503,6,0,6,2005
48507,3,0,3,2005
49001,36,0,36,2005
49003,439,44,483,2005
49005,885,130,1015,2005
49007,51,0,51,2005
49009,19,0,19,2005
49011,2983,203,3186,2005
49013,162,0,162,2005
49015,15,0,15,2005
49017,103,0,103,2005
49019,124,20,144,2005
49021,864,149,1013,2005
49023,95,52,147,2005
49025,247,0,247,2005
49027,49,0,49,2005
49029,183,2,185,2005
49031,15,0,15,2005
49033,77,10,87,2005
49035,5795,1865,7660,2005
49037,61,0,61,2005
49039,56,0,56,2005
49041,92,10,102,2005
49043,685,223,908,2005
49045,648,27,675,2005
49047,215,14,229,2005
49049,4595,654,5249,2005
49051,475,18,493,2005
49053,3563,285,3848,2005
49055,14,0,14,2005
49057,1473,74,1547,2005
50001,158,34,192,2005
50003,149,70,219,2005
50005,143,9,152,2005
50007,349,152,501,2005
50009,38,0,38,2005
50011,288,42,330,2005
50013,31,2,33,2005
50015,146,6,152,2005
50017,79,8,87,2005
50019,149,145,294,2005
50021,161,8,169,2005
50023,231,24,255,2005
50025,189,18,207,2005
50027,249,39,288,2005
51001,322,102,424,2005
51003,742,331,1073,2005
51005,31,0,31,2005
51007,169,0,169,2005
51009,124,0,124,2005
51011,133,0,133,2005
51013,166,1109,1275,2005
51015,510,47,557,2005
51017,31,0,31,2005
51019,704,40,744,2005
51021,41,0,41,2005
51023,273,0,273,2005
51025,47,0,47,2005
51027,14,21,35,2005
51029,102,0,102,2005
51031,339,0,339,2005
51033,642,4,646,2005
51035,185,0,185,2005
51036,41,0,41,2005
51037,59,0,59,2005
51041,2188,529,2717,2005
51043,221,0,221,2005
51045,34,0,34,2005
51047,1482,20,1502,2005
51049,63,0,63,2005
51051,18,0,18,2005
51053,174,0,174,2005
51057,152,20,172,2005
51059,2276,2077,4353,2005
51061,706,0,706,2005
51063,94,8,102,2005
51065,248,0,248,2005
51067,509,119,628,2005
51069,1271,0,1271,2005
51071,67,0,67,2005
51073,288,0,288,2005
51075,380,0,380,2005
51077,59,0,59,2005
51079,207,0,207,2005
51081,60,0,60,2005
51083,104,0,104,2005
51085,619,0,619,2005
51087,1781,301,2082,2005
51089,84,0,84,2005
51091,23,0,23,2005
51093,534,0,534,2005
51095,1178,0,1178,2005
51097,60,0,60,2005
51099,517,12,529,2005
51101,199,0,199,2005
51103,130,2,132,2005
51105,55,2,57,2005
51107,4716,483,5199,2005
51109,728,0,728,2005
51111,30,0,30,2005
51113,123,0,123,2005
51115,91,0,91,2005
51117,195,0,195,2005
51119,128,4,132,2005
51121,361,12,373,2005
51125,216,0,216,2005
51127,340,0,340,2005
51131,117,18,135,2005
51133,232,0,232,2005
51135,74,0,74,2005
51137,652,66,718,2005
51139,220,4,224,2005
51141,100,0,100,2005
51143,253,27,280,2005
51145,360,0,360,2005
51147,110,20,130,2005
51149,238,0,238,2005
51153,5140,287,5427,2005
51155,145,29,174,2005
51157,60,0,60,2005
51159,51,0,51,2005
51161,381,26,407,2005
51163,203,5,208,2005
51165,812,0,812,2005
51167,79,0,79,2005
51169,51,0,51,2005
51171,561,0,561,2005
51173,49,2,51,2005
51175,99,4,103,2005
51177,1511,154,1665,2005
51179,1452,187,1639,2005
51181,82,0,82,2005
51183,35,0,35,2005
51185,73,12,85,2005
51187,398,0,398,2005
51191,268,74,342,2005
51193,152,0,152,2005
51195,63,0,63,2005
51197,119,26,145,2005
51199,312,48,360,2005
51510,195,822,1017,2005
51515,6,0,6,2005
51520,30,67,97,2005
51530,15,0,15,2005
51540,163,122,285,2005
51550,1443,646,2089,2005
51570,54,0,54,2005
51580,6,0,6,2005
51590,30,0,30,2005
51595,16,0,16,2005
51600,28,0,28,2005
51610,24,0,24,2005
51620,62,0,62,2005
51630,410,0,410,2005
51640,22,0,22,2005
51650,259,620,879,2005
51660,340,46,386,2005
51670,152,0,152,2005
51678,9,0,9,2005
51680,469,27,496,2005
51683,154,0,154,2005
51685,81,107,188,2005
51690,9,0,9,2005
51700,198,452,650,2005
51710,526,657,1183,2005
51720,1,0,1,2005
51730,21,0,21,2005
51735,90,0,90,2005
51740,168,59,227,2005
51750,20,52,72,2005
51760,525,229,754,2005
51770,151,40,191,2005
51775,62,9,71,2005
51790,119,78,197,2005
51800,1090,0,1090,2005
51810,894,1209,2103,2005
51820,95,21,116,2005
51830,31,0,31,2005
51840,155,64,219,2005
53001,32,5,37,2005
53003,106,0,106,2005
53005,1103,116,1219,2005
53007,457,50,507,2005
53009,666,153,819,2005
53011,3495,276,3771,2005
53013,10,0,10,2005
53015,469,46,515,2005
53017,381,14,395,2005
53019,32,0,32,2005
53021,1061,170,1231,2005
53023,6,0,6,2005
53025,570,69,639,2005
53027,335,85,420,2005
53029,752,16,768,2005
53031,326,0,326,2005
53033,6331,5703,12034,2005
53035,1300,311,1611,2005
53037,547,12,559,2005
53039,129,0,129,2005
53041,499,30,529,2005
53043,47,0,47,2005
53045,601,32,633,2005
53047,237,7,244,2005
53049,194,15,209,2005
53051,84,4,88,2005
53053,5515,1311,6826,2005
53055,204,8,212,2005
53057,934,84,1018,2005
53059,120,0,120,2005
53061,5719,940,6659,2005
53063,3557,839,4396,2005
53065,223,0,223,2005
53067,2530,40,2570,2005
53069,49,0,49,2005
53071,211,46,257,2005
53073,1698,858,2556,2005
53075,138,300,438,2005
53077,739,41,780,2005
54001,4,0,4,2005
54003,1866,69,1935,2005
54005,16,0,16,2005
54007,1,0,1,2005
54009,23,0,23,2005
54011,125,116,241,2005
54015,22,0,22,2005
54019,119,0,119,2005
54021,0,0,0,2005
54023,72,20,92,2005
54025,193,0,193,2005
54027,293,0,293,2005
54029,25,0,25,2005
54031,166,0,166,2005
54033,141,82,223,2005
54035,15,0,15,2005
54037,527,0,527,2005
54039,192,137,329,2005
54041,0,0,0,2005
54043,24,0,24,2005
54045,1,0,1,2005
54047,3,0,3,2005
54049,28,0,28,2005
54051,11,0,11,2005
54053,5,0,5,2005
54055,24,0,24,2005
54057,131,0,131,2005
54059,4,0,4,2005
54061,39,78,117,2005
54063,1,0,1,2005
54065,257,0,257,2005
54067,2,0,2,2005
54069,23,16,39,2005
54071,27,0,27,2005
54073,7,0,7,2005
54075,10,0,10,2005
54077,1,0,1,2005
54079,263,11,274,2005
54081,291,100,391,2005
54083,2,8,10,2005
54085,4,0,4,2005
54087,99,0,99,2005
54089,31,0,31,2005
54091,5,0,5,2005
54093,20,0,20,2005
54095,0,0,0,2005
54097,60,0,60,2005
54099,64,0,64,2005
54101,0,0,0,2005
54103,5,0,5,2005
54105,38,0,38,2005
54107,202,20,222,2005
54109,1,0,1,2005
55001,390,33,423,2005
55003,53,8,61,2005
55005,250,72,322,2005
55007,185,10,195,2005
55009,1058,664,1722,2005
55011,55,6,61,2005
55013,196,0,196,2005
55015,265,4,269,2005
55017,387,142,529,2005
55019,115,6,121,2005
55021,266,36,302,2005
55023,49,0,49,2005
55025,2413,2201,4614,2005
55027,304,58,362,2005
55029,272,123,395,2005
55031,182,22,204,2005
55033,271,81,352,2005
55035,321,120,441,2005
55037,34,0,34,2005
55039,398,220,618,2005
55041,100,0,100,2005
55043,117,32,149,2005
55045,253,24,277,2005
55047,95,0,95,2005
55049,151,47,198,2005
55051,79,0,79,2005
55053,149,0,149,2005
55055,439,181,620,2005
55057,151,0,151,2005
55059,862,238,1100,2005
55061,87,19,106,2005
55063,444,77,521,2005
55065,72,4,76,2005
55067,89,0,89,2005
55069,214,4,218,2005
55071,259,22,281,2005
55073,870,308,1178,2005
55075,276,0,276,2005
55077,115,0,115,2005
55078,15,0,15,2005
55079,785,912,1697,2005
55081,214,48,262,2005
55083,779,0,779,2005
55085,397,34,431,2005
55087,883,332,1215,2005
55089,277,129,406,2005
55091,37,4,41,2005
55093,389,12,401,2005
55095,399,32,431,2005
55097,303,74,377,2005
55099,217,0,217,2005
55101,810,196,1006,2005
55103,70,0,70,2005
55105,676,320,996,2005
55107,102,0,102,2005
55109,924,117,1041,2005
55111,384,260,644,2005
55113,251,38,289,2005
55115,184,209,393,2005
55117,371,135,506,2005
55119,69,8,77,2005
55121,172,0,172,2005
55123,95,38,133,2005
55125,219,4,223,2005
55127,685,302,987,2005
55129,267,16,283,2005
55131,850,521,1371,2005
55133,1449,521,1970,2005
55135,360,8,368,2005
55137,172,11,183,2005
55139,603,174,777,2005
55141,272,151,423,2005
56001,192,402,594,2005
56003,8,0,8,2005
56005,200,73,273,2005
56007,65,0,65,2005
56009,54,4,58,2005
56011,21,0,21,2005
56013,40,45,85,2005
56015,11,0,11,2005
56017,3,2,5,2005
56019,25,0,25,2005
56021,696,176,872,2005
56023,253,8,261,2005
56025,444,0,444,2005
56027,4,0,4,2005
56029,183,4,187,2005
56031,47,0,47,2005
56033,171,4,175,2005
56035,179,6,185,2005
56037,260,0,260,2005
56039,208,100,308,2005
56041,95,0,95,2005
56043,5,4,9,2005
56045,5,0,5,2005
01001,347,0,347,2006
01003,2776,2910,5686,2006
01005,26,0,26,2006
01007,12,0,12,2006
01009,39,52,91,2006
01011,0,40,40,2006
01013,22,0,22,2006
01015,232,45,277,2006
01017,22,0,22,2006
01019,47,100,147,2006
01021,105,32,137,2006
01023,6,0,6,2006
01025,20,16,36,2006
01027,5,0,5,2006
01029,5,30,35,2006
01031,344,0,344,2006
01033,200,0,200,2006
01035,5,0,5,2006
01037,0,0,0,2006
01039,19,0,19,2006
01041,8,0,8,2006
01043,82,2,84,2006
01045,95,0,95,2006
01047,4,0,4,2006
01049,85,40,125,2006
01051,310,0,310,2006
01053,19,0,19,2006
01055,312,79,391,2006
01057,6,45,51,2006
01059,23,8,31,2006
01061,25,0,25,2006
01063,2,0,2,2006
01065,89,0,89,2006
01067,8,0,8,2006
01069,665,4,669,2006
01071,85,0,85,2006
01073,3300,1248,4548,2006
01075,0,0,0,2006
01077,167,8,175,2006
01079,3,0,3,2006
01081,1687,517,2204,2006
01083,241,0,241,2006
01085,3,0,3,2006
01087,25,0,25,2006
01089,3913,316,4229,2006
01091,29,0,29,2006
01093,21,0,21,2006
01095,188,98,286,2006
01097,2316,461,2777,2006
01099,12,0,12,2006
01101,924,6,930,2006
01103,333,0,333,2006
01105,0,0,0,2006
01107,7,0,7,2006
01109,71,62,133,2006
01111,0,0,0,2006
01113,477,200,677,2006
01115,610,14,624,2006
01117,2321,24,2345,2006
01119,5,0,5,2006
01121,219,110,329,2006
01123,62,0,62,2006
01125,1092,1435,2527,2006
01127,50,0,50,2006
01129,6,0,6,2006
01131,0,0,0,2006
01133,0,0,0,2006
02000,203,0,203,2006
02013,5,0,5,2006
02016,9,0,9,2006
02020,550,812,1362,2006
02050,42,2,44,2006
02060,11,2,13,2006
02090,300,60,360,2006
02100,44,0,44,2006
02110,70,45,115,2006
02122,122,46,168,2006
02130,39,0,39,2006
02150,30,6,36,2006
02170,115,111,226,2006
02180,4,2,6,2006
02185,4,0,4,2006
02188,0,0,0,2006
02201,3,2,5,2006
02220,24,28,52,2006
02232,6,7,13,2006
02261,14,2,16,2006
02280,14,2,16,2006
02282,3,0,3,2006
02290,0,0,0,2006
04001,198,48,246,2006
04003,1032,69,1101,2006
04005,820,260,1080,2006
04007,313,40,353,2006
04009,219,195,414,2006
04011,3,0,3,2006
04012,118,0,118,2006
04013,27812,7916,35728,2006
04015,2265,427,2692,2006
04017,1129,108,1237,2006
04019,8132,390,8522,2006
04021,8470,82,8552,2006
04023,690,66,756,2006
04025,2869,118,2987,2006
04027,1563,11,1574,2006
05001,18,18,36,2006
05003,1,0,1,2006
05005,126,18,144,2006
05007,2659,1144,3803,2006
05009,62,0,62,2006
05011,15,0,15,2006
05013,2,0,2,2006
05015,43,38,81,2006
05017,3,0,3,2006
05019,20,0,20,2006
05021,8,0,8,2006
05023,30,6,36,2006
05025,3,0,3,2006
05027,9,0,9,2006
05029,8,6,14,2006
05031,486,147,633,2006
05033,160,29,189,2006
05035,271,31,302,2006
05037,34,4,38,2006
05039,2,0,2,2006
05041,1,2,3,2006
05043,13,0,13,2006
05045,718,222,940,2006
05047,17,0,17,2006
05049,0,0,0,2006
05051,135,0,135,2006
05053,36,12,48,2006
05055,137,28,165,2006
05057,22,41,63,2006
05059,6,6,12,2006
05061,14,0,14,2006
05063,26,0,26,2006
05065,43,0,43,2006
05067,10,0,10,2006
05069,80,9,89,2006
05071,36,18,54,2006
05073,0,0,0,2006
05075,11,0,11,2006
05077,3,0,3,2006
05079,9,0,9,2006
05081,11,0,11,2006
05083,6,0,6,2006
05085,761,137,898,2006
05087,6,0,6,2006
05089,42,2,44,2006
05091,100,4,104,2006
05093,28,25,53,2006
05095,1,0,1,2006
05099,6,0,6,2006
05101,1,0,1,2006
05103,4,0,4,2006
05105,4,0,4,2006
05107,2,0,2,2006
05111,43,4,47,2006
05113,10,4,14,2006
05115,187,24,211,2006
05117,5,0,5,2006
05119,1471,37,1508,2006
05121,6,0,6,2006
05123,17,0,17,2006
05125,777,0,777,2006
05127,8,0,8,2006
05129,1,0,1,2006
05131,352,104,456,2006
05133,13,0,13,2006
05135,40,0,40,2006
05137,12,0,12,2006
05139,15,0,15,2006
05141,33,0,33,2006
05143,1354,906,2260,2006
05145,166,82,248,2006
05147,7,0,7,2006
05149,3,8,11,2006
06001,1635,4641,6276,2006
06003,31,0,31,2006
06005,221,14,235,2006
06007,1189,93,1282,2006
06009,497,0,497,2006
06011,99,0,99,2006
06013,3368,854,4222,2006
06015,37,0,37,2006
06017,969,36,1005,2006
06019,3904,1374,5278,2006
06021,168,3,171,2006
06023,324,165,489,2006
06025,1934,269,2203,2006
06027,13,0,13,2006
06029,5731,1260,6991,2006
06031,755,94,849,2006
06033,453,115,568,2006
06035,132,0,132,2006
06037,9942,15260,25202,2006
06039,1269,107,1376,2006
06041,356,226,582,2006
06043,139,0,139,2006
06045,272,20,292,2006
06047,2136,80,2216,2006
06049,22,0,22,2006
06051,119,31,150,2006
06053,752,113,865,2006
06055,267,240,507,2006
06057,467,170,637,2006
06059,3744,4559,8303,2006
06061,2596,582,3178,2006
06063,216,0,216,2006
06065,20882,3883,24765,2006
06067,4366,2064,6430,2006
06069,30,0,30,2006
06071,12616,708,13324,2006
06073,4743,4448,9191,2006
06075,95,2303,2398,2006
06077,3461,191,3652,2006
06079,1388,376,1764,2006
06081,446,559,1005,2006
06083,690,183,873,2006
06085,2121,3999,6120,2006
06087,539,172,711,2006
06089,733,219,952,2006
06091,17,0,17,2006
06093,194,9,203,2006
06095,1002,203,1205,2006
06097,1357,555,1912,2006
06099,2271,373,2644,2006
06101,318,38,356,2006
06103,385,140,525,2006
06105,64,0,64,2006
06107,2815,760,3575,2006
06109,222,0,222,2006
06111,1426,818,2244,2006
06113,783,481,1264,2006
06115,993,0,993,2006
08001,2754,154,2908,2006
08003,51,0,51,2006
08005,2745,789,3534,2006
08007,286,32,318,2006
08009,0,0,0,2006
08011,4,0,4,2006
08013,453,293,746,2006
08014,916,166,1082,2006
08015,162,0,162,2006
08017,1,0,1,2006
08019,37,0,37,2006
08021,39,0,39,2006
08023,20,0,20,2006
08025,2,0,2,2006
08027,90,0,90,2006
08029,146,5,151,2006
08031,1800,2052,3852,2006
08033,5,0,5,2006
08035,3279,690,3969,2006
08037,534,85,619,2006
08039,244,0,244,2006
08041,4129,295,4424,2006
08043,250,0,250,2006
08045,637,120,757,2006
08047,77,0,77,2006
08049,571,264,835,2006
08051,237,20,257,2006
08053,13,0,13,2006
08055,50,0,50,2006
08057,13,0,13,2006
08059,991,1053,2044,2006
08061,2,0,2,2006
08063,2,0,2,2006
08065,55,0,55,2006
08067,606,121,727,2006
08069,1432,808,2240,2006
08071,50,0,50,2006
08073,9,0,9,2006
08075,39,3,42,2006
08077,1426,148,1574,2006
08079,24,0,24,2006
08081,52,0,52,2006
08083,63,2,65,2006
08085,501,64,565,2006
08087,80,6,86,2006
08089,12,10,22,2006
08091,67,2,69,2006
08093,323,0,323,2006
08095,8,0,8,2006
08097,137,75,212,2006
08099,3,0,3,2006
08101,1202,102,1304,2006
08103,50,0,50,2006
08105,63,0,63,2006
08107,315,112,427,2006
08109,76,0,76,2006
08111,19,2,21,2006
08113,85,78,163,2006
08115,2,0,2,2006
08117,361,84,445,2006
08119,171,0,171,2006
08121,10,0,10,2006
08123,2579,343,2922,2006
08125,5,0,5,2006
09001,1480,459,1939,2006
09003,1682,623,2305,2006
09005,534,7,541,2006
09007,483,151,634,2006
09009,1156,498,1654,2006
09011,801,205,1006,2006
09013,532,167,699,2006
09015,439,19,458,2006
10001,1485,218,1703,2006
10003,1409,319,1728,2006
10005,2121,952,3073,2006
11001,126,1979,2105,2006
12001,1009,940,1949,2006
12003,226,0,226,2006
12005,920,2156,3076,2006
12007,124,0,124,2006
12009,3967,1077,5044,2006
12011,3550,3166,6716,2006
12013,40,0,40,2006
12015,3052,1283,4335,2006
12017,2056,41,2097,2006
12019,1336,1076,2412,2006
12021,2829,1959,4788,2006
12023,467,6,473,2006
12027,167,20,187,2006
12029,71,12,83,2006
12031,6450,3633,10083,2006
12033,1218,666,1884,2006
12035,1499,340,1839,2006
12037,225,0,225,2006
12039,458,0,458,2006
12041,92,0,92,2006
12043,73,0,73,2006
12045,235,0,235,2006
12047,40,0,40,2006
12049,216,0,216,2006
12051,282,2,284,2006
12053,2862,275,3137,2006
12055,1415,125,1540,2006
12057,8639,2815,11454,2006
12059,97,0,97,2006
12061,2839,304,3143,2006
12063,179,2,181,2006
12065,100,0,100,2006
12067,26,0,26,2006
12069,5637,472,6109,2006
12071,14700,4046,18746,2006
12073,1301,588,1889,2006
12075,275,3,278,2006
12077,22,0,22,2006
12079,89,0,89,2006
12081,2565,1001,3566,2006
12083,6753,310,7063,2006
12085,936,28,964,2006
12086,6548,13469,20017,2006
12087,430,27,457,2006
12089,986,250,1236,2006
12091,1699,91,1790,2006
12093,202,0,202,2006
12095,9527,4619,14146,2006
12097,5772,2234,8006,2006
12099,4652,3725,8377,2006
12101,5007,862,5869,2006
12103,1786,394,2180,2006
12105,7609,1714,9323,2006
12107,282,57,339,2006
12109,2502,508,3010,2006
12111,4636,728,5364,2006
12113,923,4,927,2006
12115,3418,687,4105,2006
12117,2710,13,2723,2006
12119,3558,18,3576,2006
12121,172,102,274,2006
12123,75,0,75,2006
12125,71,0,71,2006
12127,2906,909,3815,2006
12129,571,0,571,2006
12131,1032,245,1277,2006
12133,125,0,125,2006
13001,9,0,9,2006
13003,0,0,0,2006
13005,2,0,2,2006
13007,0,0,0,2006
13009,192,236,428,2006
13011,137,0,137,2006
13013,1115,0,1115,2006
13015,1003,50,1053,2006
13017,39,2,41,2006
13019,75,0,75,2006
13021,636,0,636,2006
13023,41,0,41,2006
13025,3,0,3,2006
13027,8,0,8,2006
13029,550,18,568,2006
13031,867,48,915,2006
13033,67,0,67,2006
13035,176,35,211,2006
13037,1,0,1,2006
13039,619,0,619,2006
13043,12,2,14,2006
13045,1397,8,1405,2006
13047,475,106,581,2006
13049,52,0,52,2006
13051,2692,648,3340,2006
13053,18,0,18,2006
13055,9,0,9,2006
13057,3485,238,3723,2006
13059,469,472,941,2006
13061,15,0,15,2006
13063,2217,14,2231,2006
13065,16,0,16,2006
13067,3346,1172,4518,2006
13069,152,0,152,2006
13071,195,28,223,2006
13073,1379,14,1393,2006
13075,50,4,54,2006
13077,1835,12,1847,2006
13079,123,0,123,2006
13081,86,2,88,2006
13083,16,7,23,2006
13085,400,0,400,2006
13087,126,6,132,2006
13089,2867,1479,4346,2006
13091,51,6,57,2006
13093,18,0,18,2006
13095,186,80,266,2006
13097,1863,0,1863,2006
13099,28,0,28,2006
13101,5,0,5,2006
13103,951,0,951,2006
13105,114,4,118,2006
13107,4,37,41,2006
13109,59,0,59,2006
13111,548,0,548,2006
13113,651,0,651,2006
13115,391,74,465,2006
13117,4183,587,4770,2006
13119,27,6,33,2006
13121,9491,9153,18644,2006
13123,673,5,678,2006
13127,968,14,982,2006
13129,402,135,537,2006
13131,100,56,156,2006
13133,234,0,234,2006
13135,7886,1147,9033,2006
13137,513,17,530,2006
13139,1702,152,1854,2006
13141,72,9,81,2006
13143,141,0,141,2006
13145,430,0,430,2006
13147,195,17,212,2006
13149,38,0,38,2006
13151,2992,173,3165,2006
13153,1677,436,2113,2006
13155,0,0,0,2006
13157,1378,10,1388,2006
13159,156,0,156,2006
13161,0,0,0,2006
13163,38,0,38,2006
13165,21,0,21,2006
13167,0,0,0,2006
13169,237,2,239,2006
13171,162,10,172,2006
13173,110,8,118,2006
13175,39,0,39,2006
13177,359,0,359,2006
13179,259,12,271,2006
13181,43,0,43,2006
13185,1136,195,1331,2006
13187,495,0,495,2006
13189,57,0,57,2006
13191,241,0,241,2006
13193,26,0,26,2006
13195,248,0,248,2006
13197,0,0,0,2006
13199,130,0,130,2006
13201,2,0,2,2006
13205,51,48,99,2006
13207,557,4,561,2006
13209,25,0,25,2006
13211,229,0,229,2006
13213,278,65,343,2006
13215,710,392,1102,2006
13217,1678,0,1678,2006
13219,534,8,542,2006
13221,160,0,160,2006
13223,3238,128,3366,2006
13225,297,20,317,2006
13227,380,0,380,2006
13229,300,0,300,2006
13231,255,0,255,2006
13233,203,8,211,2006
13235,28,0,28,2006
13237,444,0,444,2006
13239,24,0,24,2006
13241,377,14,391,2006
13243,0,0,0,2006
13245,815,0,815,2006
13247,1010,24,1034,2006
13249,7,0,7,2006
13251,41,0,41,2006
13253,22,6,28,2006
13255,511,51,562,2006
13257,126,48,174,2006
13259,0,0,0,2006
13261,74,0,74,2006
13263,20,0,20,2006
13265,3,0,3,2006
13267,108,0,108,2006
13269,36,0,36,2006
13271,1,0,1,2006
13273,34,0,34,2006
13275,355,85,440,2006
13277,145,0,145,2006
13279,79,4,83,2006
13281,397,0,397,2006
13283,0,0,0,2006
13285,456,12,468,2006
13287,20,0,20,2006
13289,18,0,18,2006
13291,485,0,485,2006
13293,96,0,96,2006
13295,406,18,424,2006
13297,1321,58,1379,2006
13299,120,0,120,2006
13301,0,0,0,2006
13303,36,0,36,2006
13305,20,0,20,2006
13309,0,0,0,2006
13311,344,2,346,2006
13313,437,153,590,2006
13317,23,0,23,2006
13319,2,0,2,2006
13321,68,0,68,2006
15001,2306,298,2604,2006
15003,1727,879,2606,2006
15007,556,366,922,2006
15009,1008,390,1398,2006
16001,4104,722,4826,2006
16003,54,16,70,2006
16005,607,72,679,2006
16007,20,0,20,2006
16009,26,0,26,2006
16011,213,16,229,2006
16013,205,79,284,2006
16015,141,0,141,2006
16017,9,42,51,2006
16019,1035,161,1196,2006
16021,204,6,210,2006
16023,10,0,10,2006
16025,14,0,14,2006
16027,2963,183,3146,2006
16029,18,4,22,2006
16031,63,0,63,2006
16033,5,0,5,2006
16035,33,0,33,2006
16037,6,0,6,2006
16039,230,78,308,2006
16041,66,0,66,2006
16043,145,3,148,2006
16045,165,7,172,2006
16047,74,11,85,2006
16049,6,0,6,2006
16051,328,0,328,2006
16053,215,2,217,2006
16055,1208,391,1599,2006
16057,120,198,318,2006
16059,52,0,52,2006
16061,6,0,6,2006
16063,34,10,44,2006
16065,228,6,234,2006
16067,30,0,30,2006
16069,83,44,127,2006
16071,12,0,12,2006
16073,67,0,67,2006
16075,205,0,205,2006
16077,22,0,22,2006
16079,33,109,142,2006
16081,382,54,436,2006
16083,819,64,883,2006
16085,434,6,440,2006
16087,95,2,97,2006
17001,140,16,156,2006
17003,3,0,3,2006
17005,63,2,65,2006
17007,407,8,415,2006
17009,0,0,0,2006
17011,62,2,64,2006
17013,14,0,14,2006
17015,74,0,74,2006
17017,21,0,21,2006
17019,947,784,1731,2006
17021,65,0,65,2006
17023,14,16,30,2006
17025,1,0,1,2006
17027,207,6,213,2006
17029,101,0,101,2006
17031,5001,14885,19886,2006
17033,10,0,10,2006
17035,4,0,4,2006
17037,781,211,992,2006
17039,43,5,48,2006
17041,40,3,43,2006
17043,2216,962,3178,2006
17045,20,0,20,2006
17049,62,14,76,2006
17051,6,0,6,2006
17053,39,0,39,2006
17055,27,6,33,2006
17057,83,0,83,2006
17061,25,2,27,2006
17063,372,94,466,2006
17065,0,0,0,2006
17067,9,6,15,2006
17069,3,0,3,2006
17071,23,0,23,2006
17073,86,14,100,2006
17075,64,17,81,2006
17077,44,514,558,2006
17079,1,0,1,2006
17081,31,0,31,2006
17083,106,23,129,2006
17085,140,18,158,2006
17087,1,0,1,2006
17089,4390,133,4523,2006
17091,590,40,630,2006
17093,2034,224,2258,2006
17095,62,0,62,2006
17097,2261,244,2505,2006
17099,372,80,452,2006
17101,0,0,0,2006
17103,100,4,104,2006
17105,65,16,81,2006
17107,39,2,41,2006
17109,12,202,214,2006
17111,2357,277,2634,2006
17113,672,122,794,2006
17115,325,86,411,2006
17117,105,2,107,2006
17119,933,204,1137,2006
17121,19,4,23,2006
17123,49,0,49,2006
17125,18,0,18,2006
17127,53,3,56,2006
17129,38,0,38,2006
17131,28,0,28,2006
17133,249,15,264,2006
17135,23,0,23,2006
17137,19,62,81,2006
17139,36,0,36,2006
17141,247,12,259,2006
17143,481,228,709,2006
17145,0,0,0,2006
17147,58,0,58,2006
17149,39,0,39,2006
17151,0,0,0,2006
17153,10,0,10,2006
17155,36,0,36,2006
17157,63,21,84,2006
17159,14,0,14,2006
17161,199,134,333,2006
17163,1502,135,1637,2006
17165,0,0,0,2006
17167,596,219,815,2006
17173,100,0,100,2006
17175,4,0,4,2006
17177,72,18,90,2006
17179,457,139,596,2006
17181,47,0,47,2006
17183,35,0,35,2006
17185,11,8,19,2006
17187,18,0,18,2006
17189,34,0,34,2006
17191,35,0,35,2006
17193,2,0,2,2006
17195,90,5,95,2006
17197,5547,335,5882,2006
17199,247,59,306,2006
17201,1522,226,1748,2006
17203,232,32,264,2006
18001,90,16,106,2006
18003,1167,197,1364,2006
18005,281,0,281,2006
18007,11,0,11,2006
18009,12,2,14,2006
18011,446,92,538,2006
18013,98,0,98,2006
18015,55,38,93,2006
18017,45,0,45,2006
18019,658,93,751,2006
18021,24,24,48,2006
18023,49,0,49,2006
18025,0,0,0,2006
18027,97,0,97,2006
18029,201,61,262,2006
18031,102,50,152,2006
18033,153,4,157,2006
18035,153,55,208,2006
18037,85,4,89,2006
18039,889,34,923,2006
18041,27,0,27,2006
18043,287,37,324,2006
18045,11,0,11,2006
18047,79,0,79,2006
18049,64,56,120,2006
18051,125,6,131,2006
18053,84,2,86,2006
18057,3030,865,3895,2006
18059,564,30,594,2006
18061,148,0,148,2006
18063,1350,66,1416,2006
18065,62,0,62,2006
18067,112,2,114,2006
18069,94,0,94,2006
18071,143,15,158,2006
18073,234,10,244,2006
18075,17,0,17,2006
18077,101,2,103,2006
18079,107,6,113,2006
18081,1186,134,1320,2006
18083,3,0,3,2006
18085,391,110,501,2006
18087,232,0,232,2006
18089,1769,353,2122,2006
18091,375,7,382,2006
18093,21,0,21,2006
18095,314,14,328,2006
18097,2145,746,2891,2006
18099,122,18,140,2006
18101,3,2,5,2006
18103,50,0,50,2006
18105,546,86,632,2006
18107,85,0,85,2006
18109,233,61,294,2006
18111,72,0,72,2006
18113,165,6,171,2006
18115,32,0,32,2006
18117,12,28,40,2006
18119,105,0,105,2006
18121,50,2,52,2006
18123,37,0,37,2006
18125,35,0,35,2006
18127,926,126,1052,2006
18129,72,0,72,2006
18131,34,0,34,2006
18133,109,6,115,2006
18135,89,0,89,2006
18137,145,61,206,2006
18139,36,2,38,2006
18141,537,493,1030,2006
18143,74,64,138,2006
18145,159,21,180,2006
18147,72,0,72,2006
18149,181,0,181,2006
18151,207,0,207,2006
18153,15,0,15,2006
18155,117,0,117,2006
18157,654,160,814,2006
18159,56,24,80,2006
18161,13,0,13,2006
18163,479,111,590,2006
18165,34,0,34,2006
18167,213,157,370,2006
18169,39,0,39,2006
18171,42,4,46,2006
18173,462,45,507,2006
18175,73,2,75,2006
18177,81,4,85,2006
18179,58,9,67,2006
18181,72,2,74,2006
18183,151,6,157,2006
19001,15,0,15,2006
19003,7,0,7,2006
19005,71,36,107,2006
19007,24,0,24,2006
19009,4,0,4,2006
19011,70,0,70,2006
19013,385,122,507,2006
19015,83,7,90,2006
19017,76,0,76,2006
19019,19,5,24,2006
19021,22,0,22,2006
19023,35,0,35,2006
19025,17,0,17,2006
19027,55,0,55,2006
19029,13,0,13,2006
19031,71,2,73,2006
19033,106,34,140,2006
19035,7,0,7,2006
19037,8,4,12,2006
19039,15,0,15,2006
19041,32,2,34,2006
19043,61,2,63,2006
19045,126,18,144,2006
19047,19,12,31,2006
19049,579,72,651,2006
19051,6,0,6,2006
19053,9,2,11,2006
19055,18,0,18,2006
19057,28,8,36,2006
19059,150,98,248,2006
19061,363,48,411,2006
19063,9,10,19,2006
19065,12,40,52,2006
19067,26,0,26,2006
19069,6,0,6,2006
19071,19,0,19,2006
19073,12,0,12,2006
19075,60,2,62,2006
19077,33,62,95,2006
19079,12,0,12,2006
19081,19,4,23,2006
19083,11,0,11,2006
19085,24,0,24,2006
19087,36,0,36,2006
19089,12,0,12,2006
19091,14,0,14,2006
19093,8,0,8,2006
19095,14,0,14,2006
19097,54,35,89,2006
19099,87,13,100,2006
19101,24,3,27,2006
19103,693,334,1027,2006
19105,45,0,45,2006
19107,3,0,3,2006
19109,15,4,19,2006
19111,14,0,14,2006
19113,820,265,1085,2006
19115,36,0,36,2006
19117,0,0,0,2006
19119,57,0,57,2006
19121,134,0,134,2006
19123,24,4,28,2006
19125,137,18,155,2006
19127,67,10,77,2006
19129,22,2,24,2006
19131,8,2,10,2006
19133,27,0,27,2006
19135,15,0,15,2006
19137,12,2,14,2006
19139,101,48,149,2006
19141,23,2,25,2006
19143,7,2,9,2006
19145,26,0,26,2006
19147,20,0,20,2006
19149,89,0,89,2006
19151,8,0,8,2006
19153,2791,1081,3872,2006
19155,348,130,478,2006
19157,46,2,48,2006
19159,3,0,3,2006
19161,17,2,19,2006
19163,538,156,694,2006
19165,18,6,24,2006
19167,101,6,107,2006
19169,278,206,484,2006
19171,28,2,30,2006
19173,2,0,2,2006
19175,11,0,11,2006
19177,3,0,3,2006
19179,53,64,117,2006
19181,317,51,368,2006
19183,29,34,63,2006
19185,0,0,0,2006
19187,29,9,38,2006
19189,8,0,8,2006
19191,73,4,77,2006
19193,150,20,170,2006
19195,6,0,6,2006
19197,12,0,12,2006
20001,24,0,24,2006
20003,28,0,28,2006
20005,33,0,33,2006
20007,3,0,3,2006
20009,21,0,21,2006
20011,3,4,7,2006
20013,4,0,4,2006
20015,308,34,342,2006
20017,0,0,0,2006
20019,0,0,0,2006
20021,7,0,7,2006
20023,0,0,0,2006
20025,2,0,2,2006
20027,26,9,35,2006
20029,1,0,1,2006
20031,22,0,22,2006
20033,1,0,1,2006
20035,71,10,81,2006
20037,100,58,158,2006
20039,0,0,0,2006
20041,72,0,72,2006
20043,8,6,14,2006
20045,438,107,545,2006
20047,0,0,0,2006
20051,54,0,54,2006
20053,4,0,4,2006
20055,12,0,12,2006
20057,38,3,41,2006
20059,122,8,130,2006
20061,1264,422,1686,2006
20063,0,0,0,2006
20065,0,0,0,2006
20067,2,0,2,2006
20069,8,2,10,2006
20071,0,0,0,2006
20073,2,0,2,2006
20075,3,0,3,2006
20077,9,0,9,2006
20079,134,2,136,2006
20081,0,0,0,2006
20085,60,2,62,2006
20087,101,4,105,2006
20089,0,0,0,2006
20091,2508,1243,3751,2006
20093,3,0,3,2006
20095,3,0,3,2006
20097,0,0,0,2006
20099,18,0,18,2006
20101,0,0,0,2006
20103,472,7,479,2006
20105,3,0,3,2006
20107,47,0,47,2006
20109,0,0,0,2006
20111,55,28,83,2006
20113,98,0,98,2006
20115,29,41,70,2006
20117,13,0,13,2006
20119,1,0,1,2006
20121,213,8,221,2006
20123,4,0,4,2006
20125,20,2,22,2006
20127,12,2,14,2006
20129,5,0,5,2006
20131,8,0,8,2006
20133,6,0,6,2006
20135,0,0,0,2006
20137,12,0,12,2006
20139,71,0,71,2006
20141,1,0,1,2006
20143,17,0,17,2006
20145,1,0,1,2006
20147,2,0,2,2006
20149,256,10,266,2006
20151,5,0,5,2006
20153,0,0,0,2006
20155,119,40,159,2006
20157,0,0,0,2006
20159,12,0,12,2006
20161,443,413,856,2006
20163,5,0,5,2006
20165,5,0,5,2006
20167,3,0,3,2006
20169,147,0,147,2006
20171,1,0,1,2006
20173,2307,833,3140,2006
20175,46,2,48,2006
20177,562,99,661,2006
20181,2,4,6,2006
20183,3,8,11,2006
20185,0,0,0,2006
20187,3,0,3,2006
20189,8,0,8,2006
20191,38,0,38,2006
20193,2,0,2,2006
20195,0,0,0,2006
20197,21,0,21,2006
20199,2,0,2,2006
20201,1,0,1,2006
20203,1,0,1,2006
20205,5,0,5,2006
20207,6,2,8,2006
20209,523,73,596,2006
21001,0,0,0,2006
21005,162,2,164,2006
21009,259,16,275,2006
21011,10,0,10,2006
21013,32,0,32,2006
21015,937,76,1013,2006
21017,95,0,95,2006
21019,9,189,198,2006
21021,109,24,133,2006
21025,1,0,1,2006
21027,12,0,12,2006
21029,552,60,612,2006
21031,24,16,40,2006
21033,7,0,7,2006
21035,42,46,88,2006
21037,244,96,340,2006
21041,4,0,4,2006
21043,2,0,2,2006
21045,2,0,2,2006
21047,155,16,171,2006
21049,240,0,240,2006
21051,0,0,0,2006
21053,0,0,0,2006
21055,0,0,0,2006
21057,0,0,0,2006
21059,310,26,336,2006
21065,3,0,3,2006
21067,1521,559,2080,2006
21069,5,0,5,2006
21071,10,6,16,2006
21073,199,20,219,2006
21075,6,0,6,2006
21077,30,0,30,2006
21079,10,0,10,2006
21081,113,0,113,2006
21083,6,2,8,2006
21085,0,3,3,2006
21087,0,0,0,2006
21089,50,6,56,2006
21091,9,0,9,2006
21093,804,285,1089,2006
21095,0,0,0,2006
21097,78,2,80,2006
21099,48,0,48,2006
21101,134,96,230,2006
21103,61,8,69,2006
21107,166,10,176,2006
21109,0,0,0,2006
21111,1453,622,2075,2006
21113,405,22,427,2006
21115,0,0,0,2006
21117,839,164,1003,2006
21121,13,0,13,2006
21123,55,2,57,2006
21125,11,4,15,2006
21133,0,0,0,2006
21137,105,4,109,2006
21141,16,18,34,2006
21143,12,0,12,2006
21145,165,43,208,2006
21147,0,0,0,2006
21149,6,0,6,2006
21151,323,141,464,2006
21155,5,2,7,2006
21157,21,20,41,2006
21161,51,12,63,2006
21163,142,16,158,2006
21167,78,4,82,2006
21173,150,130,280,2006
21175,1,0,1,2006
21177,11,0,11,2006
21179,325,10,335,2006
21181,3,0,3,2006
21183,15,0,15,2006
21185,481,0,481,2006
21187,1,0,1,2006
21191,0,0,0,2006
21193,12,4,16,2006
21195,46,8,54,2006
21199,25,0,25,2006
21205,2,0,2,2006
21207,5,0,5,2006
21209,606,36,642,2006
21211,319,108,427,2006
21213,92,4,96,2006
21215,210,0,210,2006
21217,29,2,31,2006
21219,5,0,5,2006
21221,19,0,19,2006
21225,5,2,7,2006
21227,739,182,921,2006
21229,6,2,8,2006
21231,0,0,0,2006
21233,6,0,6,2006
21235,31,4,35,2006
21239,191,2,193,2006
22001,221,23,244,2006
22003,15,14,29,2006
22005,1901,0,1901,2006
22007,102,2,104,2006
22009,219,0,219,2006
22011,88,0,88,2006
22013,0,0,0,2006
22015,1038,54,1092,2006
22017,678,0,678,2006
22019,401,70,471,2006
22021,22,0,22,2006
22023,159,0,159,2006
22025,28,0,28,2006
22027,0,4,4,2006
22029,29,20,49,2006
22031,2,0,2,2006
22033,2004,2485,4489,2006
22035,8,0,8,2006
22037,3,0,3,2006
22039,85,12,97,2006
22041,62,4,66,2006
22043,69,0,69,2006
22045,282,241,523,2006
22047,112,0,112,2006
22049,1,0,1,2006
22051,707,9,716,2006
22053,151,14,165,2006
22055,1791,427,2218,2006
22057,458,60,518,2006
22059,13,0,13,2006
22061,124,2,126,2006
22063,1816,153,1969,2006
22065,14,0,14,2006
22067,38,2,40,2006
22069,173,0,173,2006
22071,468,355,823,2006
22073,516,152,668,2006
22075,99,3,102,2006
22077,121,0,121,2006
22079,882,0,882,2006
22081,0,0,0,2006
22083,123,0,123,2006
22085,0,0,0,2006
22087,125,4,129,2006
22089,574,16,590,2006
22091,60,0,60,2006
22093,185,40,225,2006
22095,283,24,307,2006
22097,422,57,479,2006
22099,264,8,272,2006
22101,94,4,98,2006
22103,2659,208,2867,2006
22105,1881,243,2124,2006
22107,12,0,12,2006
22109,635,0,635,2006
22111,165,50,215,2006
22113,322,17,339,2006
22115,18,38,56,2006
22117,578,23,601,2006
22119,104,18,122,2006
22121,299,9,308,2006
22123,3,0,3,2006
22125,98,0,98,2006
22127,2,0,2,2006
23000,205,0,205,2006
23001,304,16,320,2006
23003,162,10,172,2006
23005,1160,225,1385,2006
23007,215,2,217,2006
23009,364,34,398,2006
23011,514,165,679,2006
23013,207,2,209,2006
23015,199,18,217,2006
23017,402,4,406,2006
23019,610,99,709,2006
23021,87,0,87,2006
23023,211,16,227,2006
23025,115,0,115,2006
23027,191,6,197,2006
23029,158,2,160,2006
23031,1379,211,1590,2006
24001,120,0,120,2006
24003,1108,306,1414,2006
24005,1786,431,2217,2006
24009,305,0,305,2006
24011,190,4,194,2006
24013,507,4,511,2006
24015,403,2,405,2006
24017,1146,181,1327,2006
24019,274,126,400,2006
24021,1098,202,1300,2006
24023,287,0,287,2006
24025,1135,209,1344,2006
24027,1040,527,1567,2006
24029,194,0,194,2006
24031,1237,1794,3031,2006
24033,2918,115,3033,2006
24035,431,0,431,2006
24037,685,74,759,2006
24039,135,0,135,2006
24041,578,0,578,2006
24043,661,247,908,2006
24045,701,381,1082,2006
24047,587,484,1071,2006
24510,332,317,649,2006
25001,788,98,886,2006
25003,352,0,352,2006
25005,1030,285,1315,2006
25007,184,0,184,2006
25009,941,1252,2193,2006
25011,194,16,210,2006
25013,665,364,1029,2006
25015,360,59,419,2006
25017,1948,1410,3358,2006
25019,168,0,168,2006
25021,707,1519,2226,2006
25023,1209,574,1783,2006
25025,105,2667,2772,2006
25027,2265,420,2685,2006
26000,195,0,195,2006
26001,58,0,58,2006
26003,53,0,53,2006
26005,623,58,681,2006
26007,38,2,40,2006
26009,161,0,161,2006
26011,56,16,72,2006
26013,24,0,24,2006
26015,307,0,307,2006
26017,213,0,213,2006
26019,158,0,158,2006
26021,572,53,625,2006
26023,100,0,100,2006
26025,198,12,210,2006
26027,188,81,269,2006
26029,221,9,230,2006
26031,125,0,125,2006
26033,92,0,92,2006
26035,86,5,91,2006
26037,274,88,362,2006
26039,75,0,75,2006
26041,90,0,90,2006
26043,74,0,74,2006
26045,263,48,311,2006
26047,152,144,296,2006
26049,777,203,980,2006
26051,94,2,96,2006
26053,65,0,65,2006
26055,560,143,703,2006
26057,41,0,41,2006
26059,134,3,137,2006
26061,117,29,146,2006
26063,86,20,106,2006
26065,404,154,558,2006
26067,204,26,230,2006
26069,85,0,85,2006
26071,34,0,34,2006
26073,310,26,336,2006
26075,498,89,587,2006
26077,844,317,1161,2006
26079,82,48,130,2006
26081,1736,452,2188,2006
26083,23,0,23,2006
26085,105,0,105,2006
26087,222,0,222,2006
26089,190,0,190,2006
26091,358,44,402,2006
26093,679,6,685,2006
26095,50,0,50,2006
26097,131,0,131,2006
26099,2089,590,2679,2006
26101,50,0,50,2006
26103,204,82,286,2006
26105,140,18,158,2006
26107,157,12,169,2006
26109,115,0,115,2006
26111,175,4,179,2006
26113,51,2,53,2006
26115,560,112,672,2006
26117,187,18,205,2006
26119,47,0,47,2006
26121,425,55,480,2006
26123,188,0,188,2006
26125,1984,478,2462,2006
26127,187,50,237,2006
26129,147,36,183,2006
26131,19,0,19,2006
26133,80,0,80,2006
26135,59,0,59,2006
26137,73,10,83,2006
26139,1204,161,1365,2006
26141,71,0,71,2006
26143,116,0,116,2006
26145,236,34,270,2006
26147,438,0,438,2006
26149,137,0,137,2006
26151,93,0,93,2006
26153,45,0,45,2006
26155,123,2,125,2006
26157,79,32,111,2006
26159,251,27,278,2006
26161,627,148,775,2006
26163,2056,378,2434,2006
26165,144,82,226,2006
27001,264,3,267,2006
27003,1427,44,1471,2006
27005,237,20,257,2006
27007,132,25,157,2006
27009,266,0,266,2006
27011,15,0,15,2006
27013,327,135,462,2006
27015,74,26,100,2006
27017,180,54,234,2006
27019,599,212,811,2006
27021,422,0,422,2006
27023,19,0,19,2006
27025,259,0,259,2006
27027,467,191,658,2006
27029,9,0,9,2006
27031,120,0,120,2006
27033,11,10,21,2006
27035,704,42,746,2006
27037,1250,322,1572,2006
27039,96,0,96,2006
27041,306,0,306,2006
27043,27,0,27,2006
27045,90,0,90,2006
27047,33,8,41,2006
27049,204,0,204,2006
27051,13,0,13,2006
27053,2255,2258,4513,2006
27055,58,0,58,2006
27057,72,0,72,2006
27059,249,131,380,2006
27061,281,107,388,2006
27063,26,0,26,2006
27065,79,0,79,2006
27067,138,20,158,2006
27069,6,0,6,2006
27071,68,2,70,2006
27073,11,0,11,2006
27075,103,0,103,2006
27077,30,2,32,2006
27079,129,0,129,2006
27081,10,0,10,2006
27083,59,6,65,2006
27085,160,2,162,2006
27087,0,0,0,2006
27089,7,0,7,2006
27091,19,0,19,2006
27093,99,9,108,2006
27095,186,2,188,2006
27097,244,52,296,2006
27099,81,62,143,2006
27101,25,0,25,2006
27103,127,17,144,2006
27105,30,24,54,2006
27107,15,0,15,2006
27109,645,248,893,2006
27111,119,24,143,2006
27113,22,0,22,2006
27115,136,4,140,2006
27117,25,0,25,2006
27119,43,0,43,2006
27121,76,2,78,2006
27123,402,551,953,2006
27125,2,0,2,2006
27127,22,0,22,2006
27129,19,0,19,2006
27131,412,115,527,2006
27133,18,2,20,2006
27135,12,0,12,2006
27137,591,190,781,2006
27139,1019,124,1143,2006
27141,722,0,722,2006
27143,39,0,39,2006
27145,834,167,1001,2006
27147,204,68,272,2006
27149,19,39,58,2006
27151,20,0,20,2006
27153,121,0,121,2006
27155,5,0,5,2006
27157,103,17,120,2006
27159,48,0,48,2006
27161,76,0,76,2006
27163,1584,99,1683,2006
27165,15,0,15,2006
27167,15,0,15,2006
27169,102,5,107,2006
27171,1299,10,1309,2006
27173,14,0,14,2006
28001,3,0,3,2006
28003,33,4,37,2006
28005,1,0,1,2006
28007,14,48,62,2006
28009,0,0,0,2006
28011,54,0,54,2006
28013,2,0,2,2006
28017,9,0,9,2006
28019,1,0,1,2006
28021,0,0,0,2006
28023,6,0,6,2006
28025,1,0,1,2006
28027,76,0,76,2006
28029,8,0,8,2006
28031,1,0,1,2006
28033,2529,496,3025,2006
28035,219,226,445,2006
28037,0,0,0,2006
28039,5,0,5,2006
28041,0,0,0,2006
28043,41,8,49,2006
28045,1261,54,1315,2006
28047,2136,508,2644,2006
28049,779,190,969,2006
28051,9,2,11,2006
28053,9,0,9,2006
28055,0,0,0,2006
28057,11,0,11,2006
28059,1279,257,1536,2006
28061,4,0,4,2006
28063,1,0,1,2006
28065,0,0,0,2006
28067,45,0,45,2006
28071,193,44,237,2006
28073,12,0,12,2006
28075,414,73,487,2006
28077,1,0,1,2006
28079,12,0,12,2006
28081,256,0,256,2006
28083,38,202,240,2006
28085,11,0,11,2006
28087,232,2,234,2006
28089,1129,0,1129,2006
28091,9,0,9,2006
28093,326,0,326,2006
28095,20,0,20,2006
28097,11,64,75,2006
28099,26,120,146,2006
28101,2,0,2,2006
28103,1,0,1,2006
28105,68,4,72,2006
28107,65,0,65,2006
28109,533,17,550,2006
28111,0,0,0,2006
28113,67,76,143,2006
28115,24,10,34,2006
28117,29,13,42,2006
28119,5,0,5,2006
28121,1554,8,1562,2006
28123,9,0,9,2006
28125,1,0,1,2006
28127,54,0,54,2006
28129,8,0,8,2006
28131,20,6,26,2006
28133,18,33,51,2006
28135,11,0,11,2006
28137,204,0,204,2006
28139,30,0,30,2006
28141,4,0,4,2006
28143,49,0,49,2006
28145,40,0,40,2006
28147,4,0,4,2006
28149,31,0,31,2006
28151,27,12,39,2006
28153,6,0,6,2006
28155,8,3,11,2006
28157,0,0,0,2006
28159,5,0,5,2006
28161,30,0,30,2006
28163,4,0,4,2006
29001,27,18,45,2006
29003,19,0,19,2006
29005,1,0,1,2006
29007,30,2,32,2006
29009,47,33,80,2006
29011,7,0,7,2006
29013,19,4,23,2006
29015,7,2,9,2006
29017,0,0,0,2006
29019,945,987,1932,2006
29021,147,41,188,2006
29023,27,0,27,2006
29025,24,0,24,2006
29027,158,0,158,2006
29029,112,125,237,2006
29031,138,99,237,2006
29033,18,0,18,2006
29035,0,0,0,2006
29037,870,84,954,2006
29039,8,3,11,2006
29041,1,0,1,2006
29043,1026,415,1441,2006
29045,6,0,6,2006
29047,420,22,442,2006
29049,138,2,140,2006
29051,234,106,340,2006
29053,29,0,29,2006
29055,21,10,31,2006
29057,0,0,0,2006
29059,22,14,36,2006
29061,2,0,2,2006
29063,7,0,7,2006
29065,10,0,10,2006
29067,29,2,31,2006
29069,18,0,18,2006
29071,551,127,678,2006
29073,25,0,25,2006
29075,6,0,6,2006
29077,1825,1164,2989,2006
29079,19,0,19,2006
29081,3,0,3,2006
29083,22,24,46,2006
29087,7,0,7,2006
29089,4,0,4,2006
29091,70,22,92,2006
29093,1,0,1,2006
29095,2771,2972,5743,2006
29097,347,119,466,2006
29099,1288,63,1351,2006
29101,255,80,335,2006
29103,0,0,0,2006
29105,71,59,130,2006
29107,113,16,129,2006
29109,45,0,45,2006
29111,2,0,2,2006
29113,202,28,230,2006
29115,4,4,8,2006
29117,42,16,58,2006
29119,10,14,24,2006
29121,14,0,14,2006
29123,4,18,22,2006
29125,5,5,10,2006
29127,44,10,54,2006
29129,1,0,1,2006
29131,10,2,12,2006
29133,10,0,10,2006
29135,5,0,5,2006
29137,43,0,43,2006
29139,80,7,87,2006
29141,2,0,2,2006
29143,22,0,22,2006
29145,62,0,62,2006
29147,92,4,96,2006
29149,3,0,3,2006
29151,0,0,0,2006
29153,3,0,3,2006
29155,18,0,18,2006
29157,26,10,36,2006
29159,40,14,54,2006
29161,110,167,277,2006
29163,26,0,26,2006
29165,404,52,456,2006
29167,86,0,86,2006
29169,126,24,150,2006
29171,7,0,7,2006
29173,3,0,3,2006
29175,27,2,29,2006
29177,70,0,70,2006
29179,2,0,2,2006
29181,0,4,4,2006
29183,2758,710,3468,2006
29185,11,0,11,2006
29186,24,4,28,2006
29187,160,226,386,2006
29189,1431,245,1676,2006
29195,23,4,27,2006
29197,13,0,13,2006
29199,1,0,1,2006
29201,84,0,84,2006
29203,0,0,0,2006
29205,2,0,2,2006
29207,40,0,40,2006
29209,292,54,346,2006
29211,4,0,4,2006
29213,591,818,1409,2006
29215,7,0,7,2006
29217,18,4,22,2006
29219,389,3,392,2006
29221,0,0,0,2006
29225,130,76,206,2006
29227,0,0,0,2006
29229,13,0,13,2006
29510,340,106,446,2006
30001,10,5,15,2006
30003,8,0,8,2006
30005,1,0,1,2006
30007,7,0,7,2006
30009,41,9,50,2006
30011,0,0,0,2006
30013,309,11,320,2006
30015,0,25,25,2006
30017,5,3,8,2006
30019,2,0,2,2006
30021,3,0,3,2006
30023,27,0,27,2006
30025,0,0,0,2006
30027,1,0,1,2006
30029,422,117,539,2006
30031,1064,686,1750,2006
30033,0,0,0,2006
30035,0,0,0,2006
30037,0,0,0,2006
30039,0,0,0,2006
30041,19,0,19,2006
30043,2,0,2,2006
30045,0,0,0,2006
30047,91,32,123,2006
30049,102,76,178,2006
30051,0,0,0,2006
30053,3,3,6,2006
30055,0,0,0,2006
30057,7,0,7,2006
30059,0,0,0,2006
30061,2,0,2,2006
30063,403,115,518,2006
30065,2,0,2,2006
30067,48,5,53,2006
30069,0,0,0,2006
30071,0,0,0,2006
30073,2,0,2,2006
30075,0,0,0,2006
30077,0,0,0,2006
30079,0,0,0,2006
30081,76,3,79,2006
30083,18,0,18,2006
30085,3,0,3,2006
30087,2,0,2,2006
30089,0,0,0,2006
30091,0,0,0,2006
30093,60,0,60,2006
30095,9,0,9,2006
30097,4,7,11,2006
30099,10,0,10,2006
30101,3,0,3,2006
30103,0,0,0,2006
30105,1,0,1,2006
30107,0,0,0,2006
30109,3,0,3,2006
30111,635,40,675,2006
31001,144,8,152,2006
31003,27,0,27,2006
31011,11,0,11,2006
31013,4,2,6,2006
31015,0,0,0,2006
31017,5,0,5,2006
31019,170,20,190,2006
31021,15,0,15,2006
31023,4,2,6,2006
31025,99,6,105,2006
31027,18,2,20,2006
31029,5,0,5,2006
31031,21,0,21,2006
31033,19,48,67,2006
31035,11,0,11,2006
31037,9,0,9,2006
31039,12,0,12,2006
31041,8,0,8,2006
31043,28,0,28,2006
31045,7,0,7,2006
31047,35,0,35,2006
31049,0,0,0,2006
31051,5,0,5,2006
31053,50,21,71,2006
31055,2020,1023,3043,2006
31057,0,0,0,2006
31059,6,0,6,2006
31061,3,0,3,2006
31063,2,0,2,2006
31065,3,0,3,2006
31067,30,2,32,2006
31069,7,0,7,2006
31071,2,0,2,2006
31073,5,0,5,2006
31077,0,0,0,2006
31079,115,130,245,2006
31081,28,0,28,2006
31083,7,0,7,2006
31085,0,0,0,2006
31087,4,0,4,2006
31089,8,0,8,2006
31091,2,0,2,2006
31093,31,0,31,2006
31095,21,0,21,2006
31097,2,0,2,2006
31099,5,0,5,2006
31101,15,18,33,2006
31103,3,0,3,2006
31105,1,0,1,2006
31107,28,0,28,2006
31109,1122,226,1348,2006
31111,127,0,127,2006
31115,0,0,0,2006
31119,87,11,98,2006
31121,25,5,30,2006
31123,0,0,0,2006
31125,7,0,7,2006
31127,14,2,16,2006
31129,0,0,0,2006
31131,55,0,55,2006
31133,1,0,1,2006
31135,0,0,0,2006
31137,8,0,8,2006
31139,25,0,25,2006
31141,67,4,71,2006
31143,4,0,4,2006
31145,8,0,8,2006
31147,5,0,5,2006
31149,3,0,3,2006
31151,28,34,62,2006
31153,1482,94,1576,2006
31155,120,12,132,2006
31157,40,4,44,2006
31159,76,0,76,2006
31161,4,0,4,2006
31163,7,0,7,2006
31165,7,0,7,2006
31167,19,0,19,2006
31169,7,0,7,2006
31173,32,0,32,2006
31175,4,0,4,2006
31177,84,0,84,2006
31179,5,2,7,2006
31181,4,0,4,2006
31183,0,0,0,2006
31185,22,0,22,2006
32001,222,37,259,2006
32003,21590,12138,33728,2006
32005,588,2,590,2006
32007,172,76,248,2006
32013,61,0,61,2006
32015,4,0,4,2006
32017,22,0,22,2006
32019,562,62,624,2006
32021,5,0,5,2006
32027,10,0,10,2006
32029,33,0,33,2006
32031,3312,325,3637,2006
32033,31,6,37,2006
32510,110,77,187,2006
33001,388,67,455,2006
33003,395,0,395,2006
33005,276,24,300,2006
33007,116,10,126,2006
33009,532,82,614,2006
33011,1085,261,1346,2006
33013,567,74,641,2006
33015,801,234,1035,2006
33017,456,93,549,2006
33019,210,6,216,2006
34001,1536,357,1893,2006
34003,1096,1068,2164,2006
34005,996,1788,2784,2006
34007,872,311,1183,2006
34009,774,806,1580,2006
34011,693,44,737,2006
34013,654,2630,3284,2006
34015,1021,120,1141,2006
34017,277,3998,4275,2006
34019,305,45,350,2006
34021,578,269,847,2006
34023,1177,1390,2567,2006
34025,1517,1303,2820,2006
34027,791,879,1670,2006
34029,2079,35,2114,2006
34031,375,475,850,2006
34033,197,101,298,2006
34035,623,435,1058,2006
34037,551,52,603,2006
34039,549,1044,1593,2006
34041,452,60,512,2006
35000,1865,0,1865,2006
35001,3833,757,4590,2006
35005,66,0,66,2006
35007,40,43,83,2006
35009,249,0,249,2006
35013,2070,315,2385,2006
35015,96,0,96,2006
35025,58,10,68,2006
35027,196,9,205,2006
35028,44,0,44,2006
35029,118,2,120,2006
35031,38,0,38,2006
35035,200,25,225,2006
35039,13,0,13,2006
35041,38,27,65,2006
35043,1935,3,1938,2006
35045,435,8,443,2006
35049,417,0,417,2006
35051,2,0,2,2006
35053,25,24,49,2006
35055,262,56,318,2006
35061,294,0,294,2006
36001,425,100,525,2006
36003,61,0,61,2006
36005,74,4584,4658,2006
36007,201,0,201,2006
36009,180,41,221,2006
36011,127,4,131,2006
36013,190,15,205,2006
36015,72,19,91,2006
36017,79,52,131,2006
36019,172,57,229,2006
36021,224,122,346,2006
36023,55,3,58,2006
36025,131,3,134,2006
36027,736,124,860,2006
36029,969,494,1463,2006
36031,134,0,134,2006
36033,144,8,152,2006
36035,122,0,122,2006
36037,71,14,85,2006
36039,323,6,329,2006
36041,62,2,64,2006
36043,206,7,213,2006
36045,413,42,455,2006
36047,113,9078,9191,2006
36049,115,0,115,2006
36051,131,14,145,2006
36053,213,4,217,2006
36055,1211,241,1452,2006
36057,76,0,76,2006
36059,1291,161,1452,2006
36061,2,8788,8790,2006
36063,504,56,560,2006
36065,360,65,425,2006
36067,947,283,1230,2006
36069,379,66,445,2006
36071,1033,307,1340,2006
36073,44,0,44,2006
36075,223,4,227,2006
36077,14,2,16,2006
36079,129,14,143,2006
36081,288,6964,7252,2006
36083,362,148,510,2006
36085,437,599,1036,2006
36087,307,395,702,2006
36089,243,4,247,2006
36091,802,185,987,2006
36093,151,86,237,2006
36095,96,95,191,2006
36097,61,0,61,2006
36099,31,2,33,2006
36101,163,28,191,2006
36103,2410,163,2573,2006
36105,554,189,743,2006
36107,102,0,102,2006
36109,162,145,307,2006
36111,531,71,602,2006
36113,350,130,480,2006
36115,221,8,229,2006
36117,196,6,202,2006
36119,434,403,837,2006
36121,57,0,57,2006
36123,67,0,67,2006
37001,1688,300,1988,2006
37003,179,0,179,2006
37005,144,0,144,2006
37007,48,6,54,2006
37009,351,0,351,2006
37011,231,138,369,2006
37013,178,40,218,2006
37015,23,0,23,2006
37017,110,4,114,2006
37019,4129,289,4418,2006
37021,2026,223,2249,2006
37023,303,12,315,2006
37025,2701,0,2701,2006
37027,319,0,319,2006
37029,113,0,113,2006
37031,637,120,757,2006
37033,79,0,79,2006
37035,688,52,740,2006
37037,604,2,606,2006
37039,540,0,540,2006
37041,105,0,105,2006
37043,276,0,276,2006
37045,319,2,321,2006
37047,94,6,100,2006
37049,1021,36,1057,2006
37051,2501,928,3429,2006
37053,308,0,308,2006
37055,418,52,470,2006
37057,1070,33,1103,2006
37059,369,6,375,2006
37061,119,0,119,2006
37063,2119,903,3022,2006
37065,36,9,45,2006
37067,2793,219,3012,2006
37069,580,0,580,2006
37071,1417,20,1437,2006
37073,89,0,89,2006
37075,71,0,71,2006
37077,520,42,562,2006
37079,29,0,29,2006
37081,3753,1564,5317,2006
37083,147,41,188,2006
37085,1383,0,1383,2006
37087,492,272,764,2006
37089,1010,65,1075,2006
37091,54,0,54,2006
37093,686,0,686,2006
37095,63,0,63,2006
37097,1812,464,2276,2006
37099,560,259,819,2006
37101,2002,43,2045,2006
37103,44,0,44,2006
37105,384,168,552,2006
37107,76,8,84,2006
37109,801,0,801,2006
37111,216,34,250,2006
37113,342,0,342,2006
37115,222,0,222,2006
37117,29,0,29,2006
37119,9287,4389,13676,2006
37121,54,0,54,2006
37123,117,0,117,2006
37125,965,66,1031,2006
37127,649,8,657,2006
37129,1482,529,2011,2006
37131,71,0,71,2006
37133,1690,355,2045,2006
37135,514,8,522,2006
37137,118,0,118,2006
37139,310,2,312,2006
37141,594,84,678,2006
37143,159,0,159,2006
37145,223,0,223,2006
37147,1548,743,2291,2006
37149,191,0,191,2006
37151,632,57,689,2006
37153,242,55,297,2006
37155,311,0,311,2006
37157,275,136,411,2006
37159,647,0,647,2006
37161,441,0,441,2006
37163,173,0,173,2006
37165,49,8,57,2006
37167,376,85,461,2006
37169,175,24,199,2006
37171,295,0,295,2006
37173,216,0,216,2006
37175,233,0,233,2006
37177,11,0,11,2006
37179,3953,12,3965,2006
37181,105,0,105,2006
37183,10939,4148,15087,2006
37185,149,0,149,2006
37187,29,0,29,2006
37189,568,54,622,2006
37191,514,8,522,2006
37193,262,0,262,2006
37195,368,152,520,2006
37197,201,0,201,2006
37199,115,24,139,2006
38001,8,0,8,2006
38003,20,27,47,2006
38005,0,0,0,2006
38007,0,0,0,2006
38009,0,0,0,2006
38011,3,0,3,2006
38013,0,0,0,2006
38015,529,162,691,2006
38017,816,453,1269,2006
38019,0,2,2,2006
38021,2,8,10,2006
38023,0,4,4,2006
38025,6,8,14,2006
38027,0,0,0,2006
38029,2,0,2,2006
38031,1,0,1,2006
38033,3,0,3,2006
38035,200,243,443,2006
38037,0,0,0,2006
38039,0,0,0,2006
38041,0,0,0,2006
38043,3,0,3,2006
38045,2,0,2,2006
38047,0,0,0,2006
38049,8,0,8,2006
38051,1,0,1,2006
38053,8,0,8,2006
38055,50,0,50,2006
38057,7,0,7,2006
38059,170,132,302,2006
38061,13,0,13,2006
38063,2,0,2,2006
38065,0,0,0,2006
38067,1,0,1,2006
38069,4,0,4,2006
38071,3,0,3,2006
38073,2,0,2,2006
38075,1,0,1,2006
38077,45,12,57,2006
38079,0,0,0,2006
38081,14,0,14,2006
38083,7,0,7,2006
38085,0,0,0,2006
38087,0,0,0,2006
38089,79,21,100,2006
38091,0,8,8,2006
38093,34,44,78,2006
38095,0,0,0,2006
38097,18,0,18,2006
38099,7,2,9,2006
38101,149,106,255,2006
38103,1,0,1,2006
38105,78,0,78,2006
39001,0,0,0,2006
39003,184,9,193,2006
39005,133,8,141,2006
39007,227,0,227,2006
39009,26,71,97,2006
39011,166,27,193,2006
39013,23,24,47,2006
39015,164,106,270,2006
39017,1495,176,1671,2006
39019,5,0,5,2006
39021,106,0,106,2006
39023,190,10,200,2006
39025,785,187,972,2006
39027,168,10,178,2006
39029,115,10,125,2006
39031,4,0,4,2006
39033,39,0,39,2006
39035,1246,241,1487,2006
39037,100,0,100,2006
39039,114,66,180,2006
39041,1165,82,1247,2006
39043,172,24,196,2006
39045,576,28,604,2006
39047,169,2,171,2006
39049,2707,1932,4639,2006
39051,87,4,91,2006
39053,0,0,0,2006
39055,258,0,258,2006
39057,651,93,744,2006
39059,72,0,72,2006
39061,993,993,1986,2006
39063,828,33,861,2006
39065,67,0,67,2006
39067,3,0,3,2006
39069,68,0,68,2006
39071,94,41,135,2006
39073,10,17,27,2006
39075,9,0,9,2006
39077,101,102,203,2006
39079,87,3,90,2006
39081,9,0,9,2006
39083,267,70,337,2006
39085,810,48,858,2006
39087,19,0,19,2006
39089,529,165,694,2006
39091,156,61,217,2006
39093,1338,82,1420,2006
39095,831,107,938,2006
39097,120,4,124,2006
39099,386,16,402,2006
39101,136,252,388,2006
39103,890,281,1171,2006
39105,19,0,19,2006
39107,78,6,84,2006
39109,277,0,277,2006
39111,0,0,0,2006
39113,841,188,1029,2006
39115,47,0,47,2006
39117,169,22,191,2006
39119,2,63,65,2006
39121,33,0,33,2006
39123,291,9,300,2006
39125,35,0,35,2006
39127,87,2,89,2006
39129,104,2,106,2006
39131,76,0,76,2006
39133,517,64,581,2006
39135,70,11,81,2006
39137,76,12,88,2006
39139,202,29,231,2006
39141,41,0,41,2006
39143,102,10,112,2006
39145,3,51,54,2006
39147,49,42,91,2006
39149,190,32,222,2006
39151,941,64,1005,2006
39153,1229,399,1628,2006
39155,242,62,304,2006
39157,115,26,141,2006
39159,271,0,271,2006
39161,44,3,47,2006
39163,0,0,0,2006
39165,1524,152,1676,2006
39167,34,0,34,2006
39169,304,44,348,2006
39171,113,8,121,2006
39173,452,199,651,2006
39175,38,23,61,2006
40001,4,4,8,2006
40003,0,0,0,2006
40005,7,0,7,2006
40007,2,0,2,2006
40009,68,0,68,2006
40011,3,0,3,2006
40013,55,360,415,2006
40015,7,0,7,2006
40017,610,52,662,2006
40019,95,0,95,2006
40021,65,6,71,2006
40023,5,0,5,2006
40025,0,0,0,2006
40027,1227,194,1421,2006
40029,1,0,1,2006
40031,308,274,582,2006
40033,3,0,3,2006
40035,2,0,2,2006
40037,228,0,228,2006
40039,60,0,60,2006
40041,102,23,125,2006
40043,0,0,0,2006
40045,3,0,3,2006
40047,97,36,133,2006
40049,15,0,15,2006
40051,92,0,92,2006
40053,0,0,0,2006
40055,19,0,19,2006
40059,1,0,1,2006
40061,7,0,7,2006
40063,4,0,4,2006
40065,49,0,49,2006
40067,0,3,3,2006
40069,4,0,4,2006
40071,38,25,63,2006
40073,31,0,31,2006
40075,0,0,0,2006
40077,1,0,1,2006
40079,69,0,69,2006
40081,21,3,24,2006
40083,30,0,30,2006
40085,1,0,1,2006
40087,254,10,264,2006
40089,30,0,30,2006
40091,19,0,19,2006
40093,1,0,1,2006
40095,5,0,5,2006
40097,20,0,20,2006
40099,15,0,15,2006
40101,128,14,142,2006
40103,3,0,3,2006
40105,5,2,7,2006
40107,5,0,5,2006
40109,4741,199,4940,2006
40111,4,0,4,2006
40113,247,0,247,2006
40115,18,2,20,2006
40117,8,0,8,2006
40119,247,97,344,2006
40121,59,9,68,2006
40123,34,58,92,2006
40125,156,2,158,2006
40127,1,0,1,2006
40129,0,0,0,2006
40131,611,0,611,2006
40133,11,10,21,2006
40135,63,14,77,2006
40137,74,0,74,2006
40139,14,0,14,2006
40141,3,0,3,2006
40143,3044,351,3395,2006
40145,688,0,688,2006
40147,213,4,217,2006
40149,4,0,4,2006
40151,4,0,4,2006
40153,25,0,25,2006
41000,265,0,265,2006
41001,66,0,66,2006
41003,301,54,355,2006
41005,2212,570,2782,2006
41007,240,108,348,2006
41009,255,29,284,2006
41011,69,63,132,2006
41013,338,51,389,2006
41015,135,8,143,2006
41017,3073,211,3284,2006
41019,397,18,415,2006
41025,32,0,32,2006
41027,141,44,185,2006
41029,1067,266,1333,2006
41031,117,0,117,2006
41033,543,84,627,2006
41035,443,6,449,2006
41037,32,0,32,2006
41039,1299,409,1708,2006
41041,401,46,447,2006
41043,783,108,891,2006
41045,65,6,71,2006
41047,1444,526,1970,2006
41049,30,0,30,2006
41051,1756,2431,4187,2006
41053,285,98,383,2006
41057,390,37,427,2006
41059,131,44,175,2006
41061,64,11,75,2006
41067,2773,1508,4281,2006
41071,712,28,740,2006
42001,541,0,541,2006
42003,1738,358,2096,2006
42005,85,52,137,2006
42007,256,28,284,2006
42009,108,0,108,2006
42011,1063,110,1173,2006
42013,188,5,193,2006
42015,104,0,104,2006
42017,1470,82,1552,2006
42019,699,658,1357,2006
42021,175,57,232,2006
42023,5,0,5,2006
42025,593,6,599,2006
42027,624,54,678,2006
42029,2229,298,2527,2006
42031,79,0,79,2006
42033,161,16,177,2006
42035,105,0,105,2006
42037,172,5,177,2006
42039,147,45,192,2006
42041,1032,67,1099,2006
42043,753,77,830,2006
42045,761,57,818,2006
42047,48,24,72,2006
42049,604,96,700,2006
42051,81,22,103,2006
42053,3,0,3,2006
42055,779,90,869,2006
42057,75,0,75,2006
42059,73,0,73,2006
42061,119,0,119,2006
42063,193,48,241,2006
42065,97,3,100,2006
42067,84,0,84,2006
42069,487,30,517,2006
42071,1705,182,1887,2006
42073,119,0,119,2006
42075,562,2,564,2006
42077,1346,55,1401,2006
42079,768,104,872,2006
42081,288,12,300,2006
42083,51,0,51,2006
42085,219,31,250,2006
42087,75,0,75,2006
42089,1399,38,1437,2006
42091,1911,701,2612,2006
42093,61,2,63,2006
42095,1469,163,1632,2006
42097,162,4,166,2006
42099,101,0,101,2006
42101,448,1716,2164,2006
42103,1005,0,1005,2006
42105,47,0,47,2006
42107,411,73,484,2006
42109,128,2,130,2006
42111,98,16,114,2006
42113,48,0,48,2006
42115,113,0,113,2006
42117,106,5,111,2006
42119,122,0,122,2006
42121,96,0,96,2006
42123,63,15,78,2006
42125,672,58,730,2006
42127,409,14,423,2006
42129,836,90,926,2006
42131,85,0,85,2006
42133,2467,436,2903,2006
44001,55,33,88,2006
44003,234,64,298,2006
44005,183,77,260,2006
44007,710,381,1091,2006
44009,619,14,633,2006
45001,61,0,61,2006
45003,1142,4,1146,2006
45005,0,0,0,2006
45007,1219,377,1596,2006
45009,13,0,13,2006
45011,22,0,22,2006
45013,3269,179,3448,2006
45015,1976,36,2012,2006
45017,52,0,52,2006
45019,3958,1389,5347,2006
45021,141,0,141,2006
45023,123,0,123,2006
45025,95,0,95,2006
45027,167,0,167,2006
45029,149,20,169,2006
45031,172,0,172,2006
45033,48,0,48,2006
45035,1370,344,1714,2006
45037,141,0,141,2006
45039,92,0,92,2006
45041,730,0,730,2006
45043,642,114,756,2006
45045,4307,188,4495,2006
45047,185,0,185,2006
45049,48,0,48,2006
45051,6484,3851,10335,2006
45053,287,0,287,2006
45055,522,0,522,2006
45057,359,48,407,2006
45059,138,0,138,2006
45061,92,0,92,2006
45063,2554,594,3148,2006
45065,54,0,54,2006
45067,58,0,58,2006
45069,23,0,23,2006
45071,148,48,196,2006
45073,849,2,851,2006
45075,274,76,350,2006
45077,535,358,893,2006
45079,3232,1029,4261,2006
45081,42,0,42,2006
45083,2156,0,2156,2006
45085,760,8,768,2006
45087,35,0,35,2006
45089,59,0,59,2006
45091,2892,436,3328,2006
46003,4,0,4,2006
46005,52,0,52,2006
46007,0,2,2,2006
46009,10,0,10,2006
46011,192,29,221,2006
46013,95,18,113,2006
46015,13,0,13,2006
46019,80,11,91,2006
46021,2,0,2,2006
46023,9,0,9,2006
46025,18,5,23,2006
46027,39,49,88,2006
46029,118,18,136,2006
46031,0,0,0,2006
46033,76,30,106,2006
46035,61,15,76,2006
46037,32,0,32,2006
46039,21,0,21,2006
46041,3,0,3,2006
46043,1,0,1,2006
46045,17,0,17,2006
46047,5,0,5,2006
46049,0,4,4,2006
46051,24,2,26,2006
46053,5,0,5,2006
46055,3,0,3,2006
46057,36,0,36,2006
46059,16,0,16,2006
46061,8,0,8,2006
46063,0,0,0,2006
46065,40,4,44,2006
46067,8,10,18,2006
46069,2,0,2,2006
46071,0,0,0,2006
46073,8,0,8,2006
46075,5,0,5,2006
46077,18,0,18,2006
46079,45,0,45,2006
46081,246,20,266,2006
46083,290,175,465,2006
46085,6,0,6,2006
46087,24,0,24,2006
46089,2,0,2,2006
46091,16,0,16,2006
46093,118,0,118,2006
46095,6,0,6,2006
46097,3,0,3,2006
46099,1304,498,1802,2006
46101,25,0,25,2006
46103,595,243,838,2006
46105,1,4,5,2006
46107,1,0,1,2006
46109,25,2,27,2006
46111,19,0,19,2006
46115,13,4,17,2006
46117,17,0,17,2006
46119,10,0,10,2006
46121,2,100,102,2006
46123,0,0,0,2006
46125,28,4,32,2006
46127,93,14,107,2006
46129,7,0,7,2006
46135,96,30,126,2006
47001,320,20,340,2006
47003,374,0,374,2006
47005,5,0,5,2006
47009,848,102,950,2006
47011,631,52,683,2006
47013,40,0,40,2006
47015,9,0,9,2006
47017,11,0,11,2006
47019,167,20,187,2006
47021,287,8,295,2006
47023,45,0,45,2006
47025,143,30,173,2006
47029,4,0,4,2006
47031,508,8,516,2006
47033,3,0,3,2006
47035,127,56,183,2006
47037,4089,1039,5128,2006
47039,3,0,3,2006
47041,74,0,74,2006
47043,342,10,352,2006
47045,133,2,135,2006
47047,670,0,670,2006
47049,0,2,2,2006
47051,277,6,283,2006
47053,376,6,382,2006
47055,17,0,17,2006
47057,4,0,4,2006
47059,357,21,378,2006
47061,0,0,0,2006
47063,265,2,267,2006
47065,1979,292,2271,2006
47067,7,0,7,2006
47069,95,0,95,2006
47071,12,21,33,2006
47073,102,7,109,2006
47075,54,2,56,2006
47077,33,0,33,2006
47079,29,4,33,2006
47081,4,0,4,2006
47083,1,0,1,2006
47085,25,0,25,2006
47089,408,9,417,2006
47091,4,0,4,2006
47093,3162,832,3994,2006
47095,6,4,10,2006
47097,112,2,114,2006
47099,11,0,11,2006
47101,2,0,2,2006
47103,16,0,16,2006
47105,846,4,850,2006
47107,71,0,71,2006
47109,27,0,27,2006
47111,12,37,49,2006
47113,599,96,695,2006
47115,138,0,138,2006
47117,260,0,260,2006
47119,1814,142,1956,2006
47121,111,0,111,2006
47123,234,4,238,2006
47125,1914,1089,3003,2006
47127,72,0,72,2006
47129,0,0,0,2006
47131,55,0,55,2006
47133,4,0,4,2006
47135,0,0,0,2006
47139,158,0,158,2006
47141,488,116,604,2006
47143,160,0,160,2006
47145,62,72,134,2006
47147,685,5,690,2006
47149,3733,345,4078,2006
47151,9,0,9,2006
47153,15,3,18,2006
47155,258,578,836,2006
47157,4085,1033,5118,2006
47159,81,0,81,2006
47161,22,0,22,2006
47163,669,237,906,2006
47165,1673,32,1705,2006
47167,481,76,557,2006
47169,74,0,74,2006
47171,6,0,6,2006
47173,125,194,319,2006
47177,29,0,29,2006
47179,1110,137,1247,2006
47181,11,0,11,2006
47183,84,8,92,2006
47185,8,2,10,2006
47187,1679,10,1689,2006
47189,1143,30,1173,2006
48001,18,76,94,2006
48003,40,0,40,2006
48005,128,57,185,2006
48007,213,16,229,2006
48009,21,0,21,2006
48011,1,0,1,2006
48013,119,0,119,2006
48015,39,5,44,2006
48017,4,2,6,2006
48019,2,0,2,2006
48021,226,76,302,2006
48023,0,0,0,2006
48025,16,2,18,2006
48027,2514,1597,4111,2006
48029,9219,5792,15011,2006
48031,19,0,19,2006
48035,8,0,8,2006
48037,99,23,122,2006
48039,3287,302,3589,2006
48041,882,665,1547,2006
48043,7,0,7,2006
48047,3,0,3,2006
48049,40,60,100,2006
48051,15,0,15,2006
48053,496,24,520,2006
48055,84,0,84,2006
48057,96,0,96,2006
48059,12,0,12,2006
48061,2852,550,3402,2006
48063,3,0,3,2006
48065,5,0,5,2006
48067,14,2,16,2006
48069,4,0,4,2006
48071,368,0,368,2006
48073,25,8,33,2006
48075,3,0,3,2006
48077,4,0,4,2006
48079,0,0,0,2006
48081,1,0,1,2006
48083,2,0,2,2006
48085,11580,2746,14326,2006
48087,0,0,0,2006
48089,9,0,9,2006
48091,2477,0,2477,2006
48093,1,0,1,2006
48097,26,148,174,2006
48099,267,164,431,2006
48101,0,0,0,2006
48103,19,0,19,2006
48107,14,0,14,2006
48109,2,0,2,2006
48111,31,0,31,2006
48113,9941,5615,15556,2006
48115,0,0,0,2006
48117,17,110,127,2006
48119,11,0,11,2006
48121,3157,326,3483,2006
48123,6,0,6,2006
48127,7,0,7,2006
48129,0,0,0,2006
48133,1,0,1,2006
48135,261,0,261,2006
48139,1666,8,1674,2006
48141,3877,263,4140,2006
48143,28,16,44,2006
48145,9,4,13,2006
48147,33,11,44,2006
48149,20,0,20,2006
48151,0,0,0,2006
48153,0,0,0,2006
48157,7910,886,8796,2006
48159,4,0,4,2006
48161,26,0,26,2006
48163,20,0,20,2006
48165,10,8,18,2006
48167,2732,309,3041,2006
48169,3,0,3,2006
48171,76,57,133,2006
48177,8,0,8,2006
48179,3,0,3,2006
48181,355,90,445,2006
48183,354,222,576,2006
48185,38,0,38,2006
48187,1406,0,1406,2006
48189,21,0,21,2006
48191,0,0,0,2006
48193,2,0,2,2006
48195,0,0,0,2006
48197,0,0,0,2006
48199,129,0,129,2006
48201,33023,13432,46455,2006
48203,38,0,38,2006
48207,2,4,6,2006
48209,1992,526,2518,2006
48211,0,0,0,2006
48213,131,8,139,2006
48215,6870,1176,8046,2006
48217,28,38,66,2006
48219,33,0,33,2006
48221,121,0,121,2006
48223,14,0,14,2006
48225,7,0,7,2006
48227,2,0,2,2006
48231,127,10,137,2006
48233,4,0,4,2006
48237,4,0,4,2006
48239,21,0,21,2006
48241,2,0,2,2006
48245,540,1036,1576,2006
48249,57,2,59,2006
48251,1086,60,1146,2006
48253,0,16,16,2006
48255,8,0,8,2006
48257,721,110,831,2006
48259,547,128,675,2006
48265,0,0,0,2006
48267,1,0,1,2006
48271,1,0,1,2006
48273,40,0,40,2006
48277,62,19,81,2006
48279,1,0,1,2006
48281,27,4,31,2006
48283,39,10,49,2006
48285,15,0,15,2006
48287,19,0,19,2006
48291,293,0,293,2006
48293,3,0,3,2006
48295,2,0,2,2006
48297,16,0,16,2006
48299,294,0,294,2006
48303,1229,271,1500,2006
48305,3,0,3,2006
48307,0,0,0,2006
48309,958,95,1053,2006
48313,12,0,12,2006
48315,7,0,7,2006
48317,0,0,0,2006
48319,12,0,12,2006
48321,107,0,107,2006
48323,168,0,168,2006
48325,31,0,31,2006
48329,470,0,470,2006
48331,11,0,11,2006
48335,0,0,0,2006
48337,1,0,1,2006
48339,7417,1468,8885,2006
48341,28,0,28,2006
48343,11,0,11,2006
48347,52,204,256,2006
48349,47,78,125,2006
48351,0,0,0,2006
48353,1,0,1,2006
48355,1543,1171,2714,2006
48357,7,0,7,2006
48359,3,0,3,2006
48361,276,12,288,2006
48363,15,0,15,2006
48365,8,0,8,2006
48367,489,184,673,2006
48369,6,6,12,2006
48371,6,48,54,2006
48373,460,0,460,2006
48375,671,264,935,2006
48377,32,2,34,2006
48379,2,0,2,2006
48381,32,208,240,2006
48383,3,0,3,2006
48385,0,0,0,2006
48387,3,0,3,2006
48389,2,0,2,2006
48391,7,0,7,2006
48395,23,0,23,2006
48397,1190,30,1220,2006
48399,2,0,2,2006
48401,8,0,8,2006
48403,0,0,0,2006
48405,1,0,1,2006
48407,3,0,3,2006
48409,357,0,357,2006
48411,3,0,3,2006
48413,2,0,2,2006
48415,10,0,10,2006
48419,3,0,3,2006
48421,20,2,22,2006
48423,576,103,679,2006
48425,70,0,70,2006
48429,1,0,1,2006
48435,0,0,0,2006
48437,0,0,0,2006
48439,13507,3806,17313,2006
48441,321,16,337,2006
48445,4,0,4,2006
48449,32,14,46,2006
48451,369,120,489,2006
48453,9575,6163,15738,2006
48455,0,0,0,2006
48457,9,0,9,2006
48459,14,53,67,2006
48461,0,0,0,2006
48463,37,4,41,2006
48465,155,128,283,2006
48467,50,0,50,2006
48469,143,0,143,2006
48471,54,180,234,2006
48473,90,155,245,2006
48475,6,0,6,2006
48477,80,40,120,2006
48479,1941,454,2395,2006
48481,45,16,61,2006
48483,1,0,1,2006
48485,303,30,333,2006
48487,4,0,4,2006
48489,42,0,42,2006
48491,5738,1716,7454,2006
48493,40,0,40,2006
48495,7,0,7,2006
48497,116,28,144,2006
48499,10,4,14,2006
48501,7,0,7,2006
48503,11,0,11,2006
48507,3,0,3,2006
49001,53,0,53,2006
49003,418,54,472,2006
49005,749,181,930,2006
49007,47,0,47,2006
49009,9,0,9,2006
49011,2673,122,2795,2006
49013,179,4,183,2006
49015,18,0,18,2006
49017,84,0,84,2006
49019,55,10,65,2006
49021,728,171,899,2006
49023,117,4,121,2006
49025,213,0,213,2006
49027,44,0,44,2006
49029,116,0,116,2006
49031,11,0,11,2006
49033,126,0,126,2006
49035,5300,909,6209,2006
49037,60,0,60,2006
49039,81,0,81,2006
49041,130,12,142,2006
49043,559,236,795,2006
49045,648,17,665,2006
49047,427,44,471,2006
49049,5347,1018,6365,2006
49051,558,50,608,2006
49053,2078,175,2253,2006
49055,27,0,27,2006
49057,1740,271,2011,2006
50001,169,60,229,2006
50003,134,76,210,2006
50005,143,2,145,2006
50007,346,142,488,2006
50009,33,0,33,2006
50011,181,26,207,2006
50013,49,0,49,2006
50015,144,77,221,2006
50017,69,2,71,2006
50019,109,62,171,2006
50021,119,4,123,2006
50023,219,76,295,2006
50025,152,23,175,2006
50027,204,5,209,2006
51001,223,67,290,2006
51003,594,178,772,2006
51005,29,0,29,2006
51007,139,0,139,2006
51009,183,12,195,2006
51011,132,0,132,2006
51013,203,2757,2960,2006
51015,397,0,397,2006
51017,39,0,39,2006
51019,738,0,738,2006
51021,55,0,55,2006
51023,194,0,194,2006
51025,75,0,75,2006
51027,13,20,33,2006
51029,121,0,121,2006
51031,321,0,321,2006
51033,418,0,418,2006
51035,190,0,190,2006
51036,38,0,38,2006
51037,60,0,60,2006
51041,1882,232,2114,2006
51043,80,0,80,2006
51045,34,0,34,2006
51047,1184,15,1199,2006
51049,73,0,73,2006
51051,18,0,18,2006
51053,162,0,162,2006
51057,155,18,173,2006
51059,1423,666,2089,2006
51061,506,194,700,2006
51063,77,0,77,2006
51065,206,0,206,2006
51067,475,0,475,2006
51069,967,24,991,2006
51071,57,2,59,2006
51073,294,0,294,2006
51075,281,0,281,2006
51077,76,0,76,2006
51079,196,0,196,2006
51081,47,0,47,2006
51083,100,0,100,2006
51085,510,0,510,2006
51087,1468,7,1475,2006
51089,94,2,96,2006
51091,17,0,17,2006
51093,375,60,435,2006
51095,1118,0,1118,2006
51097,67,0,67,2006
51099,279,28,307,2006
51101,230,0,230,2006
51103,133,14,147,2006
51105,59,0,59,2006
51107,2937,347,3284,2006
51109,600,0,600,2006
51111,28,0,28,2006
51113,96,0,96,2006
51115,69,0,69,2006
51117,197,0,197,2006
51119,127,0,127,2006
51121,640,66,706,2006
51125,156,0,156,2006
51127,294,0,294,2006
51131,90,12,102,2006
51133,222,0,222,2006
51135,63,29,92,2006
51137,412,0,412,2006
51139,155,0,155,2006
51141,94,0,94,2006
51143,219,23,242,2006
51145,303,0,303,2006
51147,142,0,142,2006
51149,202,4,206,2006
51153,3007,184,3191,2006
51155,147,0,147,2006
51157,67,0,67,2006
51159,39,2,41,2006
51161,396,14,410,2006
51163,197,10,207,2006
51165,689,0,689,2006
51167,117,4,121,2006
51169,48,0,48,2006
51171,477,2,479,2006
51173,46,0,46,2006
51175,95,4,99,2006
51177,1174,92,1266,2006
51179,818,56,874,2006
51181,67,0,67,2006
51183,91,0,91,2006
51185,130,0,130,2006
51187,348,0,348,2006
51191,270,0,270,2006
51193,268,28,296,2006
51195,66,0,66,2006
51197,128,15,143,2006
51199,301,27,328,2006
51510,137,913,1050,2006
51515,8,12,20,2006
51520,74,0,74,2006
51530,30,22,52,2006
51540,111,348,459,2006
51550,899,4,903,2006
51570,40,0,40,2006
51580,3,0,3,2006
51590,58,0,58,2006
51595,16,0,16,2006
51600,27,0,27,2006
51610,19,0,19,2006
51620,80,0,80,2006
51630,278,0,278,2006
51640,9,2,11,2006
51650,240,140,380,2006
51660,197,22,219,2006
51670,159,0,159,2006
51678,18,0,18,2006
51680,434,0,434,2006
51683,137,0,137,2006
51685,0,0,0,2006
51690,14,44,58,2006
51700,262,276,538,2006
51710,351,194,545,2006
51720,8,0,8,2006
51730,51,0,51,2006
51735,62,0,62,2006
51740,193,0,193,2006
51750,19,46,65,2006
51760,483,246,729,2006
51770,80,25,105,2006
51775,10,0,10,2006
51790,94,72,166,2006
51800,642,202,844,2006
51810,681,906,1587,2006
51820,111,26,137,2006
51830,18,0,18,2006
51840,87,12,99,2006
53001,29,0,29,2006
53003,73,10,83,2006
53005,936,10,946,2006
53007,580,122,702,2006
53009,422,4,426,2006
53011,2379,600,2979,2006
53013,6,0,6,2006
53015,620,83,703,2006
53017,283,56,339,2006
53019,24,0,24,2006
53021,778,0,778,2006
53023,18,0,18,2006
53025,625,128,753,2006
53027,444,89,533,2006
53029,634,5,639,2006
53031,287,0,287,2006
53033,5770,8305,14075,2006
53035,1184,52,1236,2006
53037,543,45,588,2006
53039,141,0,141,2006
53041,499,72,571,2006
53043,48,0,48,2006
53045,516,34,550,2006
53047,259,10,269,2006
53049,153,14,167,2006
53051,133,0,133,2006
53053,4884,1122,6006,2006
53055,189,2,191,2006
53057,902,107,1009,2006
53059,123,0,123,2006
53061,4557,1105,5662,2006
53063,2647,1117,3764,2006
53065,200,4,204,2006
53067,2493,711,3204,2006
53069,44,0,44,2006
53071,256,34,290,2006
53073,1181,301,1482,2006
53075,98,241,339,2006
53077,653,39,692,2006
54001,0,0,0,2006
54003,1546,113,1659,2006
54005,13,2,15,2006
54007,1,0,1,2006
54009,16,0,16,2006
54011,129,62,191,2006
54015,18,0,18,2006
54019,72,2,74,2006
54021,0,0,0,2006
54023,60,30,90,2006
54025,163,7,170,2006
54027,338,0,338,2006
54029,26,0,26,2006
54031,147,0,147,2006
54033,135,6,141,2006
54035,13,0,13,2006
54037,547,7,554,2006
54039,265,150,415,2006
54041,0,0,0,2006
54043,31,0,31,2006
54045,0,0,0,2006
54047,3,0,3,2006
54049,16,0,16,2006
54051,4,0,4,2006
54053,5,0,5,2006
54055,14,0,14,2006
54057,114,0,114,2006
54059,1,0,1,2006
54061,151,9,160,2006
54063,1,0,1,2006
54065,220,0,220,2006
54067,3,0,3,2006
54069,22,0,22,2006
54071,35,0,35,2006
54073,4,0,4,2006
54075,0,0,0,2006
54077,5,0,5,2006
54079,220,6,226,2006
54081,210,35,245,2006
54083,4,4,8,2006
54085,2,0,2,2006
54087,91,0,91,2006
54089,27,0,27,2006
54091,5,0,5,2006
54093,16,0,16,2006
54095,1,0,1,2006
54097,86,0,86,2006
54099,129,40,169,2006
54101,1,0,1,2006
54103,3,0,3,2006
54105,38,0,38,2006
54107,207,12,219,2006
54109,2,0,2,2006
55001,261,4,265,2006
55003,55,2,57,2006
55005,225,56,281,2006
55007,157,2,159,2006
55009,750,588,1338,2006
55011,56,0,56,2006
55013,150,0,150,2006
55015,172,4,176,2006
55017,273,58,331,2006
55019,78,0,78,2006
55021,215,39,254,2006
55023,41,0,41,2006
55025,1565,1736,3301,2006
55027,260,62,322,2006
55029,265,143,408,2006
55031,167,10,177,2006
55033,179,60,239,2006
55035,342,109,451,2006
55037,28,0,28,2006
55039,306,136,442,2006
55041,114,0,114,2006
55043,102,32,134,2006
55045,181,4,185,2006
55047,95,16,111,2006
55049,109,60,169,2006
55051,65,0,65,2006
55053,118,0,118,2006
55055,334,100,434,2006
55057,144,72,216,2006
55059,672,236,908,2006
55061,64,6,70,2006
55063,392,166,558,2006
55065,71,4,75,2006
55067,104,0,104,2006
55069,178,4,182,2006
55071,190,12,202,2006
55073,514,162,676,2006
55075,211,6,217,2006
55077,66,0,66,2006
55078,6,0,6,2006
55079,550,886,1436,2006
55081,178,48,226,2006
55083,695,2,697,2006
55085,320,85,405,2006
55087,635,154,789,2006
55089,256,48,304,2006
55091,38,4,42,2006
55093,263,49,312,2006
55095,289,46,335,2006
55097,256,67,323,2006
55099,94,10,104,2006
55101,484,322,806,2006
55103,84,18,102,2006
55105,571,187,758,2006
55107,105,0,105,2006
55109,561,23,584,2006
55111,300,187,487,2006
55113,192,10,202,2006
55115,164,31,195,2006
55117,277,199,476,2006
55119,54,0,54,2006
55121,118,6,124,2006
55123,111,6,117,2006
55125,212,5,217,2006
55127,452,137,589,2006
55129,165,4,169,2006
55131,609,386,995,2006
55133,1209,346,1555,2006
55135,308,104,412,2006
55137,135,14,149,2006
55139,469,347,816,2006
55141,178,102,280,2006
56001,156,173,329,2006
56003,20,0,20,2006
56005,161,61,222,2006
56007,56,2,58,2006
56009,34,0,34,2006
56011,33,0,33,2006
56013,51,2,53,2006
56015,6,8,14,2006
56017,7,0,7,2006
56019,41,2,43,2006
56021,492,17,509,2006
56023,189,11,200,2006
56025,423,0,423,2006
56027,3,0,3,2006
56029,237,15,252,2006
56031,41,0,41,2006
56033,367,6,373,2006
56035,232,6,238,2006
56037,236,32,268,2006
56039,180,111,291,2006
56041,106,0,106,2006
56043,8,2,10,2006
56045,8,2,10,2006
01001,260,0,260,2007
01003,1992,279,2271,2007
01005,25,0,25,2007
01007,9,2,11,2007
01009,32,4,36,2007
01011,0,0,0,2007
01013,31,0,31,2007
01015,264,208,472,2007
01017,24,729,753,2007
01019,34,0,34,2007
01021,86,0,86,2007
01023,1,0,1,2007
01025,22,4,26,2007
01027,6,0,6,2007
01029,7,0,7,2007
01031,336,112,448,2007
01033,174,94,268,2007
01035,4,48,52,2007
01037,0,0,0,2007
01039,15,198,213,2007
01041,8,0,8,2007
01043,91,56,147,2007
01045,76,4,80,2007
01047,5,0,5,2007
01049,99,0,99,2007
01051,187,0,187,2007
01053,18,8,26,2007
01055,238,24,262,2007
01057,5,49,54,2007
01059,19,8,27,2007
01061,13,0,13,2007
01063,2,0,2,2007
01065,72,0,72,2007
01067,5,0,5,2007
01069,333,0,333,2007
01071,77,0,77,2007
01073,2589,402,2991,2007
01075,1,0,1,2007
01077,136,44,180,2007
01079,6,0,6,2007
01081,1181,322,1503,2007
01083,152,0,152,2007
01085,5,0,5,2007
01087,28,0,28,2007
01089,3128,1183,4311,2007
01091,38,0,38,2007
01093,20,0,20,2007
01095,191,75,266,2007
01097,1828,656,2484,2007
01099,9,0,9,2007
01101,740,702,1442,2007
01103,397,64,461,2007
01105,0,0,0,2007
01107,39,0,39,2007
01109,89,202,291,2007
01111,0,0,0,2007
01113,442,275,717,2007
01115,338,0,338,2007
01117,1829,54,1883,2007
01119,4,0,4,2007
01121,217,28,245,2007
01123,59,0,59,2007
01125,860,1024,1884,2007
01127,47,41,88,2007
01129,3,0,3,2007
01131,0,0,0,2007
01133,0,0,0,2007
02000,156,0,156,2007
02013,0,12,12,2007
02016,7,0,7,2007
02020,309,526,835,2007
02050,33,2,35,2007
02060,3,0,3,2007
02090,88,25,113,2007
02100,11,2,13,2007
02110,57,14,71,2007
02122,100,42,142,2007
02130,38,6,44,2007
02150,24,0,24,2007
02170,70,65,135,2007
02180,11,0,11,2007
02185,3,0,3,2007
02188,0,0,0,2007
02201,1,10,11,2007
02220,23,18,41,2007
02232,5,0,5,2007
02261,32,0,32,2007
02280,13,0,13,2007
02282,0,0,0,2007
02290,0,0,0,2007
04001,170,0,170,2007
04003,483,5,488,2007
04005,471,6,477,2007
04007,209,84,293,2007
04009,434,34,468,2007
04011,62,0,62,2007
04012,65,8,73,2007
04013,20183,10786,30969,2007
04015,1127,96,1223,2007
04017,796,176,972,2007
04019,4698,539,5237,2007
04021,6221,82,6303,2007
04023,364,38,402,2007
04025,1416,45,1461,2007
04027,967,77,1044,2007
05001,14,0,14,2007
05003,1,0,1,2007
05005,65,63,128,2007
05007,1125,332,1457,2007
05009,45,0,45,2007
05011,4,0,4,2007
05013,0,0,0,2007
05015,36,24,60,2007
05017,6,0,6,2007
05019,37,0,37,2007
05021,9,0,9,2007
05023,27,7,34,2007
05025,1,0,1,2007
05027,9,0,9,2007
05029,8,6,14,2007
05031,512,58,570,2007
05033,198,142,340,2007
05035,281,261,542,2007
05037,30,0,30,2007
05039,6,0,6,2007
05041,12,52,64,2007
05043,9,2,11,2007
05045,485,130,615,2007
05047,17,0,17,2007
05049,1,0,1,2007
05051,96,0,96,2007
05053,18,4,22,2007
05055,158,43,201,2007
05057,5,52,57,2007
05059,4,12,16,2007
05061,14,0,14,2007
05063,20,4,24,2007
05065,8,0,8,2007
05067,10,0,10,2007
05069,84,74,158,2007
05071,32,16,48,2007
05073,0,0,0,2007
05075,10,0,10,2007
05077,0,0,0,2007
05079,10,0,10,2007
05081,6,0,6,2007
05083,11,11,22,2007
05085,394,0,394,2007
05087,4,0,4,2007
05089,35,2,37,2007
05091,98,62,160,2007
05093,20,22,42,2007
05095,2,0,2,2007
05099,3,0,3,2007
05101,0,0,0,2007
05103,7,0,7,2007
05105,3,0,3,2007
05107,2,0,2,2007
05111,41,0,41,2007
05113,12,4,16,2007
05115,120,251,371,2007
05117,6,0,6,2007
05119,1347,420,1767,2007
05121,9,0,9,2007
05123,13,2,15,2007
05125,630,46,676,2007
05127,5,0,5,2007
05129,1,0,1,2007
05131,436,151,587,2007
05133,6,0,6,2007
05135,23,0,23,2007
05137,20,0,20,2007
05139,14,0,14,2007
05141,29,2,31,2007
05143,1121,769,1890,2007
05145,157,17,174,2007
05147,4,0,4,2007
05149,4,0,4,2007
06001,1315,1823,3138,2007
06003,15,20,35,2007
06005,159,0,159,2007
06007,804,181,985,2007
06009,262,15,277,2007
06011,25,80,105,2007
06013,2753,947,3700,2007
06015,76,0,76,2007
06017,604,0,604,2007
06019,3645,1210,4855,2007
06021,116,0,116,2007
06023,302,95,397,2007
06025,648,321,969,2007
06027,13,12,25,2007
06029,3318,884,4202,2007
06031,472,25,497,2007
06033,335,70,405,2007
06035,59,0,59,2007
06037,7102,12142,19244,2007
06039,486,23,509,2007
06041,268,162,430,2007
06043,100,2,102,2007
06045,220,12,232,2007
06047,780,14,794,2007
06049,18,0,18,2007
06051,73,11,84,2007
06053,563,544,1107,2007
06055,272,58,330,2007
06057,389,60,449,2007
06059,2279,5093,7372,2007
06061,2188,224,2412,2007
06063,154,0,154,2007
06065,9717,2617,12334,2007
06067,3410,702,4112,2007
06069,32,0,32,2007
06071,6302,1450,7752,2007
06073,3422,4013,7435,2007
06075,55,2420,2475,2007
06077,2201,225,2426,2007
06079,919,347,1266,2007
06081,664,153,817,2007
06083,470,241,711,2007
06085,1923,2239,4162,2007
06087,321,521,842,2007
06089,545,167,712,2007
06091,14,0,14,2007
06093,144,4,148,2007
06095,866,153,1019,2007
06097,910,521,1431,2007
06099,1352,513,1865,2007
06101,245,24,269,2007
06103,225,22,247,2007
06105,49,0,49,2007
06107,2254,435,2689,2007
06109,146,3,149,2007
06111,862,733,1595,2007
06113,722,200,922,2007
06115,683,76,759,2007
08001,1431,378,1809,2007
08003,53,4,57,2007
08005,1655,2226,3881,2007
08007,179,34,213,2007
08009,1,0,1,2007
08011,7,0,7,2007
08013,397,238,635,2007
08014,584,476,1060,2007
08015,220,0,220,2007
08017,0,0,0,2007
08019,26,0,26,2007
08021,30,0,30,2007
08023,18,0,18,2007
08025,8,0,8,2007
08027,73,0,73,2007
08029,114,2,116,2007
08031,1215,2467,3682,2007
08033,3,0,3,2007
08035,1835,428,2263,2007
08037,450,107,557,2007
08039,150,3,153,2007
08041,2679,405,3084,2007
08043,143,20,163,2007
08045,525,80,605,2007
08047,42,0,42,2007
08049,430,175,605,2007
08051,179,4,183,2007
08053,28,0,28,2007
08055,57,8,65,2007
08057,8,0,8,2007
08059,682,380,1062,2007
08061,1,0,1,2007
08063,6,0,6,2007
08065,55,0,55,2007
08067,527,202,729,2007
08069,1116,225,1341,2007
08071,63,0,63,2007
08073,2,0,2,2007
08075,20,0,20,2007
08077,1310,56,1366,2007
08079,21,0,21,2007
08081,66,0,66,2007
08083,39,5,44,2007
08085,351,45,396,2007
08087,62,2,64,2007
08089,15,24,39,2007
08091,64,0,64,2007
08093,239,0,239,2007
08095,6,0,6,2007
08097,101,67,168,2007
08099,14,0,14,2007
08101,663,14,677,2007
08103,46,32,78,2007
08105,51,0,51,2007
08107,279,319,598,2007
08109,65,0,65,2007
08111,4,0,4,2007
08113,72,84,156,2007
08115,1,0,1,2007
08117,323,137,460,2007
08119,145,0,145,2007
08121,7,0,7,2007
08123,1556,291,1847,2007
08125,4,0,4,2007
09001,1438,852,2290,2007
09003,1148,563,1711,2007
09005,375,9,384,2007
09007,401,157,558,2007
09009,786,470,1256,2007
09011,572,146,718,2007
09013,341,185,526,2007
09015,287,16,303,2007
10001,1317,167,1484,2007
10003,1183,277,1460,2007
10005,1903,444,2347,2007
11001,576,1334,1910,2007
12001,653,735,1388,2007
12003,165,0,165,2007
12005,636,400,1036,2007
12007,126,0,126,2007
12009,2039,888,2927,2007
12011,1754,2179,3933,2007
12013,34,0,34,2007
12015,932,438,1370,2007
12017,933,31,964,2007
12019,920,113,1033,2007
12021,1069,1026,2095,2007
12023,326,0,326,2007
12027,141,0,141,2007
12029,71,15,86,2007
12031,3498,2832,6330,2007
12033,927,830,1757,2007
12035,517,50,567,2007
12037,42,0,42,2007
12039,307,0,307,2007
12041,87,0,87,2007
12043,45,4,49,2007
12045,71,0,71,2007
12047,46,0,46,2007
12049,141,0,141,2007
12051,96,27,123,2007
12053,910,29,939,2007
12055,918,212,1130,2007
12057,4472,2962,7434,2007
12059,88,2,90,2007
12061,1130,127,1257,2007
12063,221,6,227,2007
12065,95,0,95,2007
12067,18,0,18,2007
12069,3537,1112,4649,2007
12071,4356,1549,5905,2007
12073,1149,779,1928,2007
12075,213,0,213,2007
12077,25,0,25,2007
12079,54,0,54,2007
12081,1086,361,1447,2007
12083,2536,499,3035,2007
12085,318,48,366,2007
12086,3246,4836,8082,2007
12087,259,10,269,2007
12089,626,312,938,2007
12091,628,145,773,2007
12093,275,41,316,2007
12095,4053,4110,8163,2007
12097,2389,1350,3739,2007
12099,2101,1029,3130,2007
12101,2052,725,2777,2007
12103,620,479,1099,2007
12105,3854,368,4222,2007
12107,54,0,54,2007
12109,2139,323,2462,2007
12111,1690,353,2043,2007
12113,830,35,865,2007
12115,1129,105,1234,2007
12117,1826,261,2087,2007
12119,2406,14,2420,2007
12121,123,0,123,2007
12123,52,0,52,2007
12125,52,0,52,2007
12127,1520,665,2185,2007
12129,569,0,569,2007
12131,723,106,829,2007
12133,112,0,112,2007
13001,8,0,8,2007
13003,4,0,4,2007
13005,9,0,9,2007
13007,0,0,0,2007
13009,433,24,457,2007
13011,115,0,115,2007
13013,860,0,860,2007
13015,572,34,606,2007
13017,46,48,94,2007
13019,100,0,100,2007
13021,430,347,777,2007
13023,59,0,59,2007
13025,1,0,1,2007
13027,6,0,6,2007
13029,352,19,371,2007
13031,800,30,830,2007
13033,133,0,133,2007
13035,137,0,137,2007
13037,1,0,1,2007
13039,379,0,379,2007
13043,47,0,47,2007
13045,637,0,637,2007
13047,299,81,380,2007
13049,62,0,62,2007
13051,1908,885,2793,2007
13053,14,0,14,2007
13055,4,0,4,2007
13057,2212,19,2231,2007
13059,472,521,993,2007
13061,8,0,8,2007
13063,1238,16,1254,2007
13065,10,0,10,2007
13067,1901,1044,2945,2007
13069,113,0,113,2007
13071,158,0,158,2007
13073,1244,0,1244,2007
13075,72,8,80,2007
13077,1120,298,1418,2007
13079,90,0,90,2007
13081,69,2,71,2007
13083,8,0,8,2007
13085,311,15,326,2007
13087,137,0,137,2007
13089,2122,2790,4912,2007
13091,33,3,36,2007
13093,16,0,16,2007
13095,131,67,198,2007
13097,912,4,916,2007
13099,13,0,13,2007
13101,9,0,9,2007
13103,534,0,534,2007
13105,61,2,63,2007
13107,3,43,46,2007
13109,45,2,47,2007
13111,419,4,423,2007
13113,355,145,500,2007
13115,284,24,308,2007
13117,2877,0,2877,2007
13119,22,7,29,2007
13121,4552,8311,12863,2007
13123,592,6,598,2007
13127,680,6,686,2007
13129,282,97,379,2007
13131,124,66,190,2007
13133,348,0,348,2007
13135,4278,130,4408,2007
13137,338,18,356,2007
13139,1283,44,1327,2007
13141,48,32,80,2007
13143,81,0,81,2007
13145,255,0,255,2007
13147,166,8,174,2007
13149,30,0,30,2007
13151,1652,766,2418,2007
13153,1207,283,1490,2007
13155,26,0,26,2007
13157,819,0,819,2007
13159,118,0,118,2007
13161,0,0,0,2007
13163,40,0,40,2007
13165,0,0,0,2007
13167,0,0,0,2007
13169,226,0,226,2007
13171,95,0,95,2007
13173,147,0,147,2007
13175,40,0,40,2007
13177,240,0,240,2007
13179,211,264,475,2007
13181,53,0,53,2007
13185,918,173,1091,2007
13187,392,0,392,2007
13189,59,0,59,2007
13191,148,0,148,2007
13193,22,0,22,2007
13195,203,0,203,2007
13197,0,0,0,2007
13199,131,0,131,2007
13201,4,0,4,2007
13205,30,0,30,2007
13207,499,4,503,2007
13209,17,0,17,2007
13211,173,0,173,2007
13213,198,10,208,2007
13215,488,334,822,2007
13217,956,0,956,2007
13219,372,0,372,2007
13221,117,6,123,2007
13223,1887,6,1893,2007
13225,189,6,195,2007
13227,270,0,270,2007
13229,252,0,252,2007
13231,170,3,173,2007
13233,142,69,211,2007
13235,40,0,40,2007
13237,315,0,315,2007
13239,2,0,2,2007
13241,179,23,202,2007
13243,3,0,3,2007
13245,448,0,448,2007
13247,602,6,608,2007
13249,4,0,4,2007
13251,27,0,27,2007
13253,16,4,20,2007
13255,283,18,301,2007
13257,105,56,161,2007
13259,0,0,0,2007
13261,60,6,66,2007
13263,24,0,24,2007
13265,3,0,3,2007
13267,53,0,53,2007
13269,23,28,51,2007
13271,2,0,2,2007
13273,26,0,26,2007
13275,263,99,362,2007
13277,121,0,121,2007
13279,42,0,42,2007
13281,188,66,254,2007
13283,0,6,6,2007
13285,444,132,576,2007
13287,12,36,48,2007
13289,17,0,17,2007
13291,279,0,279,2007
13293,65,4,69,2007
13295,275,42,317,2007
13297,730,76,806,2007
13299,76,0,76,2007
13301,0,0,0,2007
13303,31,0,31,2007
13305,17,0,17,2007
13309,0,0,0,2007
13311,39,31,70,2007
13313,324,138,462,2007
13317,21,0,21,2007
13319,2,0,2,2007
13321,66,60,126,2007
15001,1785,309,2094,2007
15003,1152,1792,2944,2007
15007,495,138,633,2007
15009,1050,251,1301,2007
16001,2331,682,3013,2007
16003,45,0,45,2007
16005,302,14,316,2007
16007,30,4,34,2007
16009,30,0,30,2007
16011,172,89,261,2007
16013,103,42,145,2007
16015,101,0,101,2007
16017,62,0,62,2007
16019,885,263,1148,2007
16021,127,0,127,2007
16023,6,0,6,2007
16025,18,0,18,2007
16027,1192,416,1608,2007
16029,21,2,23,2007
16031,81,0,81,2007
16033,1,0,1,2007
16035,33,0,33,2007
16037,3,0,3,2007
16039,166,72,238,2007
16041,66,4,70,2007
16043,165,11,176,2007
16045,72,4,76,2007
16047,76,0,76,2007
16049,7,0,7,2007
16051,332,8,340,2007
16053,193,0,193,2007
16055,995,666,1661,2007
16057,101,33,134,2007
16059,34,0,34,2007
16061,16,0,16,2007
16063,22,0,22,2007
16065,216,0,216,2007
16067,29,0,29,2007
16069,92,12,104,2007
16071,13,0,13,2007
16073,66,0,66,2007
16075,135,0,135,2007
16077,14,0,14,2007
16079,42,48,90,2007
16081,424,126,550,2007
16083,451,25,476,2007
16085,215,18,233,2007
16087,66,15,81,2007
17001,66,51,117,2007
17003,1,0,1,2007
17005,47,10,57,2007
17007,250,34,284,2007
17009,1,0,1,2007
17011,43,50,93,2007
17013,14,2,16,2007
17015,58,4,62,2007
17017,16,0,16,2007
17019,583,948,1531,2007
17021,48,0,48,2007
17023,7,0,7,2007
17025,8,0,8,2007
17027,139,10,149,2007
17029,38,102,140,2007
17031,3318,13801,17119,2007
17033,2,2,4,2007
17035,3,0,3,2007
17037,464,120,584,2007
17039,31,3,34,2007
17041,40,2,42,2007
17043,1516,350,1866,2007
17045,15,0,15,2007
17049,36,6,42,2007
17051,5,2,7,2007
17053,14,8,22,2007
17055,28,6,34,2007
17057,61,0,61,2007
17061,17,2,19,2007
17063,156,59,215,2007
17065,0,0,0,2007
17067,9,10,19,2007
17069,0,0,0,2007
17071,6,0,6,2007
17073,76,2,78,2007
17075,52,3,55,2007
17077,31,344,375,2007
17079,1,0,1,2007
17081,23,8,31,2007
17083,72,23,95,2007
17085,121,0,121,2007
17087,1,0,1,2007
17089,2562,84,2646,2007
17091,382,26,408,2007
17093,1048,107,1155,2007
17095,61,0,61,2007
17097,1859,366,2225,2007
17099,250,59,309,2007
17101,0,0,0,2007
17103,110,50,160,2007
17105,49,88,137,2007
17107,28,46,74,2007
17109,14,86,100,2007
17111,1536,122,1658,2007
17113,425,228,653,2007
17115,134,12,146,2007
17117,69,4,73,2007
17119,778,115,893,2007
17121,12,0,12,2007
17123,20,0,20,2007
17125,12,0,12,2007
17127,7,0,7,2007
17129,47,0,47,2007
17131,20,0,20,2007
17133,168,8,176,2007
17135,35,0,35,2007
17137,19,22,41,2007
17139,45,0,45,2007
17141,198,17,215,2007
17143,529,125,654,2007
17145,0,0,0,2007
17147,60,0,60,2007
17149,23,2,25,2007
17151,0,0,0,2007
17153,5,4,9,2007
17155,28,0,28,2007
17157,62,2,64,2007
17159,11,0,11,2007
17161,185,194,379,2007
17163,1094,150,1244,2007
17165,0,0,0,2007
17167,412,149,561,2007
17173,125,10,135,2007
17175,5,0,5,2007
17177,59,10,69,2007
17179,410,110,520,2007
17181,51,0,51,2007
17183,23,24,47,2007
17185,4,0,4,2007
17187,13,9,22,2007
17189,7,6,13,2007
17191,2,0,2,2007
17193,0,0,0,2007
17195,85,6,91,2007
17197,2782,53,2835,2007
17199,225,55,280,2007
17201,877,174,1051,2007
17203,129,24,153,2007
18001,96,57,153,2007
18003,879,45,924,2007
18005,257,0,257,2007
18007,12,0,12,2007
18009,9,0,9,2007
18011,434,10,444,2007
18013,88,0,88,2007
18015,42,39,81,2007
18017,35,0,35,2007
18019,635,336,971,2007
18021,18,24,42,2007
18023,44,0,44,2007
18025,0,0,0,2007
18027,15,0,15,2007
18029,147,31,178,2007
18031,91,22,113,2007
18033,100,102,202,2007
18035,120,14,134,2007
18037,145,2,147,2007
18039,613,68,681,2007
18041,27,0,27,2007
18043,199,36,235,2007
18045,6,4,10,2007
18047,72,0,72,2007
18049,54,2,56,2007
18051,97,10,107,2007
18053,68,0,68,2007
18057,2617,379,2996,2007
18059,412,0,412,2007
18061,140,4,144,2007
18063,979,78,1057,2007
18065,35,0,35,2007
18067,81,2,83,2007
18069,71,10,81,2007
18071,145,0,145,2007
18073,223,24,247,2007
18075,18,0,18,2007
18077,64,0,64,2007
18079,86,0,86,2007
18081,727,25,752,2007
18083,43,35,78,2007
18085,297,120,417,2007
18087,147,0,147,2007
18089,1425,487,1912,2007
18091,301,29,330,2007
18093,14,4,18,2007
18095,241,2,243,2007
18097,1488,654,2142,2007
18099,139,0,139,2007
18101,3,0,3,2007
18103,24,0,24,2007
18105,425,317,742,2007
18107,75,11,86,2007
18109,155,24,179,2007
18111,34,0,34,2007
18113,159,8,167,2007
18115,21,0,21,2007
18117,13,0,13,2007
18119,133,0,133,2007
18121,39,2,41,2007
18123,54,0,54,2007
18125,29,0,29,2007
18127,675,245,920,2007
18129,75,0,75,2007
18131,37,0,37,2007
18133,88,6,94,2007
18135,22,0,22,2007
18137,19,0,19,2007
18139,32,0,32,2007
18141,521,488,1009,2007
18143,88,36,124,2007
18145,103,31,134,2007
18147,71,0,71,2007
18149,128,0,128,2007
18151,167,0,167,2007
18153,8,0,8,2007
18155,89,0,89,2007
18157,569,257,826,2007
18159,20,0,20,2007
18161,13,0,13,2007
18163,373,167,540,2007
18165,22,0,22,2007
18167,236,185,421,2007
18169,57,4,61,2007
18171,22,0,22,2007
18173,251,145,396,2007
18175,47,8,55,2007
18177,70,16,86,2007
18179,58,0,58,2007
18181,78,4,82,2007
18183,133,0,133,2007
19001,4,0,4,2007
19003,8,0,8,2007
19005,55,0,55,2007
19007,16,0,16,2007
19009,3,0,3,2007
19011,48,0,48,2007
19013,341,28,369,2007
19015,105,4,109,2007
19017,56,0,56,2007
19019,18,0,18,2007
19021,24,77,101,2007
19023,33,2,35,2007
19025,10,0,10,2007
19027,46,0,46,2007
19029,24,0,24,2007
19031,52,0,52,2007
19033,64,5,69,2007
19035,16,34,50,2007
19037,10,0,10,2007
19039,6,40,46,2007
19041,20,0,20,2007
19043,39,8,47,2007
19045,93,26,119,2007
19047,25,14,39,2007
19049,400,48,448,2007
19051,10,0,10,2007
19053,6,0,6,2007
19055,19,10,29,2007
19057,54,0,54,2007
19059,116,20,136,2007
19061,320,47,367,2007
19063,14,3,17,2007
19065,12,0,12,2007
19067,18,0,18,2007
19069,6,4,10,2007
19071,15,0,15,2007
19073,18,0,18,2007
19075,39,2,41,2007
19077,27,0,27,2007
19079,10,47,57,2007
19081,17,11,28,2007
19083,5,0,5,2007
19085,41,0,41,2007
19087,77,8,85,2007
19089,14,6,20,2007
19091,15,22,37,2007
19093,8,0,8,2007
19095,17,0,17,2007
19097,45,0,45,2007
19099,46,4,50,2007
19101,14,9,23,2007
19103,621,161,782,2007
19105,22,0,22,2007
19107,4,0,4,2007
19109,19,0,19,2007
19111,24,0,24,2007
19113,770,347,1117,2007
19115,23,0,23,2007
19117,1,0,1,2007
19119,46,0,46,2007
19121,84,4,88,2007
19123,19,0,19,2007
19125,100,2,102,2007
19127,64,14,78,2007
19129,13,0,13,2007
19131,12,6,18,2007
19133,11,0,11,2007
19135,14,0,14,2007
19137,10,0,10,2007
19139,77,116,193,2007
19141,23,14,37,2007
19143,3,0,3,2007
19145,20,0,20,2007
19147,9,0,9,2007
19149,73,14,87,2007
19151,4,0,4,2007
19153,2380,615,2995,2007
19155,259,176,435,2007
19157,42,0,42,2007
19159,0,0,0,2007
19161,14,10,24,2007
19163,407,306,713,2007
19165,26,6,32,2007
19167,91,14,105,2007
19169,244,116,360,2007
19171,34,2,36,2007
19173,4,0,4,2007
19175,11,24,35,2007
19177,3,0,3,2007
19179,41,2,43,2007
19181,273,19,292,2007
19183,26,11,37,2007
19185,0,0,0,2007
19187,39,0,39,2007
19189,14,0,14,2007
19191,82,0,82,2007
19193,104,37,141,2007
19195,2,2,4,2007
19197,13,0,13,2007
20001,31,0,31,2007
20003,23,0,23,2007
20005,9,0,9,2007
20007,1,0,1,2007
20009,31,8,39,2007
20011,3,4,7,2007
20013,4,0,4,2007
20015,339,6,345,2007
20017,0,0,0,2007
20019,0,0,0,2007
20021,4,0,4,2007
20023,0,0,0,2007
20025,4,0,4,2007
20027,18,3,21,2007
20029,0,0,0,2007
20031,24,36,60,2007
20033,1,0,1,2007
20035,73,20,93,2007
20037,93,138,231,2007
20039,0,0,0,2007
20041,60,0,60,2007
20043,5,0,5,2007
20045,254,202,456,2007
20047,0,0,0,2007
20051,53,14,67,2007
20053,4,0,4,2007
20055,8,0,8,2007
20057,30,0,30,2007
20059,103,2,105,2007
20061,260,854,1114,2007
20063,0,0,0,2007
20065,0,0,0,2007
20067,2,0,2,2007
20069,9,0,9,2007
20071,0,0,0,2007
20073,1,0,1,2007
20075,0,0,0,2007
20077,8,12,20,2007
20079,120,0,120,2007
20081,0,0,0,2007
20085,48,2,50,2007
20087,81,3,84,2007
20089,1,0,1,2007
20091,1807,784,2591,2007
20093,1,0,1,2007
20095,28,0,28,2007
20097,96,56,152,2007
20099,17,0,17,2007
20101,0,0,0,2007
20103,467,11,478,2007
20105,0,0,0,2007
20107,47,0,47,2007
20109,0,0,0,2007
20111,73,25,98,2007
20113,79,10,89,2007
20115,22,4,26,2007
20117,6,18,24,2007
20119,2,0,2,2007
20121,129,49,178,2007
20123,6,0,6,2007
20125,35,2,37,2007
20127,17,0,17,2007
20129,1,0,1,2007
20131,13,0,13,2007
20133,12,0,12,2007
20135,0,0,0,2007
20137,1,0,1,2007
20139,56,0,56,2007
20141,1,0,1,2007
20143,28,3,31,2007
20145,10,0,10,2007
20147,2,0,2,2007
20149,134,10,144,2007
20151,7,0,7,2007
20153,0,0,0,2007
20155,74,66,140,2007
20157,1,0,1,2007
20159,14,0,14,2007
20161,244,132,376,2007
20163,12,0,12,2007
20165,2,0,2,2007
20167,5,0,5,2007
20169,132,0,132,2007
20171,1,0,1,2007
20173,1863,408,2271,2007
20175,29,34,63,2007
20177,462,367,829,2007
20181,3,0,3,2007
20183,3,6,9,2007
20185,2,0,2,2007
20187,0,0,0,2007
20189,5,0,5,2007
20191,45,0,45,2007
20193,1,0,1,2007
20195,0,0,0,2007
20197,23,0,23,2007
20199,0,0,0,2007
20201,3,0,3,2007
20203,0,0,0,2007
20205,8,0,8,2007
20207,5,0,5,2007
20209,398,47,445,2007
21001,0,0,0,2007
21005,113,0,113,2007
21009,238,40,278,2007
21011,8,0,8,2007
21013,20,0,20,2007
21015,866,74,940,2007
21017,49,0,49,2007
21019,15,6,21,2007
21021,80,48,128,2007
21025,2,0,2,2007
21027,7,0,7,2007
21029,420,78,498,2007
21031,0,0,0,2007
21033,6,0,6,2007
21035,66,143,209,2007
21037,210,191,401,2007
21041,4,0,4,2007
21043,1,0,1,2007
21045,0,0,0,2007
21047,213,64,277,2007
21049,137,0,137,2007
21051,0,0,0,2007
21053,0,0,0,2007
21055,2,0,2,2007
21057,0,0,0,2007
21059,289,130,419,2007
21065,2,0,2,2007
21067,1227,133,1360,2007
21069,1,0,1,2007
21071,8,6,14,2007
21073,153,22,175,2007
21075,5,0,5,2007
21077,51,2,53,2007
21079,9,4,13,2007
21081,90,2,92,2007
21083,8,0,8,2007
21085,0,3,3,2007
21087,8,0,8,2007
21089,42,2,44,2007
21091,9,2,11,2007
21093,592,365,957,2007
21095,0,0,0,2007
21097,64,2,66,2007
21099,40,0,40,2007
21101,119,112,231,2007
21103,57,0,57,2007
21107,93,20,113,2007
21109,0,0,0,2007
21111,1805,1056,2861,2007
21113,300,7,307,2007
21115,1,0,1,2007
21117,509,140,649,2007
21121,11,0,11,2007
21123,86,0,86,2007
21125,10,7,17,2007
21133,0,0,0,2007
21137,105,2,107,2007
21141,9,13,22,2007
21143,21,2,23,2007
21145,195,125,320,2007
21147,0,0,0,2007
21149,2,0,2,2007
21151,276,82,358,2007
21155,5,8,13,2007
21157,17,10,27,2007
21161,64,0,64,2007
21163,145,34,179,2007
21167,90,30,120,2007
21173,85,24,109,2007
21175,0,0,0,2007
21177,8,0,8,2007
21179,227,31,258,2007
21181,0,0,0,2007
21183,12,0,12,2007
21185,358,0,358,2007
21187,0,0,0,2007
21191,0,0,0,2007
21193,10,2,12,2007
21195,39,8,47,2007
21199,15,12,27,2007
21205,4,8,12,2007
21207,2,6,8,2007
21209,466,76,542,2007
21211,235,36,271,2007
21213,54,15,69,2007
21215,175,0,175,2007
21217,33,6,39,2007
21219,5,3,8,2007
21221,17,0,17,2007
21225,4,2,6,2007
21227,647,180,827,2007
21229,5,0,5,2007
21231,2,0,2,2007
21233,1,0,1,2007
21235,11,0,11,2007
21239,163,11,174,2007
22001,197,5,202,2007
22003,5,0,5,2007
22005,997,0,997,2007
22007,59,0,59,2007
22009,64,0,64,2007
22011,15,0,15,2007
22013,0,0,0,2007
22015,828,0,828,2007
22017,589,100,689,2007
22019,595,493,1088,2007
22021,5,0,5,2007
22023,121,0,121,2007
22025,9,0,9,2007
22027,0,0,0,2007
22029,18,10,28,2007
22031,0,0,0,2007
22033,1473,1847,3320,2007
22035,1,0,1,2007
22037,0,0,0,2007
22039,74,0,74,2007
22041,29,3,32,2007
22043,46,0,46,2007
22045,192,10,202,2007
22047,76,8,84,2007
22049,25,0,25,2007
22051,798,79,877,2007
22053,67,2,69,2007
22055,1182,324,1506,2007
22057,387,38,425,2007
22059,0,0,0,2007
22061,84,128,212,2007
22063,1465,140,1605,2007
22065,12,0,12,2007
22067,29,13,42,2007
22069,63,88,151,2007
22071,1026,2220,3246,2007
22073,437,81,518,2007
22075,147,13,160,2007
22077,52,0,52,2007
22079,518,8,526,2007
22081,0,0,0,2007
22083,52,0,52,2007
22085,0,0,0,2007
22087,214,4,218,2007
22089,126,0,126,2007
22091,34,0,34,2007
22093,55,0,55,2007
22095,57,0,57,2007
22097,258,51,309,2007
22099,241,0,241,2007
22101,103,2,105,2007
22103,1631,709,2340,2007
22105,1028,46,1074,2007
22107,13,0,13,2007
22109,297,0,297,2007
22111,37,0,37,2007
22113,141,250,391,2007
22115,3,0,3,2007
22117,345,31,376,2007
22119,55,24,79,2007
22121,129,12,141,2007
22123,0,0,0,2007
22125,134,0,134,2007
22127,2,0,2,2007
23000,165,0,165,2007
23001,246,6,252,2007
23003,121,2,123,2007
23005,963,219,1182,2007
23007,171,4,175,2007
23009,339,21,360,2007
23011,383,130,513,2007
23013,143,2,145,2007
23015,157,22,179,2007
23017,313,6,319,2007
23019,433,65,498,2007
23021,83,0,83,2007
23023,150,0,150,2007
23025,100,10,110,2007
23027,126,4,130,2007
23029,149,0,149,2007
23031,1011,329,1340,2007
24001,133,2,135,2007
24003,1041,790,1831,2007
24005,1060,83,1143,2007
24009,333,0,333,2007
24011,83,8,91,2007
24013,312,0,312,2007
24015,327,95,422,2007
24017,671,237,908,2007
24019,95,30,125,2007
24021,1003,285,1288,2007
24023,226,30,256,2007
24025,824,169,993,2007
24027,1113,275,1388,2007
24029,222,11,233,2007
24031,1408,2051,3459,2007
24033,1462,721,2183,2007
24035,221,0,221,2007
24037,854,85,939,2007
24039,105,59,164,2007
24041,480,0,480,2007
24043,407,20,427,2007
24045,269,244,513,2007
24047,379,40,419,2007
24510,204,115,319,2007
25001,679,139,818,2007
25003,264,34,298,2007
25005,846,301,1147,2007
25007,186,0,186,2007
25009,684,435,1119,2007
25011,137,6,143,2007
25013,575,140,715,2007
25015,303,50,353,2007
25017,1639,2636,4275,2007
25019,139,0,139,2007
25021,653,1330,1983,2007
25023,1101,221,1322,2007
25025,62,1011,1073,2007
25027,1660,127,1787,2007
26000,129,5,134,2007
26001,47,0,47,2007
26003,34,0,34,2007
26005,371,0,371,2007
26007,41,48,89,2007
26009,120,2,122,2007
26011,31,0,31,2007
26013,30,0,30,2007
26015,197,0,197,2007
26017,118,81,199,2007
26019,136,0,136,2007
26021,441,26,467,2007
26023,86,24,110,2007
26025,136,104,240,2007
26027,197,44,241,2007
26029,124,34,158,2007
26031,98,0,98,2007
26033,74,0,74,2007
26035,65,5,70,2007
26037,131,48,179,2007
26039,54,0,54,2007
26041,89,0,89,2007
26043,66,6,72,2007
26045,197,2,199,2007
26047,98,8,106,2007
26049,434,42,476,2007
26051,60,0,60,2007
26053,37,0,37,2007
26055,299,52,351,2007
26057,31,0,31,2007
26059,91,0,91,2007
26061,76,24,100,2007
26063,82,0,82,2007
26065,240,150,390,2007
26067,141,23,164,2007
26069,62,0,62,2007
26071,37,4,41,2007
26073,148,8,156,2007
26075,214,116,330,2007
26077,554,225,779,2007
26079,72,0,72,2007
26081,1185,203,1388,2007
26083,18,0,18,2007
26085,82,0,82,2007
26087,99,0,99,2007
26089,148,0,148,2007
26091,242,8,250,2007
26093,346,23,369,2007
26095,38,0,38,2007
26097,117,0,117,2007
26099,1134,207,1341,2007
26101,9,25,34,2007
26103,122,8,130,2007
26105,87,0,87,2007
26107,123,5,128,2007
26109,124,0,124,2007
26111,117,20,137,2007
26113,47,0,47,2007
26115,309,91,400,2007
26117,95,0,95,2007
26119,51,0,51,2007
26121,280,66,346,2007
26123,113,4,117,2007
26125,1135,83,1218,2007
26127,7,0,7,2007
26129,74,4,78,2007
26131,14,0,14,2007
26133,66,0,66,2007
26135,7,0,7,2007
26137,66,32,98,2007
26139,749,299,1048,2007
26141,56,0,56,2007
26143,83,20,103,2007
26145,173,67,240,2007
26147,200,3,203,2007
26149,71,0,71,2007
26151,69,0,69,2007
26153,37,0,37,2007
26155,81,0,81,2007
26157,75,3,78,2007
26159,156,65,221,2007
26161,490,75,565,2007
26163,919,176,1095,2007
26165,93,4,97,2007
27001,250,4,254,2007
27003,945,122,1067,2007
27005,213,42,255,2007
27007,113,66,179,2007
27009,116,0,116,2007
27011,19,0,19,2007
27013,276,15,291,2007
27015,53,6,59,2007
27017,134,57,191,2007
27019,579,48,627,2007
27021,326,105,431,2007
27023,25,0,25,2007
27025,143,0,143,2007
27027,327,110,437,2007
27029,8,0,8,2007
27031,133,0,133,2007
27033,8,0,8,2007
27035,425,70,495,2007
27037,806,273,1079,2007
27039,48,0,48,2007
27041,228,0,228,2007
27043,14,0,14,2007
27045,76,0,76,2007
27047,36,23,59,2007
27049,144,0,144,2007
27051,2,16,18,2007
27053,1374,1199,2573,2007
27055,58,0,58,2007
27057,76,0,76,2007
27059,169,8,177,2007
27061,212,0,212,2007
27063,14,0,14,2007
27065,55,0,55,2007
27067,106,6,112,2007
27069,6,0,6,2007
27071,73,0,73,2007
27073,11,0,11,2007
27075,92,0,92,2007
27077,26,0,26,2007
27079,87,2,89,2007
27081,16,0,16,2007
27083,55,29,84,2007
27085,73,0,73,2007
27087,1,0,1,2007
27089,4,0,4,2007
27091,28,0,28,2007
27093,68,0,68,2007
27095,129,6,135,2007
27097,181,28,209,2007
27099,66,0,66,2007
27101,25,0,25,2007
27103,94,4,98,2007
27105,29,0,29,2007
27107,9,0,9,2007
27109,528,136,664,2007
27111,70,0,70,2007
27113,14,2,16,2007
27115,101,0,101,2007
27117,8,2,10,2007
27119,109,0,109,2007
27121,61,0,61,2007
27123,231,390,621,2007
27125,6,0,6,2007
27127,21,0,21,2007
27129,20,0,20,2007
27131,196,30,226,2007
27133,25,2,27,2007
27135,18,0,18,2007
27137,520,105,625,2007
27139,596,157,753,2007
27141,333,0,333,2007
27143,22,0,22,2007
27145,584,80,664,2007
27147,111,11,122,2007
27149,17,4,21,2007
27151,33,16,49,2007
27153,112,5,117,2007
27155,9,0,9,2007
27157,74,0,74,2007
27159,42,27,69,2007
27161,45,0,45,2007
27163,1099,169,1268,2007
27165,17,0,17,2007
27167,14,0,14,2007
27169,97,47,144,2007
27171,779,0,779,2007
27173,12,0,12,2007
28001,3,0,3,2007
28003,2,0,2,2007
28005,1,0,1,2007
28007,21,0,21,2007
28009,0,0,0,2007
28011,38,2,40,2007
28013,2,0,2,2007
28017,6,12,18,2007
28019,1,0,1,2007
28021,1,0,1,2007
28023,11,0,11,2007
28025,17,0,17,2007
28027,31,0,31,2007
28029,11,0,11,2007
28031,8,0,8,2007
28033,1665,0,1665,2007
28035,278,834,1112,2007
28037,0,0,0,2007
28039,8,0,8,2007
28041,0,0,0,2007
28043,96,6,102,2007
28045,912,186,1098,2007
28047,1657,2716,4373,2007
28049,769,24,793,2007
28051,8,0,8,2007
28053,2,0,2,2007
28055,0,0,0,2007
28057,8,5,13,2007
28059,750,655,1405,2007
28061,3,0,3,2007
28063,0,0,0,2007
28065,0,0,0,2007
28067,115,114,229,2007
28071,239,24,263,2007
28073,19,0,19,2007
28075,253,12,265,2007
28077,0,0,0,2007
28079,11,0,11,2007
28081,204,0,204,2007
28083,21,0,21,2007
28085,24,0,24,2007
28087,339,122,461,2007
28089,901,119,1020,2007
28091,26,0,26,2007
28093,221,0,221,2007
28095,14,0,14,2007
28097,11,54,65,2007
28099,12,0,12,2007
28101,1,0,1,2007
28103,2,0,2,2007
28105,61,562,623,2007
28107,66,0,66,2007
28109,368,154,522,2007
28111,0,0,0,2007
28113,13,112,125,2007
28115,21,9,30,2007
28117,21,6,27,2007
28119,2,0,2,2007
28121,1162,24,1186,2007
28123,8,0,8,2007
28125,1,0,1,2007
28127,35,0,35,2007
28129,9,0,9,2007
28131,15,6,21,2007
28133,18,0,18,2007
28135,8,0,8,2007
28137,165,80,245,2007
28139,8,0,8,2007
28141,3,0,3,2007
28143,26,0,26,2007
28145,40,0,40,2007
28147,1,0,1,2007
28149,26,0,26,2007
28151,27,61,88,2007
28153,8,60,68,2007
28155,7,0,7,2007
28157,1,0,1,2007
28159,3,0,3,2007
28161,25,0,25,2007
28163,3,0,3,2007
29001,33,25,58,2007
29003,14,0,14,2007
29005,1,0,1,2007
29007,22,3,25,2007
29009,31,34,65,2007
29011,5,0,5,2007
29013,6,6,12,2007
29015,5,6,11,2007
29017,2,0,2,2007
29019,863,301,1164,2007
29021,125,30,155,2007
29023,26,0,26,2007
29025,20,0,20,2007
29027,67,4,71,2007
29029,81,69,150,2007
29031,161,30,191,2007
29033,25,0,25,2007
29035,1,0,1,2007
29037,473,24,497,2007
29039,10,3,13,2007
29041,3,0,3,2007
29043,726,163,889,2007
29045,9,6,15,2007
29047,298,152,450,2007
29049,83,0,83,2007
29051,169,9,178,2007
29053,10,0,10,2007
29055,13,16,29,2007
29057,2,0,2,2007
29059,5,2,7,2007
29061,3,0,3,2007
29063,3,0,3,2007
29065,8,0,8,2007
29067,22,2,24,2007
29069,20,2,22,2007
29071,452,48,500,2007
29073,17,2,19,2007
29075,5,0,5,2007
29077,992,1402,2394,2007
29079,8,11,19,2007
29081,2,0,2,2007
29083,21,18,39,2007
29087,7,0,7,2007
29089,2,0,2,2007
29091,55,124,179,2007
29093,3,0,3,2007
29095,1877,932,2809,2007
29097,282,71,353,2007
29099,1049,606,1655,2007
29101,130,186,316,2007
29103,0,0,0,2007
29105,37,80,117,2007
29107,86,0,86,2007
29109,36,0,36,2007
29111,3,5,8,2007
29113,160,4,164,2007
29115,4,0,4,2007
29117,31,15,46,2007
29119,9,13,22,2007
29121,12,0,12,2007
29123,3,16,19,2007
29125,4,2,6,2007
29127,54,8,62,2007
29129,0,0,0,2007
29131,8,2,10,2007
29133,7,0,7,2007
29135,2,0,2,2007
29137,52,5,57,2007
29139,46,0,46,2007
29141,1,0,1,2007
29143,15,4,19,2007
29145,44,0,44,2007
29147,35,4,39,2007
29149,1,0,1,2007
29151,0,0,0,2007
29153,3,0,3,2007
29155,29,0,29,2007
29157,43,2,45,2007
29159,3,36,39,2007
29161,55,83,138,2007
29163,20,0,20,2007
29165,187,72,259,2007
29167,41,4,45,2007
29169,98,6,104,2007
29171,2,0,2,2007
29173,7,0,7,2007
29175,15,12,27,2007
29177,51,18,69,2007
29179,0,0,0,2007
29181,0,4,4,2007
29183,2296,694,2990,2007
29185,1,0,1,2007
29186,4,0,4,2007
29187,144,24,168,2007
29189,1234,224,1458,2007
29195,13,6,19,2007
29197,10,0,10,2007
29199,2,0,2,2007
29201,75,6,81,2007
29203,0,0,0,2007
29205,3,0,3,2007
29207,22,0,22,2007
29209,338,426,764,2007
29211,3,0,3,2007
29213,626,248,874,2007
29215,7,6,13,2007
29217,10,0,10,2007
29219,286,38,324,2007
29221,0,0,0,2007
29225,105,10,115,2007
29227,0,0,0,2007
29229,14,0,14,2007
29510,261,256,517,2007
30001,11,6,17,2007
30003,5,0,5,2007
30005,1,0,1,2007
30007,7,0,7,2007
30009,19,13,32,2007
30011,0,0,0,2007
30013,240,76,316,2007
30015,4,2,6,2007
30017,14,2,16,2007
30019,2,0,2,2007
30021,3,0,3,2007
30023,30,0,30,2007
30025,1,0,1,2007
30027,4,0,4,2007
30029,278,153,431,2007
30031,854,557,1411,2007
30033,0,0,0,2007
30035,1,0,1,2007
30037,0,0,0,2007
30039,0,0,0,2007
30041,17,0,17,2007
30043,2,0,2,2007
30045,0,0,0,2007
30047,98,6,104,2007
30049,60,93,153,2007
30051,0,0,0,2007
30053,15,3,18,2007
30055,0,0,0,2007
30057,10,0,10,2007
30059,0,0,0,2007
30061,0,0,0,2007
30063,513,154,667,2007
30065,4,0,4,2007
30067,36,0,36,2007
30069,0,0,0,2007
30071,1,0,1,2007
30073,0,0,0,2007
30075,0,0,0,2007
30077,1,0,1,2007
30079,1,0,1,2007
30081,42,17,59,2007
30083,31,0,31,2007
30085,2,0,2,2007
30087,18,0,18,2007
30089,0,0,0,2007
30091,1,0,1,2007
30093,66,24,90,2007
30095,11,0,11,2007
30097,3,0,3,2007
30099,4,0,4,2007
30101,4,0,4,2007
30103,0,0,0,2007
30105,2,0,2,2007
30107,0,0,0,2007
30109,0,0,0,2007
30111,619,12,631,2007
31001,101,12,113,2007
31003,31,0,31,2007
31011,8,0,8,2007
31013,4,24,28,2007
31015,0,0,0,2007
31017,1,0,1,2007
31019,117,10,127,2007
31021,2,0,2,2007
31023,7,2,9,2007
31025,84,0,84,2007
31027,14,0,14,2007
31029,2,0,2,2007
31031,12,0,12,2007
31033,40,8,48,2007
31035,10,0,10,2007
31037,14,0,14,2007
31039,9,0,9,2007
31041,2,0,2,2007
31043,27,6,33,2007
31045,9,0,9,2007
31047,25,0,25,2007
31049,1,0,1,2007
31051,7,0,7,2007
31053,64,2,66,2007
31055,1996,722,2718,2007
31057,0,0,0,2007
31059,5,0,5,2007
31061,3,0,3,2007
31063,9,0,9,2007
31065,1,0,1,2007
31067,21,4,25,2007
31069,2,0,2,2007
31071,0,0,0,2007
31073,7,0,7,2007
31077,0,0,0,2007
31079,235,102,337,2007
31081,33,0,33,2007
31083,2,0,2,2007
31085,0,0,0,2007
31087,4,0,4,2007
31089,11,0,11,2007
31091,3,0,3,2007
31093,24,2,26,2007
31095,9,0,9,2007
31097,3,0,3,2007
31099,14,0,14,2007
31101,12,2,14,2007
31103,1,0,1,2007
31105,0,0,0,2007
31107,25,0,25,2007
31109,1006,282,1288,2007
31111,80,2,82,2007
31115,0,0,0,2007
31119,66,8,74,2007
31121,32,52,84,2007
31123,5,0,5,2007
31125,3,0,3,2007
31127,13,8,21,2007
31129,2,0,2,2007
31131,37,6,43,2007
31133,5,0,5,2007
31135,0,0,0,2007
31137,8,0,8,2007
31139,21,0,21,2007
31141,64,10,74,2007
31143,0,0,0,2007
31145,3,0,3,2007
31147,0,0,0,2007
31149,1,0,1,2007
31151,22,6,28,2007
31153,1305,278,1583,2007
31155,98,15,113,2007
31157,38,6,44,2007
31159,59,2,61,2007
31161,4,0,4,2007
31163,7,0,7,2007
31165,5,0,5,2007
31167,12,0,12,2007
31169,3,0,3,2007
31173,4,0,4,2007
31175,6,0,6,2007
31177,61,0,61,2007
31179,5,0,5,2007
31181,9,0,9,2007
31183,0,0,0,2007
31185,20,18,38,2007
32001,105,2,107,2007
32003,13310,10779,24089,2007
32005,160,28,188,2007
32007,152,12,164,2007
32013,52,38,90,2007
32015,5,0,5,2007
32017,25,0,25,2007
32019,357,0,357,2007
32021,4,0,4,2007
32027,7,0,7,2007
32029,26,0,26,2007
32031,1996,88,2084,2007
32033,12,0,12,2007
32510,45,6,51,2007
33001,359,15,374,2007
33003,325,4,329,2007
33005,193,5,198,2007
33007,77,0,77,2007
33009,361,128,489,2007
33011,697,274,971,2007
33013,435,4,439,2007
33015,755,243,998,2007
33017,411,67,478,2007
33019,159,49,208,2007
34001,1025,111,1136,2007
34003,981,1971,2952,2007
34005,876,164,1040,2007
34007,652,539,1191,2007
34009,625,456,1081,2007
34011,572,111,683,2007
34013,460,1394,1854,2007
34015,882,38,920,2007
34017,161,2920,3081,2007
34019,211,105,316,2007
34021,466,234,700,2007
34023,878,719,1597,2007
34025,1130,924,2054,2007
34027,688,364,1052,2007
34029,1544,616,2160,2007
34031,265,495,760,2007
34033,143,5,148,2007
34035,593,331,924,2007
34037,323,36,359,2007
34039,350,773,1123,2007
34041,241,17,258,2007
35000,1363,0,1363,2007
35001,2349,671,3020,2007
35005,54,0,54,2007
35007,23,20,43,2007
35009,132,18,150,2007
35013,1374,50,1424,2007
35015,144,4,148,2007
35025,113,18,131,2007
35027,164,15,179,2007
35028,18,0,18,2007
35029,69,0,69,2007
35031,31,30,61,2007
35035,159,3,162,2007
35039,4,0,4,2007
35041,31,4,35,2007
35043,1147,132,1279,2007
35045,371,0,371,2007
35049,277,0,277,2007
35051,4,0,4,2007
35053,16,0,16,2007
35055,191,7,198,2007
35061,200,0,200,2007
36001,385,62,447,2007
36003,85,8,93,2007
36005,44,3044,3088,2007
36007,177,18,195,2007
36009,171,8,179,2007
36011,113,2,115,2007
36013,164,2,166,2007
36015,74,18,92,2007
36017,59,51,110,2007
36019,155,61,216,2007
36021,223,14,237,2007
36023,49,5,54,2007
36025,124,26,150,2007
36027,472,368,840,2007
36029,1067,294,1361,2007
36031,200,4,204,2007
36033,119,2,121,2007
36035,94,0,94,2007
36037,58,79,137,2007
36039,247,12,259,2007
36041,54,0,54,2007
36043,135,0,135,2007
36045,634,47,681,2007
36047,0,10930,10930,2007
36049,118,0,118,2007
36051,85,26,111,2007
36053,178,24,202,2007
36055,950,208,1158,2007
36057,59,0,59,2007
36059,737,85,822,2007
36061,6,9514,9520,2007
36063,321,250,571,2007
36065,297,48,345,2007
36067,836,176,1012,2007
36069,384,32,416,2007
36071,861,319,1180,2007
36073,36,25,61,2007
36075,206,0,206,2007
36077,159,0,159,2007
36079,83,26,109,2007
36081,267,7358,7625,2007
36083,288,12,300,2007
36085,310,429,739,2007
36087,324,251,575,2007
36089,205,6,211,2007
36091,711,532,1243,2007
36093,128,490,618,2007
36095,79,16,95,2007
36097,47,24,71,2007
36099,68,0,68,2007
36101,150,4,154,2007
36103,2030,96,2126,2007
36105,420,134,554,2007
36107,87,24,111,2007
36109,158,115,273,2007
36111,418,178,596,2007
36113,244,19,263,2007
36115,208,26,234,2007
36117,156,4,160,2007
36119,464,1464,1928,2007
36121,48,0,48,2007
36123,60,0,60,2007
37001,1441,0,1441,2007
37003,296,0,296,2007
37005,122,0,122,2007
37007,56,0,56,2007
37009,351,30,381,2007
37011,162,38,200,2007
37013,197,43,240,2007
37015,41,0,41,2007
37017,78,8,86,2007
37019,3387,44,3431,2007
37021,1559,318,1877,2007
37023,304,18,322,2007
37025,2152,0,2152,2007
37027,310,4,314,2007
37029,91,0,91,2007
37031,433,20,453,2007
37033,30,0,30,2007
37035,684,52,736,2007
37037,614,0,614,2007
37039,311,0,311,2007
37041,68,0,68,2007
37043,130,0,130,2007
37045,290,2,292,2007
37047,78,84,162,2007
37049,607,37,644,2007
37051,1529,581,2110,2007
37053,192,10,202,2007
37055,302,143,445,2007
37057,905,0,905,2007
37059,252,5,257,2007
37061,118,0,118,2007
37063,1670,365,2035,2007
37065,170,13,183,2007
37067,2774,177,2951,2007
37069,544,0,544,2007
37071,1443,16,1459,2007
37073,74,0,74,2007
37075,69,0,69,2007
37077,522,12,534,2007
37079,35,0,35,2007
37081,2804,1138,3942,2007
37083,144,0,144,2007
37085,1148,50,1198,2007
37087,348,6,354,2007
37089,1248,0,1248,2007
37091,50,24,74,2007
37093,554,0,554,2007
37095,29,0,29,2007
37097,2819,460,3279,2007
37099,484,0,484,2007
37101,1796,71,1867,2007
37103,63,0,63,2007
37105,307,0,307,2007
37107,79,8,87,2007
37109,784,32,816,2007
37111,256,39,295,2007
37113,344,34,378,2007
37115,169,0,169,2007
37117,35,0,35,2007
37119,6857,4560,11417,2007
37121,77,8,85,2007
37123,88,0,88,2007
37125,784,48,832,2007
37127,610,52,662,2007
37129,1076,1101,2177,2007
37131,31,0,31,2007
37133,1539,97,1636,2007
37135,388,42,430,2007
37137,95,2,97,2007
37139,116,0,116,2007
37141,535,86,621,2007
37143,125,0,125,2007
37145,173,2,175,2007
37147,1317,1196,2513,2007
37149,162,14,176,2007
37151,569,44,613,2007
37153,188,116,304,2007
37155,243,0,243,2007
37157,351,60,411,2007
37159,710,13,723,2007
37161,358,2,360,2007
37163,134,3,137,2007
37165,42,42,84,2007
37167,288,69,357,2007
37169,153,24,177,2007
37171,177,0,177,2007
37173,118,4,122,2007
37175,236,0,236,2007
37177,7,2,9,2007
37179,2603,0,2603,2007
37181,90,0,90,2007
37183,10424,3779,14203,2007
37185,5,0,5,2007
37187,20,0,20,2007
37189,455,36,491,2007
37191,469,0,469,2007
37193,202,0,202,2007
37195,389,142,531,2007
37197,195,0,195,2007
37199,88,12,100,2007
38001,6,0,6,2007
38003,15,24,39,2007
38005,1,0,1,2007
38007,0,0,0,2007
38009,3,16,19,2007
38011,6,0,6,2007
38013,1,0,1,2007
38015,492,186,678,2007
38017,782,584,1366,2007
38019,7,0,7,2007
38021,2,0,2,2007
38023,1,0,1,2007
38025,4,4,8,2007
38027,0,0,0,2007
38029,2,0,2,2007
38031,3,0,3,2007
38033,1,0,1,2007
38035,143,152,295,2007
38037,0,0,0,2007
38039,0,0,0,2007
38041,0,0,0,2007
38043,2,0,2,2007
38045,3,0,3,2007
38047,1,0,1,2007
38049,3,0,3,2007
38051,1,0,1,2007
38053,2,0,2,2007
38055,40,6,46,2007
38057,12,0,12,2007
38059,217,52,269,2007
38061,27,0,27,2007
38063,2,0,2,2007
38065,1,0,1,2007
38067,4,0,4,2007
38069,1,0,1,2007
38071,6,0,6,2007
38073,3,0,3,2007
38075,1,0,1,2007
38077,41,0,41,2007
38079,0,0,0,2007
38081,7,0,7,2007
38083,3,0,3,2007
38085,0,0,0,2007
38087,0,0,0,2007
38089,94,0,94,2007
38091,7,0,7,2007
38093,28,0,28,2007
38095,0,0,0,2007
38097,13,0,13,2007
38099,5,14,19,2007
38101,131,56,187,2007
38103,3,0,3,2007
38105,67,72,139,2007
39001,0,18,18,2007
39003,169,9,178,2007
39005,129,36,165,2007
39007,135,0,135,2007
39009,72,32,104,2007
39011,134,8,142,2007
39013,18,44,62,2007
39015,111,213,324,2007
39017,851,59,910,2007
39019,4,0,4,2007
39021,61,0,61,2007
39023,191,204,395,2007
39025,587,233,820,2007
39027,78,58,136,2007
39029,59,4,63,2007
39031,6,0,6,2007
39033,40,64,104,2007
39035,922,124,1046,2007
39037,65,0,65,2007
39039,88,14,102,2007
39041,979,55,1034,2007
39043,103,24,127,2007
39045,375,47,422,2007
39047,61,20,81,2007
39049,2094,1873,3967,2007
39051,69,28,97,2007
39053,0,0,0,2007
39055,226,0,226,2007
39057,517,48,565,2007
39059,57,0,57,2007
39061,693,583,1276,2007
39063,638,19,657,2007
39065,34,2,36,2007
39067,2,0,2,2007
39069,62,0,62,2007
39071,71,36,107,2007
39073,8,0,8,2007
39075,8,0,8,2007
39077,57,65,122,2007
39079,84,0,84,2007
39081,18,106,124,2007
39083,200,9,209,2007
39085,514,131,645,2007
39087,11,2,13,2007
39089,370,105,475,2007
39091,100,53,153,2007
39093,974,102,1076,2007
39095,511,565,1076,2007
39097,81,0,81,2007
39099,277,32,309,2007
39101,95,210,305,2007
39103,938,144,1082,2007
39105,10,0,10,2007
39107,72,54,126,2007
39109,168,0,168,2007
39111,0,0,0,2007
39113,753,28,781,2007
39115,20,0,20,2007
39117,136,0,136,2007
39119,55,62,117,2007
39121,25,0,25,2007
39123,207,69,276,2007
39125,21,0,21,2007
39127,51,4,55,2007
39129,66,0,66,2007
39131,59,0,59,2007
39133,473,32,505,2007
39135,63,0,63,2007
39137,78,0,78,2007
39139,128,74,202,2007
39141,31,0,31,2007
39143,60,0,60,2007
39145,2,40,42,2007
39147,41,0,41,2007
39149,159,69,228,2007
39151,614,110,724,2007
39153,906,183,1089,2007
39155,152,168,320,2007
39157,94,14,108,2007
39159,221,0,221,2007
39161,38,4,42,2007
39163,0,0,0,2007
39165,1081,67,1148,2007
39167,24,0,24,2007
39169,239,104,343,2007
39171,51,41,92,2007
39173,439,82,521,2007
39175,27,0,27,2007
40001,5,0,5,2007
40003,0,0,0,2007
40005,4,4,8,2007
40007,2,0,2,2007
40009,49,2,51,2007
40011,6,0,6,2007
40013,54,116,170,2007
40015,32,0,32,2007
40017,485,80,565,2007
40019,92,0,92,2007
40021,82,110,192,2007
40023,3,0,3,2007
40025,0,0,0,2007
40027,1028,90,1118,2007
40029,1,0,1,2007
40031,293,583,876,2007
40033,0,0,0,2007
40035,4,0,4,2007
40037,211,0,211,2007
40039,41,0,41,2007
40041,105,0,105,2007
40043,2,0,2,2007
40045,4,0,4,2007
40047,92,3,95,2007
40049,12,0,12,2007
40051,87,0,87,2007
40053,0,0,0,2007
40055,6,0,6,2007
40059,0,0,0,2007
40061,17,0,17,2007
40063,3,0,3,2007
40065,45,0,45,2007
40067,1,3,4,2007
40069,5,0,5,2007
40071,26,0,26,2007
40073,19,0,19,2007
40075,0,0,0,2007
40077,1,0,1,2007
40079,51,0,51,2007
40081,25,0,25,2007
40083,32,0,32,2007
40085,0,0,0,2007
40087,204,4,208,2007
40089,17,2,19,2007
40091,14,0,14,2007
40093,4,0,4,2007
40095,4,0,4,2007
40097,22,0,22,2007
40099,22,0,22,2007
40101,133,2,135,2007
40103,7,0,7,2007
40105,5,2,7,2007
40107,4,0,4,2007
40109,3630,610,4240,2007
40111,7,0,7,2007
40113,239,2,241,2007
40115,14,6,20,2007
40117,1,0,1,2007
40119,186,202,388,2007
40121,52,8,60,2007
40123,23,0,23,2007
40125,173,52,225,2007
40127,1,0,1,2007
40129,0,0,0,2007
40131,479,0,479,2007
40133,7,0,7,2007
40135,98,12,110,2007
40137,60,0,60,2007
40139,11,0,11,2007
40141,1,0,1,2007
40143,2968,759,3727,2007
40145,494,0,494,2007
40147,239,0,239,2007
40149,2,0,2,2007
40151,2,0,2,2007
40153,30,0,30,2007
41000,215,22,237,2007
41001,60,0,60,2007
41003,193,20,213,2007
41005,1942,108,2050,2007
41007,214,2,216,2007
41009,186,34,220,2007
41011,32,40,72,2007
41013,163,14,177,2007
41015,56,8,64,2007
41017,1574,211,1785,2007
41019,373,9,382,2007
41025,36,0,36,2007
41027,151,0,151,2007
41029,1020,118,1138,2007
41031,42,0,42,2007
41033,385,32,417,2007
41035,311,0,311,2007
41037,31,0,31,2007
41039,1045,445,1490,2007
41041,364,40,404,2007
41043,616,183,799,2007
41045,49,0,49,2007
41047,1177,446,1623,2007
41049,18,0,18,2007
41051,1567,3166,4733,2007
41053,165,3,168,2007
41057,338,10,348,2007
41059,103,20,123,2007
41061,54,10,64,2007
41067,2144,720,2864,2007
41071,686,130,816,2007
42001,384,4,388,2007
42003,1565,227,1792,2007
42005,65,38,103,2007
42007,237,47,284,2007
42009,114,0,114,2007
42011,1009,279,1288,2007
42013,140,154,294,2007
42015,122,0,122,2007
42017,1072,287,1359,2007
42019,681,327,1008,2007
42021,158,16,174,2007
42023,1,0,1,2007
42025,412,58,470,2007
42027,475,159,634,2007
42029,1763,329,2092,2007
42031,58,2,60,2007
42033,131,3,134,2007
42035,93,5,98,2007
42037,170,10,180,2007
42039,154,24,178,2007
42041,1287,159,1446,2007
42043,658,40,698,2007
42045,454,96,550,2007
42047,58,0,58,2007
42049,583,227,810,2007
42051,67,13,80,2007
42053,4,0,4,2007
42055,673,411,1084,2007
42057,57,0,57,2007
42059,76,0,76,2007
42061,113,0,113,2007
42063,162,76,238,2007
42065,97,19,116,2007
42067,65,0,65,2007
42069,549,30,579,2007
42071,1386,345,1731,2007
42073,84,13,97,2007
42075,497,0,497,2007
42077,1025,23,1048,2007
42079,650,121,771,2007
42081,197,9,206,2007
42083,30,0,30,2007
42085,194,28,222,2007
42087,79,8,87,2007
42089,900,64,964,2007
42091,1599,724,2323,2007
42093,61,0,61,2007
42095,962,51,1013,2007
42097,128,0,128,2007
42099,85,0,85,2007
42101,591,1381,1972,2007
42103,709,2,711,2007
42105,13,0,13,2007
42107,326,77,403,2007
42109,92,0,92,2007
42111,155,4,159,2007
42113,45,0,45,2007
42115,111,5,116,2007
42117,98,0,98,2007
42119,105,4,109,2007
42121,71,0,71,2007
42123,48,20,68,2007
42125,586,45,631,2007
42127,290,0,290,2007
42129,643,139,782,2007
42131,66,0,66,2007
42133,1964,65,2029,2007
44001,41,10,51,2007
44003,287,113,400,2007
44005,137,11,148,2007
44007,469,276,745,2007
44009,461,133,594,2007
45001,50,0,50,2007
45003,1008,338,1346,2007
45005,0,0,0,2007
45007,1156,70,1226,2007
45009,11,0,11,2007
45011,18,0,18,2007
45013,1903,321,2224,2007
45015,1738,50,1788,2007
45017,68,0,68,2007
45019,2857,1116,3973,2007
45021,141,114,255,2007
45023,84,0,84,2007
45025,76,0,76,2007
45027,156,84,240,2007
45029,216,2,218,2007
45031,105,0,105,2007
45033,38,0,38,2007
45035,1007,12,1019,2007
45037,115,4,119,2007
45039,65,0,65,2007
45041,672,272,944,2007
45043,353,52,405,2007
45045,3657,1008,4665,2007
45047,195,26,221,2007
45049,30,0,30,2007
45051,3813,1455,5268,2007
45053,239,272,511,2007
45055,524,0,524,2007
45057,277,0,277,2007
45059,174,0,174,2007
45061,22,0,22,2007
45063,2409,235,2644,2007
45065,82,0,82,2007
45067,45,0,45,2007
45069,24,30,54,2007
45071,136,0,136,2007
45073,975,157,1132,2007
45075,228,54,282,2007
45077,544,28,572,2007
45079,2463,1054,3517,2007
45081,47,0,47,2007
45083,1646,0,1646,2007
45085,568,348,916,2007
45087,32,0,32,2007
45089,59,0,59,2007
45091,2791,712,3503,2007
46003,9,0,9,2007
46005,27,3,30,2007
46007,0,0,0,2007
46009,7,0,7,2007
46011,178,95,273,2007
46013,126,46,172,2007
46015,7,0,7,2007
46019,75,0,75,2007
46021,0,0,0,2007
46023,7,0,7,2007
46025,5,0,5,2007
46027,42,34,76,2007
46029,123,10,133,2007
46031,0,0,0,2007
46033,66,6,72,2007
46035,56,5,61,2007
46037,23,0,23,2007
46039,12,0,12,2007
46041,0,0,0,2007
46043,1,0,1,2007
46045,15,0,15,2007
46047,7,0,7,2007
46049,0,4,4,2007
46051,24,0,24,2007
46053,9,0,9,2007
46055,1,0,1,2007
46057,35,0,35,2007
46059,8,0,8,2007
46061,6,0,6,2007
46063,0,0,0,2007
46065,34,0,34,2007
46067,10,9,19,2007
46069,4,0,4,2007
46071,1,0,1,2007
46073,3,0,3,2007
46075,1,3,4,2007
46077,19,0,19,2007
46079,46,11,57,2007
46081,179,4,183,2007
46083,261,42,303,2007
46085,5,0,5,2007
46087,20,0,20,2007
46089,5,0,5,2007
46091,12,0,12,2007
46093,90,0,90,2007
46095,0,0,0,2007
46097,4,4,8,2007
46099,1217,819,2036,2007
46101,26,0,26,2007
46103,537,330,867,2007
46105,3,0,3,2007
46107,0,0,0,2007
46109,20,0,20,2007
46111,10,0,10,2007
46115,19,10,29,2007
46117,13,0,13,2007
46119,5,0,5,2007
46121,3,0,3,2007
46123,2,0,2,2007
46125,19,4,23,2007
46127,82,8,90,2007
46129,8,0,8,2007
46135,90,48,138,2007
47001,253,26,279,2007
47003,222,0,222,2007
47005,4,0,4,2007
47009,700,10,710,2007
47011,436,168,604,2007
47013,28,32,60,2007
47015,8,0,8,2007
47017,9,0,9,2007
47019,198,2,200,2007
47021,231,0,231,2007
47023,38,4,42,2007
47025,115,24,139,2007
47029,3,0,3,2007
47031,429,63,492,2007
47033,3,0,3,2007
47035,100,62,162,2007
47037,3253,2290,5543,2007
47039,2,0,2,2007
47041,25,0,25,2007
47043,301,10,311,2007
47045,89,0,89,2007
47047,660,0,660,2007
47049,0,0,0,2007
47051,238,16,254,2007
47053,277,2,279,2007
47055,16,0,16,2007
47057,5,0,5,2007
47059,280,12,292,2007
47061,0,0,0,2007
47063,247,7,254,2007
47065,1389,446,1835,2007
47067,0,0,0,2007
47069,101,0,101,2007
47071,15,10,25,2007
47073,76,0,76,2007
47075,60,2,62,2007
47077,19,0,19,2007
47079,24,4,28,2007
47081,0,0,0,2007
47083,1,0,1,2007
47085,23,0,23,2007
47089,458,14,472,2007
47091,3,0,3,2007
47093,2620,737,3357,2007
47095,7,2,9,2007
47097,92,2,94,2007
47099,9,0,9,2007
47101,2,0,2,2007
47103,12,0,12,2007
47105,372,0,372,2007
47107,64,0,64,2007
47109,24,0,24,2007
47111,11,20,31,2007
47113,401,100,501,2007
47115,127,0,127,2007
47117,163,0,163,2007
47119,1137,156,1293,2007
47121,95,0,95,2007
47123,164,14,178,2007
47125,1378,535,1913,2007
47127,50,2,52,2007
47129,0,4,4,2007
47131,35,0,35,2007
47133,18,0,18,2007
47135,0,0,0,2007
47139,215,0,215,2007
47141,412,98,510,2007
47143,134,7,141,2007
47145,64,4,68,2007
47147,526,0,526,2007
47149,2817,261,3078,2007
47151,8,0,8,2007
47153,20,0,20,2007
47155,249,271,520,2007
47157,2273,2052,4325,2007
47159,82,15,97,2007
47161,15,0,15,2007
47163,610,164,774,2007
47165,1344,13,1357,2007
47167,385,9,394,2007
47169,55,0,55,2007
47171,5,0,5,2007
47173,131,0,131,2007
47177,20,17,37,2007
47179,673,88,761,2007
47181,4,0,4,2007
47183,71,10,81,2007
47185,11,0,11,2007
47187,1029,54,1083,2007
47189,1245,2,1247,2007
48001,214,0,214,2007
48003,154,0,154,2007
48005,119,0,119,2007
48007,167,206,373,2007
48009,9,0,9,2007
48011,0,0,0,2007
48013,71,0,71,2007
48015,54,0,54,2007
48017,0,0,0,2007
48019,2,0,2,2007
48021,54,152,206,2007
48023,0,0,0,2007
48025,4,0,4,2007
48027,2270,550,2820,2007
48029,5565,3939,9504,2007
48031,18,0,18,2007
48035,7,0,7,2007
48037,134,144,278,2007
48039,2703,1058,3761,2007
48041,863,1036,1899,2007
48043,30,0,30,2007
48047,6,0,6,2007
48049,33,0,33,2007
48051,12,0,12,2007
48053,478,37,515,2007
48055,30,0,30,2007
48057,82,2,84,2007
48059,5,0,5,2007
48061,1728,363,2091,2007
48063,4,0,4,2007
48065,4,0,4,2007
48067,4,0,4,2007
48069,1,0,1,2007
48071,457,0,457,2007
48073,17,86,103,2007
48075,3,0,3,2007
48077,6,12,18,2007
48079,0,0,0,2007
48081,5,0,5,2007
48083,2,0,2,2007
48085,6743,3168,9911,2007
48087,0,0,0,2007
48089,16,0,16,2007
48091,1856,0,1856,2007
48093,1,0,1,2007
48097,23,6,29,2007
48099,197,168,365,2007
48101,0,0,0,2007
48103,15,0,15,2007
48107,5,0,5,2007
48109,2,0,2,2007
48111,16,0,16,2007
48113,6427,6868,13295,2007
48115,0,0,0,2007
48117,25,0,25,2007
48119,10,0,10,2007
48121,2301,1379,3680,2007
48123,5,0,5,2007
48127,14,0,14,2007
48129,4,0,4,2007
48133,0,0,0,2007
48135,215,224,439,2007
48139,1205,150,1355,2007
48141,3190,1189,4379,2007
48143,66,40,106,2007
48145,10,2,12,2007
48147,33,34,67,2007
48149,22,0,22,2007
48151,0,0,0,2007
48153,0,0,0,2007
48157,7046,856,7902,2007
48159,4,0,4,2007
48161,22,0,22,2007
48163,11,0,11,2007
48165,11,0,11,2007
48167,2587,229,2816,2007
48169,1,0,1,2007
48171,63,66,129,2007
48177,6,0,6,2007
48179,3,0,3,2007
48181,266,252,518,2007
48183,340,17,357,2007
48185,17,6,23,2007
48187,1232,0,1232,2007
48189,4,0,4,2007
48191,0,0,0,2007
48193,4,0,4,2007
48195,2,0,2,2007
48197,1,0,1,2007
48199,141,0,141,2007
48201,23985,16253,40238,2007
48203,40,0,40,2007
48207,2,3,5,2007
48209,1527,448,1975,2007
48211,0,0,0,2007
48213,114,48,162,2007
48215,5079,1379,6458,2007
48217,21,0,21,2007
48219,23,0,23,2007
48221,105,0,105,2007
48223,18,2,20,2007
48225,6,0,6,2007
48227,16,63,79,2007
48231,83,36,119,2007
48233,7,0,7,2007
48237,1,0,1,2007
48239,15,0,15,2007
48241,14,72,86,2007
48245,678,1055,1733,2007
48249,32,50,82,2007
48251,1240,180,1420,2007
48253,1,0,1,2007
48255,44,0,44,2007
48257,307,0,307,2007
48259,533,0,533,2007
48265,0,0,0,2007
48267,0,0,0,2007
48271,0,0,0,2007
48273,33,0,33,2007
48277,47,0,47,2007
48279,0,0,0,2007
48281,20,4,24,2007
48283,15,0,15,2007
48285,15,0,15,2007
48287,14,0,14,2007
48291,251,0,251,2007
48293,19,0,19,2007
48295,2,0,2,2007
48297,2,0,2,2007
48299,259,0,259,2007
48303,933,342,1275,2007
48305,1,0,1,2007
48307,4,0,4,2007
48309,816,248,1064,2007
48313,15,0,15,2007
48315,4,0,4,2007
48317,0,0,0,2007
48319,10,0,10,2007
48321,120,0,120,2007
48323,107,3,110,2007
48325,37,6,43,2007
48329,514,0,514,2007
48331,5,32,37,2007
48335,1,0,1,2007
48337,1,0,1,2007
48339,5074,2537,7611,2007
48341,31,56,87,2007
48343,2,0,2,2007
48347,59,40,99,2007
48349,66,0,66,2007
48351,0,0,0,2007
48353,0,0,0,2007
48355,1337,37,1374,2007
48357,3,0,3,2007
48359,1,0,1,2007
48361,262,152,414,2007
48363,13,0,13,2007
48365,12,0,12,2007
48367,382,77,459,2007
48369,6,0,6,2007
48371,13,0,13,2007
48373,240,0,240,2007
48375,648,631,1279,2007
48377,13,2,15,2007
48379,8,3,11,2007
48381,23,9,32,2007
48383,3,0,3,2007
48385,0,2,2,2007
48387,2,0,2,2007
48389,1,0,1,2007
48391,5,0,5,2007
48395,16,0,16,2007
48397,759,166,925,2007
48399,0,0,0,2007
48401,14,0,14,2007
48403,1,0,1,2007
48405,1,0,1,2007
48407,0,0,0,2007
48409,267,3,270,2007
48411,0,0,0,2007
48413,1,0,1,2007
48415,4,0,4,2007
48419,7,0,7,2007
48421,17,2,19,2007
48423,370,92,462,2007
48425,55,0,55,2007
48429,0,0,0,2007
48435,4,0,4,2007
48437,1,0,1,2007
48439,8590,3382,11972,2007
48441,277,10,287,2007
48445,5,0,5,2007
48449,34,12,46,2007
48451,356,0,356,2007
48453,6602,5419,12021,2007
48455,0,0,0,2007
48457,2,0,2,2007
48459,6,4,10,2007
48461,4,0,4,2007
48463,22,6,28,2007
48465,185,0,185,2007
48467,29,0,29,2007
48469,103,0,103,2007
48471,64,608,672,2007
48473,60,124,184,2007
48475,15,0,15,2007
48477,75,24,99,2007
48479,1257,324,1581,2007
48481,50,0,50,2007
48483,0,0,0,2007
48485,209,530,739,2007
48487,2,44,46,2007
48489,30,4,34,2007
48491,3907,1764,5671,2007
48493,54,0,54,2007
48495,6,0,6,2007
48497,109,6,115,2007
48499,17,4,21,2007
48501,13,0,13,2007
48503,7,0,7,2007
48507,31,0,31,2007
49001,33,8,41,2007
49003,390,46,436,2007
49005,846,89,935,2007
49007,74,0,74,2007
49009,4,0,4,2007
49011,1574,325,1899,2007
49013,200,0,200,2007
49015,37,0,37,2007
49017,87,2,89,2007
49019,108,14,122,2007
49021,378,333,711,2007
49023,75,12,87,2007
49025,142,5,147,2007
49027,34,0,34,2007
49029,153,0,153,2007
49031,10,0,10,2007
49033,107,0,107,2007
49035,3070,1486,4556,2007
49037,53,0,53,2007
49039,59,0,59,2007
49041,103,18,121,2007
49043,649,503,1152,2007
49045,535,2,537,2007
49047,511,30,541,2007
49049,3807,604,4411,2007
49051,415,4,419,2007
49053,1792,157,1949,2007
49055,26,0,26,2007
49057,1208,174,1382,2007
50001,135,32,167,2007
50003,112,36,148,2007
50005,102,10,112,2007
50007,262,239,501,2007
50009,27,0,27,2007
50011,140,32,172,2007
50013,44,0,44,2007
50015,77,2,79,2007
50017,32,2,34,2007
50019,85,59,144,2007
50021,76,2,78,2007
50023,180,25,205,2007
50025,143,0,143,2007
50027,168,34,202,2007
51001,176,47,223,2007
51003,488,92,580,2007
51005,21,0,21,2007
51007,94,0,94,2007
51009,108,4,112,2007
51011,113,0,113,2007
51013,151,1970,2121,2007
51015,337,0,337,2007
51017,21,0,21,2007
51019,528,0,528,2007
51021,29,0,29,2007
51023,137,0,137,2007
51025,56,0,56,2007
51027,10,13,23,2007
51029,101,0,101,2007
51031,281,172,453,2007
51033,272,0,272,2007
51035,174,0,174,2007
51036,37,0,37,2007
51037,64,0,64,2007
51041,1273,829,2102,2007
51043,56,2,58,2007
51045,26,0,26,2007
51047,726,0,726,2007
51049,49,0,49,2007
51051,15,0,15,2007
51053,225,0,225,2007
51057,114,26,140,2007
51059,1268,250,1518,2007
51061,289,15,304,2007
51063,85,0,85,2007
51065,172,0,172,2007
51067,374,9,383,2007
51069,485,32,517,2007
51071,48,0,48,2007
51073,354,0,354,2007
51075,196,0,196,2007
51077,96,0,96,2007
51079,174,0,174,2007
51081,49,0,49,2007
51083,95,0,95,2007
51085,519,0,519,2007
51087,1228,19,1247,2007
51089,83,0,83,2007
51091,12,0,12,2007
51093,236,0,236,2007
51095,669,0,669,2007
51097,60,0,60,2007
51099,236,0,236,2007
51101,185,0,185,2007
51103,110,2,112,2007
51105,59,0,59,2007
51107,2479,399,2878,2007
51109,530,0,530,2007
51111,92,0,92,2007
51113,71,0,71,2007
51115,51,0,51,2007
51117,182,0,182,2007
51119,107,0,107,2007
51121,370,282,652,2007
51125,123,0,123,2007
51127,232,0,232,2007
51131,77,0,77,2007
51133,185,0,185,2007
51135,51,7,58,2007
51137,329,0,329,2007
51139,114,0,114,2007
51141,77,5,82,2007
51143,148,10,158,2007
51145,222,0,222,2007
51147,118,2,120,2007
51149,182,28,210,2007
51153,2478,13,2491,2007
51155,130,2,132,2007
51157,43,0,43,2007
51159,37,0,37,2007
51161,347,16,363,2007
51163,197,8,205,2007
51165,558,0,558,2007
51167,79,7,86,2007
51169,35,0,35,2007
51171,258,6,264,2007
51173,65,0,65,2007
51175,114,2,116,2007
51177,580,8,588,2007
51179,732,60,792,2007
51181,72,0,72,2007
51183,90,0,90,2007
51185,74,14,88,2007
51187,245,0,245,2007
51191,212,38,250,2007
51193,281,0,281,2007
51195,56,2,58,2007
51197,121,72,193,2007
51199,204,91,295,2007
51510,93,261,354,2007
51515,10,0,10,2007
51520,108,12,120,2007
51530,20,16,36,2007
51540,194,74,268,2007
51550,758,4,762,2007
51570,16,0,16,2007
51580,3,0,3,2007
51590,26,104,130,2007
51595,30,0,30,2007
51600,30,0,30,2007
51610,14,0,14,2007
51620,21,0,21,2007
51630,101,0,101,2007
51640,3,0,3,2007
51650,217,189,406,2007
51660,344,404,748,2007
51670,158,0,158,2007
51678,12,0,12,2007
51680,396,104,500,2007
51683,95,0,95,2007
51685,0,0,0,2007
51690,6,0,6,2007
51700,124,439,563,2007
51710,313,36,349,2007
51720,9,0,9,2007
51730,34,76,110,2007
51735,59,0,59,2007
51740,189,203,392,2007
51750,20,0,20,2007
51760,356,208,564,2007
51770,89,0,89,2007
51775,8,0,8,2007
51790,72,129,201,2007
51800,474,117,591,2007
51810,821,275,1096,2007
51820,103,0,103,2007
51830,25,195,220,2007
51840,81,18,99,2007
53001,52,0,52,2007
53003,58,10,68,2007
53005,818,199,1017,2007
53007,472,156,628,2007
53009,419,313,732,2007
53011,1803,547,2350,2007
53013,15,0,15,2007
53015,485,93,578,2007
53017,295,184,479,2007
53019,32,0,32,2007
53021,578,8,586,2007
53023,8,0,8,2007
53025,655,153,808,2007
53027,462,41,503,2007
53029,463,56,519,2007
53031,269,0,269,2007
53033,5206,10212,15418,2007
53035,1239,131,1370,2007
53037,508,41,549,2007
53039,132,2,134,2007
53041,487,20,507,2007
53043,53,6,59,2007
53045,411,24,435,2007
53047,210,16,226,2007
53049,153,9,162,2007
53051,143,4,147,2007
53053,3571,1561,5132,2007
53055,157,50,207,2007
53057,793,14,807,2007
53059,82,0,82,2007
53061,3618,1235,4853,2007
53063,2139,638,2777,2007
53065,240,12,252,2007
53067,2027,576,2603,2007
53069,50,0,50,2007
53071,211,18,229,2007
53073,858,374,1232,2007
53075,125,173,298,2007
53077,1093,131,1224,2007
54001,6,2,8,2007
54003,1077,181,1258,2007
54005,11,0,11,2007
54007,1,0,1,2007
54009,15,0,15,2007
54011,132,102,234,2007
54015,14,0,14,2007
54019,80,0,80,2007
54021,0,0,0,2007
54023,43,25,68,2007
54025,143,0,143,2007
54027,186,0,186,2007
54029,27,0,27,2007
54031,104,0,104,2007
54033,121,35,156,2007
54035,7,0,7,2007
54037,487,302,789,2007
54039,202,76,278,2007
54041,0,0,0,2007
54043,31,0,31,2007
54045,4,0,4,2007
54047,3,0,3,2007
54049,13,0,13,2007
54051,3,0,3,2007
54053,4,0,4,2007
54055,14,0,14,2007
54057,111,0,111,2007
54059,0,0,0,2007
54061,30,73,103,2007
54063,2,0,2,2007
54065,120,0,120,2007
54067,1,0,1,2007
54069,22,50,72,2007
54071,49,0,49,2007
54073,5,0,5,2007
54075,2,0,2,2007
54077,0,0,0,2007
54079,205,11,216,2007
54081,224,0,224,2007
54083,11,0,11,2007
54085,4,0,4,2007
54087,78,0,78,2007
54089,32,0,32,2007
54091,5,0,5,2007
54093,8,0,8,2007
54095,0,0,0,2007
54097,48,0,48,2007
54099,58,2,60,2007
54101,0,0,0,2007
54103,3,2,5,2007
54105,16,0,16,2007
54107,155,16,171,2007
54109,1,0,1,2007
55001,202,22,224,2007
55003,54,0,54,2007
55005,163,18,181,2007
55007,140,0,140,2007
55009,811,319,1130,2007
55011,35,8,43,2007
55013,147,14,161,2007
55015,133,8,141,2007
55017,274,39,313,2007
55019,78,2,80,2007
55021,206,38,244,2007
55023,40,0,40,2007
55025,1217,1097,2314,2007
55027,199,152,351,2007
55029,208,80,288,2007
55031,175,10,185,2007
55033,149,20,169,2007
55035,230,108,338,2007
55037,22,0,22,2007
55039,243,30,273,2007
55041,97,0,97,2007
55043,76,49,125,2007
55045,116,8,124,2007
55047,52,4,56,2007
55049,59,6,65,2007
55051,68,0,68,2007
55053,126,0,126,2007
55055,256,80,336,2007
55057,164,4,168,2007
55059,497,20,517,2007
55061,48,13,61,2007
55063,381,188,569,2007
55065,56,0,56,2007
55067,110,2,112,2007
55069,131,4,135,2007
55071,139,26,165,2007
55073,401,274,675,2007
55075,206,0,206,2007
55077,86,4,90,2007
55078,20,0,20,2007
55079,378,852,1230,2007
55081,151,51,202,2007
55083,700,2,702,2007
55085,278,2,280,2007
55087,540,119,659,2007
55089,232,20,252,2007
55091,17,2,19,2007
55093,189,4,193,2007
55095,215,34,249,2007
55097,226,184,410,2007
55099,88,0,88,2007
55101,508,124,632,2007
55103,29,0,29,2007
55105,410,67,477,2007
55107,84,0,84,2007
55109,338,31,369,2007
55111,246,80,326,2007
55113,173,4,177,2007
55115,98,12,110,2007
55117,196,193,389,2007
55119,44,0,44,2007
55121,108,64,172,2007
55123,85,32,117,2007
55125,212,111,323,2007
55127,349,226,575,2007
55129,146,24,170,2007
55131,501,160,661,2007
55133,971,152,1123,2007
55135,210,72,282,2007
55137,128,8,136,2007
55139,441,118,559,2007
55141,155,181,336,2007
56001,192,72,264,2007
56003,23,0,23,2007
56005,398,604,1002,2007
56007,94,2,96,2007
56009,99,16,115,2007
56011,27,0,27,2007
56013,45,9,54,2007
56015,13,0,13,2007
56017,8,0,8,2007
56019,45,2,47,2007
56021,316,0,316,2007
56023,177,30,207,2007
56025,429,0,429,2007
56027,0,0,0,2007
56029,234,10,244,2007
56031,32,0,32,2007
56033,328,11,339,2007
56035,257,6,263,2007
56037,438,34,472,2007
56039,179,53,232,2007
56041,328,0,328,2007
56043,25,0,25,2007
56045,19,0,19,2007
01001,173,0,173,2008
01003,1268,898,2166,2008
01005,14,0,14,2008
01007,29,42,71,2008
01009,14,6,20,2008
01011,0,0,0,2008
01013,15,0,15,2008
01015,183,14,197,2008
01017,3,0,3,2008
01019,16,4,20,2008
01021,37,0,37,2008
01023,2,0,2,2008
01025,16,48,64,2008
01027,2,0,2,2008
01029,13,0,13,2008
01031,255,10,265,2008
01033,128,64,192,2008
01035,0,48,48,2008
01037,0,0,0,2008
01039,13,0,13,2008
01041,8,0,8,2008
01043,51,0,51,2008
01045,55,8,63,2008
01047,2,0,2,2008
01049,47,0,47,2008
01051,110,0,110,2008
01053,20,0,20,2008
01055,191,8,199,2008
01057,2,0,2,2008
01059,13,8,21,2008
01061,10,0,10,2008
01063,2,0,2,2008
01065,38,0,38,2008
01067,4,0,4,2008
01069,347,2,349,2008
01071,63,0,63,2008
01073,1393,946,2339,2008
01075,2,4,6,2008
01077,124,29,153,2008
01079,5,0,5,2008
01081,726,571,1297,2008
01083,117,84,201,2008
01085,5,0,5,2008
01087,12,0,12,2008
01089,2308,655,2963,2008
01091,26,0,26,2008
01093,9,0,9,2008
01095,103,16,119,2008
01097,1434,982,2416,2008
01099,8,0,8,2008
01101,353,8,361,2008
01103,178,12,190,2008
01105,0,0,0,2008
01107,4,0,4,2008
01109,57,40,97,2008
01111,0,0,0,2008
01113,387,29,416,2008
01115,144,0,144,2008
01117,685,40,725,2008
01119,44,0,44,2008
01121,215,144,359,2008
01123,18,0,18,2008
01125,487,727,1214,2008
01127,23,0,23,2008
01129,6,0,6,2008
01131,0,0,0,2008
01133,0,0,0,2008
02000,91,0,91,2008
02013,0,0,0,2008
02016,2,0,2,2008
02020,223,177,400,2008
02050,0,0,0,2008
02060,9,0,9,2008
02090,54,6,60,2008
02100,3,0,3,2008
02110,22,0,22,2008
02122,94,0,94,2008
02130,35,10,45,2008
02150,20,0,20,2008
02170,44,16,60,2008
02180,4,0,4,2008
02185,7,0,7,2008
02188,0,0,0,2008
02201,3,0,3,2008
02220,14,16,30,2008
02232,3,0,3,2008
02261,25,9,34,2008
02280,13,0,13,2008
02282,1,0,1,2008
02290,0,0,0,2008
04001,79,16,95,2008
04003,417,55,472,2008
04005,277,6,283,2008
04007,135,67,202,2008
04009,268,2,270,2008
04011,96,0,96,2008
04012,51,0,51,2008
04013,9643,5870,15513,2008
04015,455,101,556,2008
04017,414,0,414,2008
04019,2743,478,3221,2008
04021,3014,6,3020,2008
04023,171,104,275,2008
04025,604,183,787,2008
04027,786,41,827,2008
05001,17,0,17,2008
05003,0,0,0,2008
05005,36,0,36,2008
05007,613,62,675,2008
05009,36,0,36,2008
05011,5,0,5,2008
05013,0,0,0,2008
05015,21,0,21,2008
05017,7,0,7,2008
05019,15,0,15,2008
05021,3,0,3,2008
05023,21,58,79,2008
05025,0,0,0,2008
05027,8,0,8,2008
05029,5,6,11,2008
05031,553,15,568,2008
05033,77,92,169,2008
05035,146,10,156,2008
05037,27,10,37,2008
05039,2,0,2,2008
05041,2,4,6,2008
05043,3,10,13,2008
05045,290,681,971,2008
05047,9,0,9,2008
05049,1,0,1,2008
05051,54,0,54,2008
05053,17,14,31,2008
05055,133,56,189,2008
05057,0,0,0,2008
05059,8,0,8,2008
05061,4,0,4,2008
05063,12,2,14,2008
05065,5,0,5,2008
05067,5,0,5,2008
05069,56,70,126,2008
05071,62,48,110,2008
05073,0,0,0,2008
05075,12,0,12,2008
05077,0,0,0,2008
05079,5,0,5,2008
05081,6,0,6,2008
05083,10,0,10,2008
05085,268,0,268,2008
05087,2,0,2,2008
05089,22,0,22,2008
05091,47,22,69,2008
05093,46,4,50,2008
05095,2,0,2,2008
05099,2,0,2,2008
05101,0,0,0,2008
05103,9,0,9,2008
05105,5,0,5,2008
05107,3,0,3,2008
05111,23,0,23,2008
05113,7,4,11,2008
05115,78,23,101,2008
05117,6,0,6,2008
05119,807,298,1105,2008
05121,5,0,5,2008
05123,7,0,7,2008
05125,455,0,455,2008
05127,2,3,5,2008
05129,3,0,3,2008
05131,280,157,437,2008
05133,4,0,4,2008
05135,16,0,16,2008
05137,23,0,23,2008
05139,15,0,15,2008
05141,34,0,34,2008
05143,598,1465,2063,2008
05145,156,477,633,2008
05147,3,0,3,2008
05149,5,0,5,2008
06001,780,1153,1933,2008
06003,8,0,8,2008
06005,80,2,82,2008
06007,532,60,592,2008
06009,126,0,126,2008
06011,17,0,17,2008
06013,1023,1020,2043,2008
06015,32,84,116,2008
06017,283,142,425,2008
06019,2094,466,2560,2008
06021,44,0,44,2008
06023,211,120,331,2008
06025,259,252,511,2008
06027,10,0,10,2008
06029,1610,983,2593,2008
06031,236,137,373,2008
06033,125,25,150,2008
06035,31,16,47,2008
06037,3249,8561,11810,2008
06039,233,7,240,2008
06041,192,140,332,2008
06043,54,0,54,2008
06045,143,2,145,2008
06047,244,105,349,2008
06049,9,0,9,2008
06051,26,0,26,2008
06053,236,220,456,2008
06055,216,14,230,2008
06057,188,11,199,2008
06059,1330,1905,3235,2008
06061,1393,316,1709,2008
06063,63,0,63,2008
06065,3820,1943,5763,2008
06067,1952,1101,3053,2008
06069,19,0,19,2008
06071,1976,1207,3183,2008
06073,2361,2996,5357,2008
06075,57,2238,2295,2008
06077,765,54,819,2008
06079,518,156,674,2008
06081,307,645,952,2008
06083,222,183,405,2008
06085,939,2532,3471,2008
06087,215,102,317,2008
06089,358,172,530,2008
06091,8,0,8,2008
06093,103,4,107,2008
06095,326,239,565,2008
06097,544,68,612,2008
06099,460,21,481,2008
06101,98,0,98,2008
06103,102,54,156,2008
06105,25,0,25,2008
06107,1275,212,1487,2008
06109,106,0,106,2008
06111,374,519,893,2008
06113,324,0,324,2008
06115,101,62,163,2008
08001,650,132,782,2008
08003,29,29,58,2008
08005,755,1009,1764,2008
08007,81,72,153,2008
08009,0,0,0,2008
08011,5,0,5,2008
08013,305,717,1022,2008
08014,190,637,827,2008
08015,135,0,135,2008
08017,0,0,0,2008
08019,15,0,15,2008
08021,15,0,15,2008
08023,13,0,13,2008
08025,2,0,2,2008
08027,53,0,53,2008
08029,45,50,95,2008
08031,837,2343,3180,2008
08033,1,0,1,2008
08035,926,467,1393,2008
08037,164,13,177,2008
08039,57,0,57,2008
08041,1553,432,1985,2008
08043,90,6,96,2008
08045,287,114,401,2008
08047,39,8,47,2008
08049,231,95,326,2008
08051,84,7,91,2008
08053,18,0,18,2008
08055,33,0,33,2008
08057,12,0,12,2008
08059,374,215,589,2008
08061,3,0,3,2008
08063,1,0,1,2008
08065,33,0,33,2008
08067,290,60,350,2008
08069,649,616,1265,2008
08071,33,0,33,2008
08073,1,0,1,2008
08075,11,0,11,2008
08077,692,92,784,2008
08079,14,0,14,2008
08081,41,0,41,2008
08083,24,7,31,2008
08085,154,43,197,2008
08087,36,0,36,2008
08089,6,0,6,2008
08091,34,2,36,2008
08093,160,0,160,2008
08095,4,0,4,2008
08097,80,36,116,2008
08099,6,0,6,2008
08101,379,37,416,2008
08103,38,27,65,2008
08105,44,0,44,2008
08107,173,219,392,2008
08109,44,0,44,2008
08111,7,0,7,2008
08113,46,79,125,2008
08115,1,0,1,2008
08117,196,159,355,2008
08119,91,0,91,2008
08121,1,0,1,2008
08123,852,128,980,2008
08125,4,0,4,2008
09001,713,1101,1814,2008
09003,686,353,1039,2008
09005,249,12,261,2008
09007,215,140,355,2008
09009,615,305,920,2008
09011,308,55,363,2008
09013,197,100,297,2008
09015,156,15,171,2008
10001,824,164,988,2008
10003,641,181,822,2008
10005,1215,321,1536,2008
11001,248,288,536,2008
12001,437,569,1006,2008
12003,92,0,92,2008
12005,410,508,918,2008
12007,44,0,44,2008
12009,1253,372,1625,2008
12011,908,1256,2164,2008
12013,30,0,30,2008
12015,312,121,433,2008
12017,750,20,770,2008
12019,715,30,745,2008
12021,652,299,951,2008
12023,227,0,227,2008
12027,163,0,163,2008
12029,53,0,53,2008
12031,2643,1628,4271,2008
12033,554,188,742,2008
12035,255,393,648,2008
12037,24,0,24,2008
12039,172,0,172,2008
12041,45,3,48,2008
12043,18,0,18,2008
12045,62,0,62,2008
12047,26,0,26,2008
12049,56,0,56,2008
12051,128,0,128,2008
12053,383,8,391,2008
12055,161,6,167,2008
12057,3110,3090,6200,2008
12059,51,0,51,2008
12061,619,40,659,2008
12063,93,0,93,2008
12065,56,0,56,2008
12067,14,0,14,2008
12069,861,885,1746,2008
12071,1216,386,1602,2008
12073,560,277,837,2008
12075,101,0,101,2008
12077,17,0,17,2008
12079,48,0,48,2008
12081,1012,258,1270,2008
12083,1119,20,1139,2008
12085,174,50,224,2008
12086,1086,2388,3474,2008
12087,215,45,260,2008
12089,418,67,485,2008
12091,351,742,1093,2008
12093,177,0,177,2008
12095,2473,2923,5396,2008
12097,1033,1019,2052,2008
12099,1278,905,2183,2008
12101,1182,1188,2370,2008
12103,418,234,652,2008
12105,2268,981,3249,2008
12107,58,0,58,2008
12109,1281,89,1370,2008
12111,684,345,1029,2008
12113,536,12,548,2008
12115,571,231,802,2008
12117,913,126,1039,2008
12119,2414,296,2710,2008
12121,52,0,52,2008
12123,32,0,32,2008
12125,22,0,22,2008
12127,1031,335,1366,2008
12129,106,0,106,2008
12131,423,0,423,2008
12133,63,0,63,2008
13001,5,0,5,2008
13003,2,0,2,2008
13005,0,0,0,2008
13007,0,0,0,2008
13009,115,168,283,2008
13011,74,0,74,2008
13013,283,0,283,2008
13015,351,9,360,2008
13017,30,0,30,2008
13019,51,0,51,2008
13021,179,304,483,2008
13023,27,0,27,2008
13025,10,0,10,2008
13027,4,0,4,2008
13029,242,10,252,2008
13031,328,54,382,2008
13033,50,12,62,2008
13035,67,0,67,2008
13037,0,0,0,2008
13039,231,64,295,2008
13043,4,0,4,2008
13045,279,0,279,2008
13047,234,24,258,2008
13049,32,0,32,2008
13051,1117,523,1640,2008
13053,6,0,6,2008
13055,1,2,3,2008
13057,908,4,912,2008
13059,204,61,265,2008
13061,10,0,10,2008
13063,403,0,403,2008
13065,9,0,9,2008
13067,727,341,1068,2008
13069,75,7,82,2008
13071,123,56,179,2008
13073,841,0,841,2008
13075,34,12,46,2008
13077,503,0,503,2008
13079,60,0,60,2008
13081,39,0,39,2008
13083,2,0,2,2008
13085,99,0,99,2008
13087,89,6,95,2008
13089,768,3053,3821,2008
13091,22,0,22,2008
13093,13,0,13,2008
13095,38,53,91,2008
13097,278,306,584,2008
13099,18,0,18,2008
13101,5,0,5,2008
13103,201,10,211,2008
13105,67,0,67,2008
13107,6,2,8,2008
13109,50,0,50,2008
13111,185,0,185,2008
13113,142,5,147,2008
13115,180,44,224,2008
13117,1259,219,1478,2008
13119,11,7,18,2008
13121,2211,2456,4667,2008
13123,227,13,240,2008
13127,395,0,395,2008
13129,117,42,159,2008
13131,53,71,124,2008
13133,189,0,189,2008
13135,1363,596,1959,2008
13137,169,3,172,2008
13139,416,322,738,2008
13141,32,0,32,2008
13143,41,0,41,2008
13145,144,0,144,2008
13147,82,104,186,2008
13149,13,0,13,2008
13151,479,258,737,2008
13153,691,226,917,2008
13155,18,0,18,2008
13157,329,0,329,2008
13159,69,0,69,2008
13161,1,0,1,2008
13163,25,0,25,2008
13165,14,0,14,2008
13167,8,0,8,2008
13169,92,12,104,2008
13171,52,50,102,2008
13173,92,0,92,2008
13175,18,8,26,2008
13177,142,0,142,2008
13179,222,0,222,2008
13181,29,0,29,2008
13185,601,144,745,2008
13187,194,0,194,2008
13189,34,0,34,2008
13191,97,0,97,2008
13193,14,0,14,2008
13195,113,0,113,2008
13197,0,0,0,2008
13199,53,0,53,2008
13201,2,0,2,2008
13205,34,0,34,2008
13207,214,0,214,2008
13209,31,0,31,2008
13211,68,0,68,2008
13213,55,0,55,2008
13215,286,248,534,2008
13217,189,0,189,2008
13219,138,0,138,2008
13221,75,0,75,2008
13223,710,3,713,2008
13225,142,38,180,2008
13227,111,0,111,2008
13229,80,4,84,2008
13231,100,0,100,2008
13233,89,0,89,2008
13235,24,0,24,2008
13237,159,0,159,2008
13239,3,0,3,2008
13241,141,22,163,2008
13243,1,0,1,2008
13245,194,56,250,2008
13247,152,2,154,2008
13249,3,0,3,2008
13251,31,0,31,2008
13253,10,8,18,2008
13255,197,0,197,2008
13257,71,41,112,2008
13259,0,0,0,2008
13261,36,44,80,2008
13263,7,0,7,2008
13265,2,0,2,2008
13267,53,0,53,2008
13269,20,0,20,2008
13271,1,0,1,2008
13273,20,4,24,2008
13275,154,73,227,2008
13277,80,0,80,2008
13279,19,14,33,2008
13281,75,0,75,2008
13283,0,6,6,2008
13285,188,20,208,2008
13287,8,0,8,2008
13289,33,0,33,2008
13291,123,0,123,2008
13293,27,10,37,2008
13295,176,14,190,2008
13297,182,3,185,2008
13299,60,2,62,2008
13301,0,0,0,2008
13303,21,0,21,2008
13305,11,0,11,2008
13309,0,0,0,2008
13311,129,122,251,2008
13313,153,94,247,2008
13317,20,0,20,2008
13319,4,0,4,2008
13321,37,0,37,2008
15001,1000,446,1446,2008
15003,780,658,1438,2008
15007,203,274,477,2008
15009,527,227,754,2008
16001,1537,263,1800,2008
16003,27,0,27,2008
16005,211,8,219,2008
16007,18,0,18,2008
16009,22,0,22,2008
16011,113,50,163,2008
16013,68,36,104,2008
16015,51,0,51,2008
16017,7,15,22,2008
16019,329,49,378,2008
16021,69,0,69,2008
16023,2,0,2,2008
16025,16,0,16,2008
16027,745,151,896,2008
16029,19,0,19,2008
16031,53,0,53,2008
16033,6,0,6,2008
16035,35,0,35,2008
16037,7,0,7,2008
16039,95,43,138,2008
16041,53,4,57,2008
16043,86,0,86,2008
16045,21,6,27,2008
16047,41,0,41,2008
16049,7,0,7,2008
16051,134,6,140,2008
16053,137,0,137,2008
16055,699,75,774,2008
16057,66,30,96,2008
16059,26,4,30,2008
16061,1,0,1,2008
16063,2,0,2,2008
16065,179,24,203,2008
16067,14,0,14,2008
16069,61,15,76,2008
16071,7,0,7,2008
16073,23,0,23,2008
16075,39,2,41,2008
16077,12,0,12,2008
16079,3,0,3,2008
16081,181,0,181,2008
16083,307,12,319,2008
16085,108,4,112,2008
16087,36,0,36,2008
17001,59,36,95,2008
17003,1,0,1,2008
17005,30,0,30,2008
17007,84,2,86,2008
17009,2,0,2,2008
17011,49,7,56,2008
17013,21,0,21,2008
17015,33,0,33,2008
17017,11,0,11,2008
17019,333,568,901,2008
17021,43,0,43,2008
17023,1,46,47,2008
17025,0,0,0,2008
17027,103,24,127,2008
17029,23,90,113,2008
17031,1466,7389,8855,2008
17033,6,0,6,2008
17035,1,0,1,2008
17037,143,29,172,2008
17039,19,6,25,2008
17041,30,90,120,2008
17043,721,133,854,2008
17045,9,4,13,2008
17049,55,16,71,2008
17051,8,0,8,2008
17053,24,0,24,2008
17055,16,0,16,2008
17057,49,0,49,2008
17061,1,0,1,2008
17063,120,61,181,2008
17065,0,0,0,2008
17067,2,0,2,2008
17069,0,0,0,2008
17071,9,0,9,2008
17073,43,2,45,2008
17075,53,3,56,2008
17077,24,222,246,2008
17079,1,0,1,2008
17081,3,0,3,2008
17083,50,14,64,2008
17085,60,0,60,2008
17087,3,2,5,2008
17089,1047,54,1101,2008
17091,168,26,194,2008
17093,349,46,395,2008
17095,49,0,49,2008
17097,632,78,710,2008
17099,114,73,187,2008
17101,0,0,0,2008
17103,63,0,63,2008
17105,33,2,35,2008
17107,18,0,18,2008
17109,59,17,76,2008
17111,587,171,758,2008
17113,302,161,463,2008
17115,174,279,453,2008
17117,53,0,53,2008
17119,557,44,601,2008
17121,6,50,56,2008
17123,26,0,26,2008
17125,12,0,12,2008
17127,7,22,29,2008
17129,25,0,25,2008
17131,8,0,8,2008
17133,104,8,112,2008
17135,42,0,42,2008
17137,10,0,10,2008
17139,31,8,39,2008
17141,82,0,82,2008
17143,369,112,481,2008
17145,0,0,0,2008
17147,26,0,26,2008
17149,18,0,18,2008
17151,1,0,1,2008
17153,7,3,10,2008
17155,22,0,22,2008
17157,42,12,54,2008
17159,8,0,8,2008
17161,96,4,100,2008
17163,559,109,668,2008
17165,0,0,0,2008
17167,259,321,580,2008
17173,87,0,87,2008
17175,6,0,6,2008
17177,30,18,48,2008
17179,303,69,372,2008
17181,27,0,27,2008
17183,12,0,12,2008
17185,2,0,2,2008
17187,16,0,16,2008
17189,28,0,28,2008
17191,2,0,2,2008
17193,0,0,0,2008
17195,53,0,53,2008
17197,1152,70,1222,2008
17199,75,72,147,2008
17201,274,105,379,2008
17203,86,23,109,2008
18001,53,12,65,2008
18003,628,213,841,2008
18005,192,0,192,2008
18007,5,0,5,2008
18009,6,0,6,2008
18011,289,17,306,2008
18013,195,0,195,2008
18015,64,0,64,2008
18017,30,0,30,2008
18019,302,54,356,2008
18021,11,24,35,2008
18023,44,0,44,2008
18025,0,0,0,2008
18027,13,49,62,2008
18029,82,24,106,2008
18031,34,18,52,2008
18033,74,0,74,2008
18035,71,4,75,2008
18037,114,28,142,2008
18039,339,150,489,2008
18041,4,0,4,2008
18043,124,54,178,2008
18045,7,0,7,2008
18047,48,34,82,2008
18049,24,0,24,2008
18051,102,0,102,2008
18053,46,0,46,2008
18057,1574,670,2244,2008
18059,168,220,388,2008
18061,67,0,67,2008
18063,640,270,910,2008
18065,20,0,20,2008
18067,46,0,46,2008
18069,64,11,75,2008
18071,66,84,150,2008
18073,118,2,120,2008
18075,15,0,15,2008
18077,45,0,45,2008
18079,57,0,57,2008
18081,459,337,796,2008
18083,39,2,41,2008
18085,212,24,236,2008
18087,104,0,104,2008
18089,629,345,974,2008
18091,174,6,180,2008
18093,14,0,14,2008
18095,79,16,95,2008
18097,841,1054,1895,2008
18099,109,0,109,2008
18101,6,0,6,2008
18103,23,0,23,2008
18105,277,249,526,2008
18107,37,6,43,2008
18109,95,10,105,2008
18111,32,0,32,2008
18113,79,0,79,2008
18115,16,0,16,2008
18117,8,24,32,2008
18119,50,0,50,2008
18121,27,0,27,2008
18123,43,10,53,2008
18125,18,0,18,2008
18127,364,31,395,2008
18129,46,0,46,2008
18131,23,0,23,2008
18133,52,2,54,2008
18135,18,0,18,2008
18137,44,10,54,2008
18139,25,0,25,2008
18141,288,382,670,2008
18143,44,6,50,2008
18145,77,12,89,2008
18147,49,0,49,2008
18149,58,0,58,2008
18151,117,0,117,2008
18153,3,0,3,2008
18155,61,0,61,2008
18157,468,123,591,2008
18159,11,0,11,2008
18161,3,5,8,2008
18163,213,114,327,2008
18165,14,0,14,2008
18167,99,54,153,2008
18169,18,0,18,2008
18171,21,0,21,2008
18173,186,53,239,2008
18175,46,4,50,2008
18177,52,2,54,2008
18179,45,20,65,2008
18181,85,0,85,2008
18183,98,12,110,2008
19001,6,0,6,2008
19003,6,0,6,2008
19005,37,0,37,2008
19007,7,0,7,2008
19009,6,0,6,2008
19011,27,0,27,2008
19013,243,12,255,2008
19015,49,36,85,2008
19017,77,0,77,2008
19019,23,0,23,2008
19021,15,3,18,2008
19023,215,39,254,2008
19025,6,0,6,2008
19027,42,2,44,2008
19029,18,0,18,2008
19031,42,6,48,2008
19033,45,2,47,2008
19035,7,0,7,2008
19037,9,16,25,2008
19039,28,0,28,2008
19041,20,4,24,2008
19043,48,0,48,2008
19045,72,2,74,2008
19047,22,12,34,2008
19049,175,6,181,2008
19051,3,0,3,2008
19053,1,0,1,2008
19055,9,0,9,2008
19057,25,0,25,2008
19059,90,13,103,2008
19061,202,12,214,2008
19063,10,3,13,2008
19065,14,0,14,2008
19067,8,0,8,2008
19069,3,0,3,2008
19071,14,0,14,2008
19073,17,0,17,2008
19075,18,0,18,2008
19077,6,0,6,2008
19079,2,0,2,2008
19081,11,0,11,2008
19083,19,0,19,2008
19085,30,0,30,2008
19087,22,4,26,2008
19089,26,0,26,2008
19091,11,0,11,2008
19093,5,0,5,2008
19095,14,4,18,2008
19097,36,2,38,2008
19099,44,2,46,2008
19101,14,0,14,2008
19103,601,193,794,2008
19105,14,4,18,2008
19107,3,0,3,2008
19109,13,0,13,2008
19111,22,0,22,2008
19113,698,233,931,2008
19115,38,0,38,2008
19117,1,0,1,2008
19119,29,0,29,2008
19121,51,4,55,2008
19123,20,0,20,2008
19125,69,0,69,2008
19127,28,56,84,2008
19129,23,0,23,2008
19131,11,2,13,2008
19133,6,0,6,2008
19135,18,0,18,2008
19137,13,0,13,2008
19139,44,10,54,2008
19141,13,2,15,2008
19143,1,0,1,2008
19145,15,17,32,2008
19147,8,0,8,2008
19149,47,2,49,2008
19151,2,0,2,2008
19153,1350,1059,2409,2008
19155,195,7,202,2008
19157,40,6,46,2008
19159,2,0,2,2008
19161,12,0,12,2008
19163,274,60,334,2008
19165,13,0,13,2008
19167,98,10,108,2008
19169,126,201,327,2008
19171,11,6,17,2008
19173,3,0,3,2008
19175,5,0,5,2008
19177,3,0,3,2008
19179,28,24,52,2008
19181,237,25,262,2008
19183,20,20,40,2008
19185,1,0,1,2008
19187,25,0,25,2008
19189,3,2,5,2008
19191,40,0,40,2008
19193,101,4,105,2008
19195,2,0,2,2008
19197,9,0,9,2008
20001,27,3,30,2008
20003,23,0,23,2008
20005,10,36,46,2008
20007,1,0,1,2008
20009,12,0,12,2008
20011,1,0,1,2008
20013,10,0,10,2008
20015,216,13,229,2008
20017,0,0,0,2008
20019,0,0,0,2008
20021,6,0,6,2008
20023,1,0,1,2008
20025,0,0,0,2008
20027,15,4,19,2008
20029,3,0,3,2008
20031,25,0,25,2008
20033,1,0,1,2008
20035,45,6,51,2008
20037,49,42,91,2008
20039,0,0,0,2008
20041,72,4,76,2008
20043,10,0,10,2008
20045,182,562,744,2008
20047,1,0,1,2008
20051,31,24,55,2008
20053,3,0,3,2008
20055,10,14,24,2008
20057,18,0,18,2008
20059,54,2,56,2008
20061,239,180,419,2008
20063,0,0,0,2008
20065,1,0,1,2008
20067,6,0,6,2008
20069,12,0,12,2008
20071,0,0,0,2008
20073,1,0,1,2008
20075,1,0,1,2008
20077,6,0,6,2008
20079,75,6,81,2008
20081,1,0,1,2008
20085,27,0,27,2008
20087,53,0,53,2008
20089,3,0,3,2008
20091,884,776,1660,2008
20093,1,0,1,2008
20095,14,0,14,2008
20097,77,0,77,2008
20099,10,0,10,2008
20101,0,0,0,2008
20103,238,0,238,2008
20105,1,0,1,2008
20107,23,0,23,2008
20109,1,0,1,2008
20111,16,31,47,2008
20113,38,6,44,2008
20115,16,0,16,2008
20117,9,0,9,2008
20119,2,0,2,2008
20121,68,6,74,2008
20123,5,0,5,2008
20125,15,4,19,2008
20127,1,0,1,2008
20129,1,0,1,2008
20131,8,0,8,2008
20133,13,4,17,2008
20135,2,0,2,2008
20137,0,0,0,2008
20139,45,0,45,2008
20141,3,0,3,2008
20143,14,3,17,2008
20145,2,0,2,2008
20147,5,0,5,2008
20149,104,2,106,2008
20151,4,0,4,2008
20153,0,0,0,2008
20155,51,0,51,2008
20157,0,0,0,2008
20159,11,0,11,2008
20161,279,227,506,2008
20163,2,0,2,2008
20165,1,0,1,2008
20167,4,0,4,2008
20169,89,2,91,2008
20171,0,0,0,2008
20173,1522,686,2208,2008
20175,23,4,27,2008
20177,328,103,431,2008
20181,0,3,3,2008
20183,3,2,5,2008
20185,10,0,10,2008
20187,1,0,1,2008
20189,5,0,5,2008
20191,31,0,31,2008
20193,0,0,0,2008
20195,0,0,0,2008
20197,9,0,9,2008
20199,0,0,0,2008
20201,2,0,2,2008
20203,0,0,0,2008
20205,1,0,1,2008
20207,6,0,6,2008
20209,176,8,184,2008
21001,0,0,0,2008
21005,45,0,45,2008
21009,138,38,176,2008
21011,6,0,6,2008
21013,22,0,22,2008
21015,488,108,596,2008
21017,38,0,38,2008
21019,16,10,26,2008
21021,34,16,50,2008
21025,0,0,0,2008
21027,10,0,10,2008
21029,263,32,295,2008
21031,1,0,1,2008
21033,4,0,4,2008
21035,14,31,45,2008
21037,161,55,216,2008
21041,3,0,3,2008
21043,0,0,0,2008
21045,2,0,2,2008
21047,52,6,58,2008
21049,82,0,82,2008
21051,0,0,0,2008
21053,0,0,0,2008
21055,2,0,2,2008
21057,1,0,1,2008
21059,210,92,302,2008
21065,1,0,1,2008
21067,771,1423,2194,2008
21069,0,0,0,2008
21071,5,6,11,2008
21073,129,26,155,2008
21075,0,0,0,2008
21077,43,0,43,2008
21079,2,0,2,2008
21081,52,2,54,2008
21083,1,0,1,2008
21085,0,3,3,2008
21087,7,0,7,2008
21089,8,0,8,2008
21091,2,2,4,2008
21093,378,213,591,2008
21095,0,0,0,2008
21097,43,2,45,2008
21099,26,0,26,2008
21101,74,82,156,2008
21103,30,0,30,2008
21107,69,6,75,2008
21109,0,0,0,2008
21111,1017,855,1872,2008
21113,141,0,141,2008
21115,6,0,6,2008
21117,393,65,458,2008
21121,8,0,8,2008
21123,25,0,25,2008
21125,1,11,12,2008
21133,0,0,0,2008
21137,65,0,65,2008
21141,8,13,21,2008
21143,5,2,7,2008
21145,92,10,102,2008
21147,0,0,0,2008
21149,2,0,2,2008
21151,195,57,252,2008
21155,7,2,9,2008
21157,18,30,48,2008
21161,10,4,14,2008
21163,100,50,150,2008
21167,39,10,49,2008
21173,45,16,61,2008
21175,0,0,0,2008
21177,10,0,10,2008
21179,180,30,210,2008
21181,0,0,0,2008
21183,8,0,8,2008
21185,174,51,225,2008
21187,2,2,4,2008
21191,0,0,0,2008
21193,7,2,9,2008
21195,25,8,33,2008
21199,4,4,8,2008
21205,1,12,13,2008
21207,0,0,0,2008
21209,268,4,272,2008
21211,152,0,152,2008
21213,35,4,39,2008
21215,106,0,106,2008
21217,18,4,22,2008
21219,1,3,4,2008
21221,9,0,9,2008
21225,2,2,4,2008
21227,369,190,559,2008
21229,3,0,3,2008
21231,0,0,0,2008
21233,1,0,1,2008
21235,15,8,23,2008
21239,92,0,92,2008
22001,97,3,100,2008
22003,3,0,3,2008
22005,585,0,585,2008
22007,54,0,54,2008
22009,60,0,60,2008
22011,40,0,40,2008
22013,0,0,0,2008
22015,594,467,1061,2008
22017,381,0,381,2008
22019,760,123,883,2008
22021,3,0,3,2008
22023,80,0,80,2008
22025,10,0,10,2008
22027,0,0,0,2008
22029,36,0,36,2008
22031,0,0,0,2008
22033,924,976,1900,2008
22035,1,0,1,2008
22037,66,0,66,2008
22039,52,0,52,2008
22041,22,3,25,2008
22043,26,0,26,2008
22045,178,20,198,2008
22047,59,0,59,2008
22049,45,0,45,2008
22051,565,204,769,2008
22053,70,0,70,2008
22055,670,263,933,2008
22057,300,290,590,2008
22059,4,0,4,2008
22061,57,0,57,2008
22063,740,18,758,2008
22065,8,0,8,2008
22067,17,20,37,2008
22069,57,0,57,2008
22071,882,1692,2574,2008
22073,271,14,285,2008
22075,91,0,91,2008
22077,57,0,57,2008
22079,348,8,356,2008
22081,1,0,1,2008
22083,152,0,152,2008
22085,0,0,0,2008
22087,99,0,99,2008
22089,100,0,100,2008
22091,13,0,13,2008
22093,47,4,51,2008
22095,86,2,88,2008
22097,179,47,226,2008
22099,159,0,159,2008
22101,78,2,80,2008
22103,933,135,1068,2008
22105,728,157,885,2008
22107,10,0,10,2008
22109,275,0,275,2008
22111,26,0,26,2008
22113,263,0,263,2008
22115,2,0,2,2008
22117,105,0,105,2008
22119,46,24,70,2008
22121,140,144,284,2008
22123,0,0,0,2008
22125,33,0,33,2008
22127,1,0,1,2008
23000,110,0,110,2008
23001,186,33,219,2008
23003,83,0,83,2008
23005,565,78,643,2008
23007,62,7,69,2008
23009,190,17,207,2008
23011,283,180,463,2008
23013,128,4,132,2008
23015,126,5,131,2008
23017,237,4,241,2008
23019,281,107,388,2008
23021,45,0,45,2008
23023,66,0,66,2008
23025,86,9,95,2008
23027,75,2,77,2008
23029,93,3,96,2008
23031,483,67,550,2008
24001,72,9,81,2008
24003,824,150,974,2008
24005,571,957,1528,2008
24009,252,0,252,2008
24011,89,2,91,2008
24013,188,8,196,2008
24015,254,342,596,2008
24017,435,271,706,2008
24019,153,96,249,2008
24021,535,84,619,2008
24023,184,0,184,2008
24025,531,105,636,2008
24027,681,266,947,2008
24029,105,0,105,2008
24031,997,479,1476,2008
24033,1264,42,1306,2008
24035,183,0,183,2008
24037,481,74,555,2008
24039,44,0,44,2008
24041,315,0,315,2008
24043,225,92,317,2008
24045,208,140,348,2008
24047,183,47,230,2008
24510,153,927,1080,2008
25001,447,112,559,2008
25003,156,159,315,2008
25005,494,46,540,2008
25007,119,5,124,2008
25009,458,586,1044,2008
25011,95,2,97,2008
25013,312,186,498,2008
25015,184,40,224,2008
25017,1139,866,2005,2008
25019,76,12,88,2008
25021,423,1326,1749,2008
25023,625,331,956,2008
25025,37,738,775,2008
25027,803,106,909,2008
26000,73,0,73,2008
26001,31,0,31,2008
26003,46,0,46,2008
26005,297,0,297,2008
26007,26,7,33,2008
26009,74,0,74,2008
26011,18,0,18,2008
26013,9,0,9,2008
26015,105,0,105,2008
26017,105,0,105,2008
26019,77,0,77,2008
26021,227,54,281,2008
26023,30,0,30,2008
26025,45,0,45,2008
26027,112,48,160,2008
26029,243,0,243,2008
26031,66,2,68,2008
26033,45,0,45,2008
26035,46,0,46,2008
26037,68,84,152,2008
26039,36,0,36,2008
26041,55,0,55,2008
26043,64,0,64,2008
26045,84,0,84,2008
26047,82,2,84,2008
26049,146,73,219,2008
26051,35,0,35,2008
26053,22,0,22,2008
26055,223,14,237,2008
26057,22,0,22,2008
26059,46,0,46,2008
26061,72,12,84,2008
26063,63,0,63,2008
26065,112,35,147,2008
26067,73,0,73,2008
26069,43,0,43,2008
26071,30,0,30,2008
26073,67,144,211,2008
26075,104,126,230,2008
26077,343,134,477,2008
26079,39,0,39,2008
26081,781,50,831,2008
26083,13,0,13,2008
26085,57,0,57,2008
26087,53,0,53,2008
26089,90,2,92,2008
26091,154,0,154,2008
26093,176,10,186,2008
26095,2,0,2,2008
26097,38,0,38,2008
26099,418,83,501,2008
26101,4,0,4,2008
26103,123,26,149,2008
26105,54,0,54,2008
26107,76,6,82,2008
26109,31,0,31,2008
26111,97,0,97,2008
26113,32,0,32,2008
26115,114,0,114,2008
26117,69,0,69,2008
26119,35,0,35,2008
26121,189,19,208,2008
26123,55,0,55,2008
26125,667,134,801,2008
26127,2,0,2,2008
26129,60,48,108,2008
26131,15,0,15,2008
26133,38,0,38,2008
26135,25,0,25,2008
26137,51,0,51,2008
26139,460,211,671,2008
26141,36,0,36,2008
26143,43,0,43,2008
26145,142,2,144,2008
26147,99,55,154,2008
26149,68,8,76,2008
26151,29,0,29,2008
26153,28,0,28,2008
26155,44,11,55,2008
26157,41,48,89,2008
26159,111,39,150,2008
26161,278,69,347,2008
26163,524,371,895,2008
26165,58,0,58,2008
27001,146,0,146,2008
27003,552,46,598,2008
27005,135,8,143,2008
27007,52,18,70,2008
27009,58,0,58,2008
27011,12,0,12,2008
27013,165,12,177,2008
27015,48,6,54,2008
27017,99,51,150,2008
27019,223,94,317,2008
27021,199,0,199,2008
27023,19,0,19,2008
27025,53,32,85,2008
27027,259,203,462,2008
27029,6,0,6,2008
27031,70,0,70,2008
27033,11,0,11,2008
27035,292,34,326,2008
27037,437,363,800,2008
27039,44,0,44,2008
27041,158,0,158,2008
27043,12,0,12,2008
27045,74,2,76,2008
27047,28,0,28,2008
27049,87,0,87,2008
27051,4,0,4,2008
27053,906,670,1576,2008
27055,40,10,50,2008
27057,52,14,66,2008
27059,31,0,31,2008
27061,235,24,259,2008
27063,18,2,20,2008
27065,24,23,47,2008
27067,84,6,90,2008
27069,3,0,3,2008
27071,39,0,39,2008
27073,12,0,12,2008
27075,65,0,65,2008
27077,23,0,23,2008
27079,47,0,47,2008
27081,18,0,18,2008
27083,35,4,39,2008
27085,49,0,49,2008
27087,0,0,0,2008
27089,6,0,6,2008
27091,24,0,24,2008
27093,35,8,43,2008
27095,43,0,43,2008
27097,109,4,113,2008
27099,40,0,40,2008
27101,24,0,24,2008
27103,64,4,68,2008
27105,17,2,19,2008
27107,10,0,10,2008
27109,371,162,533,2008
27111,46,30,76,2008
27113,17,32,49,2008
27115,54,2,56,2008
27117,11,4,15,2008
27119,66,14,80,2008
27121,43,0,43,2008
27123,208,133,341,2008
27125,1,0,1,2008
27127,17,4,21,2008
27129,13,0,13,2008
27131,77,0,77,2008
27133,19,2,21,2008
27135,3,0,3,2008
27137,405,107,512,2008
27139,338,0,338,2008
27141,108,0,108,2008
27143,33,0,33,2008
27145,318,253,571,2008
27147,81,0,81,2008
27149,27,0,27,2008
27151,14,0,14,2008
27153,94,0,94,2008
27155,10,0,10,2008
27157,54,0,54,2008
27159,29,0,29,2008
27161,39,8,47,2008
27163,651,171,822,2008
27165,10,0,10,2008
27167,5,8,13,2008
27169,83,12,95,2008
27171,352,61,413,2008
27173,15,0,15,2008
28001,7,0,7,2008
28003,30,20,50,2008
28005,0,0,0,2008
28007,13,0,13,2008
28009,0,0,0,2008
28011,48,0,48,2008
28013,2,0,2,2008
28017,9,0,9,2008
28019,0,0,0,2008
28021,0,0,0,2008
28023,5,0,5,2008
28025,8,0,8,2008
28027,17,0,17,2008
28029,10,0,10,2008
28031,46,24,70,2008
28033,614,92,706,2008
28035,205,517,722,2008
28037,1,0,1,2008
28039,3,0,3,2008
28041,0,0,0,2008
28043,17,0,17,2008
28045,820,610,1430,2008
28047,1147,1574,2721,2008
28049,745,32,777,2008
28051,38,0,38,2008
28053,1,0,1,2008
28055,0,0,0,2008
28057,13,0,13,2008
28059,481,545,1026,2008
28061,1,0,1,2008
28063,2,0,2,2008
28065,0,0,0,2008
28067,76,6,82,2008
28071,235,117,352,2008
28073,25,0,25,2008
28075,194,3,197,2008
28077,0,0,0,2008
28079,57,0,57,2008
28081,142,0,142,2008
28083,78,14,92,2008
28085,27,0,27,2008
28087,161,2,163,2008
28089,618,0,618,2008
28091,6,0,6,2008
28093,135,0,135,2008
28095,16,0,16,2008
28097,16,50,66,2008
28099,0,32,32,2008
28101,0,0,0,2008
28103,3,0,3,2008
28105,86,32,118,2008
28107,23,0,23,2008
28109,259,113,372,2008
28111,1,0,1,2008
28113,7,86,93,2008
28115,22,7,29,2008
28117,12,0,12,2008
28119,5,0,5,2008
28121,675,0,675,2008
28123,8,0,8,2008
28125,1,0,1,2008
28127,27,18,45,2008
28129,4,0,4,2008
28131,10,6,16,2008
28133,9,0,9,2008
28135,4,0,4,2008
28137,90,0,90,2008
28139,9,0,9,2008
28141,3,0,3,2008
28143,15,0,15,2008
28145,21,0,21,2008
28147,0,0,0,2008
28149,17,0,17,2008
28151,29,9,38,2008
28153,7,0,7,2008
28155,2,0,2,2008
28157,1,0,1,2008
28159,4,80,84,2008
28161,14,0,14,2008
28163,2,0,2,2008
29001,26,37,63,2008
29003,10,0,10,2008
29005,0,0,0,2008
29007,14,8,22,2008
29009,43,12,55,2008
29011,4,0,4,2008
29013,1,2,3,2008
29015,6,2,8,2008
29017,3,0,3,2008
29019,477,66,543,2008
29021,73,10,83,2008
29023,20,0,20,2008
29025,17,0,17,2008
29027,57,2,59,2008
29029,44,59,103,2008
29031,80,42,122,2008
29033,12,0,12,2008
29035,0,0,0,2008
29037,198,332,530,2008
29039,9,0,9,2008
29041,0,0,0,2008
29043,359,70,429,2008
29045,5,5,10,2008
29047,146,40,186,2008
29049,53,0,53,2008
29051,143,27,170,2008
29053,13,0,13,2008
29055,14,4,18,2008
29057,0,0,0,2008
29059,0,0,0,2008
29061,1,0,1,2008
29063,0,0,0,2008
29065,4,0,4,2008
29067,2,0,2,2008
29069,12,0,12,2008
29071,278,42,320,2008
29073,17,0,17,2008
29075,1,0,1,2008
29077,536,1117,1653,2008
29079,1,4,5,2008
29081,5,0,5,2008
29083,17,5,22,2008
29087,23,0,23,2008
29089,3,0,3,2008
29091,24,19,43,2008
29093,0,8,8,2008
29095,577,1470,2047,2008
29097,192,55,247,2008
29099,701,90,791,2008
29101,36,2,38,2008
29103,1,0,1,2008
29105,25,47,72,2008
29107,49,0,49,2008
29109,8,0,8,2008
29111,5,0,5,2008
29113,109,0,109,2008
29115,1,0,1,2008
29117,19,5,24,2008
29119,8,18,26,2008
29121,4,14,18,2008
29123,3,0,3,2008
29125,3,0,3,2008
29127,30,6,36,2008
29129,0,0,0,2008
29131,5,0,5,2008
29133,6,20,26,2008
29135,2,0,2,2008
29137,19,0,19,2008
29139,34,0,34,2008
29141,0,0,0,2008
29143,8,0,8,2008
29145,20,0,20,2008
29147,20,24,44,2008
29149,3,0,3,2008
29151,0,0,0,2008
29153,2,3,5,2008
29155,14,0,14,2008
29157,12,2,14,2008
29159,4,23,27,2008
29161,20,99,119,2008
29163,16,0,16,2008
29165,102,52,154,2008
29167,63,0,63,2008
29169,89,24,113,2008
29171,4,0,4,2008
29173,4,4,8,2008
29175,20,6,26,2008
29177,24,2,26,2008
29179,0,0,0,2008
29181,0,2,2,2008
29183,1153,414,1567,2008
29185,0,0,0,2008
29186,5,0,5,2008
29187,90,92,182,2008
29189,620,105,725,2008
29195,4,4,8,2008
29197,8,0,8,2008
29199,1,0,1,2008
29201,28,8,36,2008
29203,0,0,0,2008
29205,0,0,0,2008
29207,25,0,25,2008
29209,189,46,235,2008
29211,1,0,1,2008
29213,255,697,952,2008
29215,7,2,9,2008
29217,8,2,10,2008
29219,160,7,167,2008
29221,1,0,1,2008
29225,32,16,48,2008
29227,2,0,2,2008
29229,18,0,18,2008
29510,157,222,379,2008
30001,1,4,5,2008
30003,0,0,0,2008
30005,1,0,1,2008
30007,4,0,4,2008
30009,24,6,30,2008
30011,0,0,0,2008
30013,203,2,205,2008
30015,1,0,1,2008
30017,2,0,2,2008
30019,2,0,2,2008
30021,5,18,23,2008
30023,11,0,11,2008
30025,1,0,1,2008
30027,2,0,2,2008
30029,189,63,252,2008
30031,336,170,506,2008
30033,4,0,4,2008
30035,1,0,1,2008
30037,0,0,0,2008
30039,0,0,0,2008
30041,13,0,13,2008
30043,1,0,1,2008
30045,0,0,0,2008
30047,38,24,62,2008
30049,47,31,78,2008
30051,0,0,0,2008
30053,2,5,7,2008
30055,2,0,2,2008
30057,1,0,1,2008
30059,0,0,0,2008
30061,1,0,1,2008
30063,323,116,439,2008
30065,5,0,5,2008
30067,17,2,19,2008
30069,0,0,0,2008
30071,1,0,1,2008
30073,1,0,1,2008
30075,0,0,0,2008
30077,1,0,1,2008
30079,1,0,1,2008
30081,23,14,37,2008
30083,14,0,14,2008
30085,5,2,7,2008
30087,5,0,5,2008
30089,0,0,0,2008
30091,2,0,2,2008
30093,71,0,71,2008
30095,10,0,10,2008
30097,2,2,4,2008
30099,2,0,2,2008
30101,0,0,0,2008
30103,0,0,0,2008
30105,1,0,1,2008
30107,0,0,0,2008
30109,0,0,0,2008
30111,533,8,541,2008
31001,55,4,59,2008
31003,7,8,15,2008
31011,8,0,8,2008
31013,25,0,25,2008
31015,0,0,0,2008
31017,2,0,2,2008
31019,102,32,134,2008
31021,17,0,17,2008
31023,4,0,4,2008
31025,71,0,71,2008
31027,16,0,16,2008
31029,1,0,1,2008
31031,7,0,7,2008
31033,13,0,13,2008
31035,8,0,8,2008
31037,7,0,7,2008
31039,9,0,9,2008
31041,0,0,0,2008
31043,22,0,22,2008
31045,1,0,1,2008
31047,22,0,22,2008
31049,1,0,1,2008
31051,4,0,4,2008
31053,49,2,51,2008
31055,1606,1167,2773,2008
31057,1,0,1,2008
31059,3,0,3,2008
31061,3,0,3,2008
31063,8,0,8,2008
31065,0,0,0,2008
31067,24,12,36,2008
31069,3,0,3,2008
31071,2,0,2,2008
31073,7,0,7,2008
31077,0,0,0,2008
31079,94,34,128,2008
31081,23,0,23,2008
31083,11,0,11,2008
31085,0,0,0,2008
31087,6,0,6,2008
31089,21,0,21,2008
31091,1,0,1,2008
31093,24,0,24,2008
31095,7,0,7,2008
31097,2,0,2,2008
31099,6,0,6,2008
31101,6,0,6,2008
31103,0,0,0,2008
31105,3,0,3,2008
31107,18,0,18,2008
31109,647,147,794,2008
31111,64,4,68,2008
31115,7,0,7,2008
31119,84,2,86,2008
31121,8,0,8,2008
31123,4,0,4,2008
31125,7,0,7,2008
31127,5,8,13,2008
31129,0,0,0,2008
31131,30,0,30,2008
31133,0,0,0,2008
31135,0,0,0,2008
31137,30,0,30,2008
31139,17,12,29,2008
31141,80,12,92,2008
31143,0,0,0,2008
31145,2,0,2,2008
31147,2,0,2,2008
31149,0,0,0,2008
31151,18,2,20,2008
31153,1103,146,1249,2008
31155,58,50,108,2008
31157,17,0,17,2008
31159,29,0,29,2008
31161,1,0,1,2008
31163,5,0,5,2008
31165,4,0,4,2008
31167,15,0,15,2008
31169,10,0,10,2008
31173,4,14,18,2008
31175,7,0,7,2008
31177,65,0,65,2008
31179,15,0,15,2008
31181,6,0,6,2008
31183,1,0,1,2008
31185,15,0,15,2008
32001,59,3,62,2008
32003,5840,6697,12537,2008
32005,46,22,68,2008
32007,71,34,105,2008
32013,41,0,41,2008
32015,4,0,4,2008
32017,14,0,14,2008
32019,72,29,101,2008
32021,4,0,4,2008
32027,2,0,2,2008
32029,6,0,6,2008
32031,932,986,1918,2008
32033,3,0,3,2008
32510,16,0,16,2008
33001,210,72,282,2008
33003,233,9,242,2008
33005,128,0,128,2008
33007,47,0,47,2008
33009,237,58,295,2008
33011,409,281,690,2008
33013,261,76,337,2008
33015,486,311,797,2008
33017,214,94,308,2008
33019,108,0,108,2008
34001,690,104,794,2008
34003,671,640,1311,2008
34005,653,323,976,2008
34007,370,525,895,2008
34009,379,106,485,2008
34011,331,5,336,2008
34013,455,859,1314,2008
34015,739,49,788,2008
34017,115,3114,3229,2008
34019,146,60,206,2008
34021,325,300,625,2008
34023,589,431,1020,2008
34025,831,695,1526,2008
34027,402,393,795,2008
34029,1115,412,1527,2008
34031,208,224,432,2008
34033,90,108,198,2008
34035,411,380,791,2008
34037,190,106,296,2008
34039,323,350,673,2008
34041,136,10,146,2008
35000,1038,0,1038,2008
35001,1263,480,1743,2008
35005,43,0,43,2008
35007,6,13,19,2008
35009,112,139,251,2008
35013,947,38,985,2008
35015,131,7,138,2008
35025,93,22,115,2008
35027,91,3,94,2008
35028,6,0,6,2008
35029,44,0,44,2008
35031,5,72,77,2008
35035,65,3,68,2008
35039,0,0,0,2008
35041,48,0,48,2008
35043,676,38,714,2008
35045,289,27,316,2008
35049,140,0,140,2008
35051,4,0,4,2008
35053,13,4,17,2008
35055,112,0,112,2008
35061,98,0,98,2008
36001,300,376,676,2008
36003,66,0,66,2008
36005,162,2320,2482,2008
36007,213,0,213,2008
36009,106,36,142,2008
36011,80,0,80,2008
36013,141,40,181,2008
36015,60,3,63,2008
36017,37,60,97,2008
36019,116,138,254,2008
36021,116,12,128,2008
36023,52,127,179,2008
36025,107,0,107,2008
36027,354,392,746,2008
36029,780,428,1208,2008
36031,117,0,117,2008
36033,86,0,86,2008
36035,101,0,101,2008
36037,46,0,46,2008
36039,169,2,171,2008
36041,41,0,41,2008
36043,103,0,103,2008
36045,518,8,526,2008
36047,0,12744,12744,2008
36049,94,0,94,2008
36051,60,0,60,2008
36053,137,31,168,2008
36055,833,222,1055,2008
36057,40,0,40,2008
36059,822,1046,1868,2008
36061,3,9697,9700,2008
36063,237,99,336,2008
36065,212,28,240,2008
36067,608,183,791,2008
36069,389,118,507,2008
36071,626,549,1175,2008
36073,31,0,31,2008
36075,172,0,172,2008
36077,106,0,106,2008
36079,75,14,89,2008
36081,140,7590,7730,2008
36083,236,12,248,2008
36085,185,1070,1255,2008
36087,246,43,289,2008
36089,156,15,171,2008
36091,555,180,735,2008
36093,64,94,158,2008
36095,53,22,75,2008
36097,42,0,42,2008
36099,40,0,40,2008
36101,104,2,106,2008
36103,972,424,1396,2008
36105,313,82,395,2008
36107,73,0,73,2008
36109,122,109,231,2008
36111,270,248,518,2008
36113,172,17,189,2008
36115,144,24,168,2008
36117,131,114,245,2008
36119,321,180,501,2008
36121,31,0,31,2008
36123,52,0,52,2008
37001,704,56,760,2008
37003,192,0,192,2008
37005,80,0,80,2008
37007,40,0,40,2008
37009,203,0,203,2008
37011,111,8,119,2008
37013,163,12,175,2008
37015,37,0,37,2008
37017,61,0,61,2008
37019,2021,82,2103,2008
37021,1011,664,1675,2008
37023,170,2,172,2008
37025,989,378,1367,2008
37027,203,0,203,2008
37029,125,36,161,2008
37031,247,50,297,2008
37033,67,0,67,2008
37035,333,26,359,2008
37037,362,0,362,2008
37039,160,0,160,2008
37041,43,0,43,2008
37043,86,0,86,2008
37045,180,0,180,2008
37047,59,6,65,2008
37049,414,98,512,2008
37051,962,836,1798,2008
37053,135,0,135,2008
37055,197,26,223,2008
37057,507,10,517,2008
37059,126,64,190,2008
37061,86,0,86,2008
37063,1162,239,1401,2008
37065,35,4,39,2008
37067,1566,111,1677,2008
37069,253,0,253,2008
37071,779,60,839,2008
37073,58,0,58,2008
37075,53,0,53,2008
37077,292,50,342,2008
37079,27,0,27,2008
37081,1511,1218,2729,2008
37083,97,18,115,2008
37085,889,2,891,2008
37087,200,166,366,2008
37089,444,0,444,2008
37091,52,0,52,2008
37093,502,6,508,2008
37095,15,0,15,2008
37097,1622,36,1658,2008
37099,281,21,302,2008
37101,1073,12,1085,2008
37103,56,0,56,2008
37105,179,0,179,2008
37107,52,8,60,2008
37109,336,20,356,2008
37111,156,29,185,2008
37113,253,0,253,2008
37115,87,0,87,2008
37117,37,0,37,2008
37119,2496,4354,6850,2008
37121,62,0,62,2008
37123,67,0,67,2008
37125,408,32,440,2008
37127,328,0,328,2008
37129,647,572,1219,2008
37131,18,0,18,2008
37133,1122,114,1236,2008
37135,464,148,612,2008
37137,71,0,71,2008
37139,117,180,297,2008
37141,303,37,340,2008
37143,58,0,58,2008
37145,123,0,123,2008
37147,609,638,1247,2008
37149,88,2,90,2008
37151,379,8,387,2008
37153,132,53,185,2008
37155,157,0,157,2008
37157,180,0,180,2008
37159,556,4,560,2008
37161,237,2,239,2008
37163,74,0,74,2008
37165,36,0,36,2008
37167,196,61,257,2008
37169,128,10,138,2008
37171,186,0,186,2008
37173,70,4,74,2008
37175,152,0,152,2008
37177,12,0,12,2008
37179,998,0,998,2008
37181,80,0,80,2008
37183,5246,4813,10059,2008
37185,50,0,50,2008
37187,17,12,29,2008
37189,332,54,386,2008
37191,298,92,390,2008
37193,138,0,138,2008
37195,179,10,189,2008
37197,69,4,73,2008
37199,58,12,70,2008
38001,5,0,5,2008
38003,20,43,63,2008
38005,0,0,0,2008
38007,1,0,1,2008
38009,1,2,3,2008
38011,5,0,5,2008
38013,2,0,2,2008
38015,431,243,674,2008
38017,605,239,844,2008
38019,3,0,3,2008
38021,0,0,0,2008
38023,0,0,0,2008
38025,4,0,4,2008
38027,1,0,1,2008
38029,2,0,2,2008
38031,1,0,1,2008
38033,1,0,1,2008
38035,101,193,294,2008
38037,1,0,1,2008
38039,0,0,0,2008
38041,0,0,0,2008
38043,1,0,1,2008
38045,1,0,1,2008
38047,2,0,2,2008
38049,12,0,12,2008
38051,2,0,2,2008
38053,0,0,0,2008
38055,24,0,24,2008
38057,22,0,22,2008
38059,125,12,137,2008
38061,20,48,68,2008
38063,0,0,0,2008
38065,0,0,0,2008
38067,3,0,3,2008
38069,0,2,2,2008
38071,6,0,6,2008
38073,0,0,0,2008
38075,1,0,1,2008
38077,20,0,20,2008
38079,0,0,0,2008
38081,9,0,9,2008
38083,1,0,1,2008
38085,0,0,0,2008
38087,0,0,0,2008
38089,103,0,103,2008
38091,1,0,1,2008
38093,32,17,49,2008
38095,0,0,0,2008
38097,7,0,7,2008
38099,5,0,5,2008
38101,172,128,300,2008
38103,0,0,0,2008
38105,135,18,153,2008
39001,0,0,0,2008
39003,96,14,110,2008
39005,69,2,71,2008
39007,96,21,117,2008
39009,33,239,272,2008
39011,100,5,105,2008
39013,10,0,10,2008
39015,61,3,64,2008
39017,521,33,554,2008
39019,6,0,6,2008
39021,66,0,66,2008
39023,74,30,104,2008
39025,320,172,492,2008
39027,35,4,39,2008
39029,50,2,52,2008
39031,4,0,4,2008
39033,67,28,95,2008
39035,542,200,742,2008
39037,48,8,56,2008
39039,45,18,63,2008
39041,566,178,744,2008
39043,55,0,55,2008
39045,212,0,212,2008
39047,28,12,40,2008
39049,1286,1500,2786,2008
39051,44,2,46,2008
39053,0,0,0,2008
39055,129,2,131,2008
39057,453,138,591,2008
39059,46,0,46,2008
39061,422,160,582,2008
39063,440,8,448,2008
39065,16,5,21,2008
39067,1,0,1,2008
39069,26,0,26,2008
39071,24,92,116,2008
39073,4,36,40,2008
39075,3,12,15,2008
39077,37,73,110,2008
39079,58,4,62,2008
39081,52,0,52,2008
39083,123,2,125,2008
39085,325,141,466,2008
39087,6,26,32,2008
39089,228,67,295,2008
39091,67,11,78,2008
39093,683,83,766,2008
39095,346,84,430,2008
39097,44,0,44,2008
39099,167,0,167,2008
39101,52,9,61,2008
39103,580,0,580,2008
39105,6,0,6,2008
39107,65,4,69,2008
39109,157,0,157,2008
39111,0,0,0,2008
39113,348,99,447,2008
39115,9,31,40,2008
39117,55,0,55,2008
39119,8,150,158,2008
39121,22,0,22,2008
39123,133,0,133,2008
39125,12,9,21,2008
39127,51,2,53,2008
39129,46,108,154,2008
39131,111,0,111,2008
39133,278,30,308,2008
39135,42,4,46,2008
39137,52,2,54,2008
39139,84,26,110,2008
39141,86,0,86,2008
39143,37,24,61,2008
39145,1,45,46,2008
39147,33,0,33,2008
39149,121,23,144,2008
39151,346,84,430,2008
39153,593,138,731,2008
39155,83,148,231,2008
39157,63,18,81,2008
39159,159,0,159,2008
39161,24,2,26,2008
39163,0,0,0,2008
39165,683,54,737,2008
39167,10,4,14,2008
39169,144,11,155,2008
39171,23,2,25,2008
39173,197,351,548,2008
39175,25,0,25,2008
40001,0,0,0,2008
40003,1,0,1,2008
40005,4,0,4,2008
40007,1,0,1,2008
40009,37,2,39,2008
40011,0,6,6,2008
40013,63,88,151,2008
40015,53,0,53,2008
40017,300,16,316,2008
40019,94,12,106,2008
40021,29,10,39,2008
40023,11,16,27,2008
40025,0,0,0,2008
40027,897,68,965,2008
40029,5,0,5,2008
40031,230,24,254,2008
40033,3,0,3,2008
40035,3,0,3,2008
40037,130,0,130,2008
40039,71,68,139,2008
40041,56,0,56,2008
40043,2,0,2,2008
40045,2,0,2,2008
40047,61,8,69,2008
40049,3,0,3,2008
40051,62,0,62,2008
40053,0,0,0,2008
40055,4,0,4,2008
40059,1,0,1,2008
40061,9,0,9,2008
40063,46,0,46,2008
40065,49,0,49,2008
40067,0,3,3,2008
40069,3,0,3,2008
40071,19,0,19,2008
40073,27,0,27,2008
40075,0,0,0,2008
40077,4,0,4,2008
40079,52,0,52,2008
40081,10,36,46,2008
40083,56,4,60,2008
40085,0,0,0,2008
40087,141,0,141,2008
40089,7,0,7,2008
40091,16,10,26,2008
40093,4,8,12,2008
40095,5,4,9,2008
40097,15,14,29,2008
40099,16,6,22,2008
40101,45,0,45,2008
40103,5,0,5,2008
40105,3,2,5,2008
40107,0,0,0,2008
40109,2276,233,2509,2008
40111,2,0,2,2008
40113,151,6,157,2008
40115,12,2,14,2008
40117,1,0,1,2008
40119,125,226,351,2008
40121,65,34,99,2008
40123,22,38,60,2008
40125,179,9,188,2008
40127,0,16,16,2008
40129,0,0,0,2008
40131,396,272,668,2008
40133,24,0,24,2008
40135,75,15,90,2008
40137,51,0,51,2008
40139,13,0,13,2008
40141,0,0,0,2008
40143,1914,842,2756,2008
40145,274,0,274,2008
40147,141,7,148,2008
40149,1,0,1,2008
40151,4,0,4,2008
40153,16,0,16,2008
41000,163,4,167,2008
41001,45,2,47,2008
41003,106,2,108,2008
41005,865,0,865,2008
41007,167,44,211,2008
41009,83,9,92,2008
41011,19,4,23,2008
41013,71,0,71,2008
41015,37,4,41,2008
41017,668,87,755,2008
41019,272,4,276,2008
41025,20,0,20,2008
41027,54,5,59,2008
41029,370,79,449,2008
41031,35,0,35,2008
41033,180,9,189,2008
41035,110,0,110,2008
41037,16,0,16,2008
41039,607,164,771,2008
41041,169,158,327,2008
41043,260,280,540,2008
41045,27,0,27,2008
41047,563,384,947,2008
41049,13,0,13,2008
41051,790,2253,3043,2008
41053,82,26,108,2008
41057,137,8,145,2008
41059,58,8,66,2008
41061,28,3,31,2008
41067,1149,589,1738,2008
41071,302,84,386,2008
42001,278,0,278,2008
42003,1285,176,1461,2008
42005,46,0,46,2008
42007,165,11,176,2008
42009,104,4,108,2008
42011,614,45,659,2008
42013,179,16,195,2008
42015,92,0,92,2008
42017,848,262,1110,2008
42019,487,112,599,2008
42021,115,149,264,2008
42023,6,0,6,2008
42025,174,0,174,2008
42027,375,81,456,2008
42029,1427,231,1658,2008
42031,26,0,26,2008
42033,87,2,89,2008
42035,61,0,61,2008
42037,134,2,136,2008
42039,91,15,106,2008
42041,906,302,1208,2008
42043,468,90,558,2008
42045,428,64,492,2008
42047,44,26,70,2008
42049,251,167,418,2008
42051,304,9,313,2008
42053,11,0,11,2008
42055,564,197,761,2008
42057,47,0,47,2008
42059,56,10,66,2008
42061,110,2,112,2008
42063,75,18,93,2008
42065,82,40,122,2008
42067,57,18,75,2008
42069,279,9,288,2008
42071,1170,314,1484,2008
42073,89,16,105,2008
42075,396,0,396,2008
42077,738,29,767,2008
42079,325,32,357,2008
42081,122,72,194,2008
42083,26,0,26,2008
42085,106,27,133,2008
42087,61,0,61,2008
42089,462,81,543,2008
42091,1274,60,1334,2008
42093,39,2,41,2008
42095,460,147,607,2008
42097,143,2,145,2008
42099,98,0,98,2008
42101,545,1156,1701,2008
42103,411,5,416,2008
42105,22,0,22,2008
42107,230,88,318,2008
42109,86,0,86,2008
42111,123,83,206,2008
42113,21,0,21,2008
42115,91,0,91,2008
42117,80,0,80,2008
42119,75,0,75,2008
42121,61,0,61,2008
42123,36,0,36,2008
42125,517,22,539,2008
42127,203,2,205,2008
42129,579,61,640,2008
42131,53,2,55,2008
42133,1320,80,1400,2008
44001,86,27,113,2008
44003,122,31,153,2008
44005,120,67,187,2008
44007,283,43,326,2008
44009,263,16,279,2008
45001,33,0,33,2008
45003,612,36,648,2008
45005,0,0,0,2008
45007,561,91,652,2008
45009,14,4,18,2008
45011,37,8,45,2008
45013,1058,317,1375,2008
45015,1328,14,1342,2008
45017,44,4,48,2008
45019,1761,1417,3178,2008
45021,107,2,109,2008
45023,54,0,54,2008
45025,66,0,66,2008
45027,105,6,111,2008
45029,79,11,90,2008
45031,68,0,68,2008
45033,28,0,28,2008
45035,605,47,652,2008
45037,66,4,70,2008
45039,37,0,37,2008
45041,362,143,505,2008
45043,239,0,239,2008
45045,1830,770,2600,2008
45047,98,28,126,2008
45049,37,0,37,2008
45051,1867,1130,2997,2008
45053,129,510,639,2008
45055,324,0,324,2008
45057,188,0,188,2008
45059,129,0,129,2008
45061,16,0,16,2008
45063,1570,0,1570,2008
45065,45,0,45,2008
45067,37,3,40,2008
45069,16,2,18,2008
45071,107,44,151,2008
45073,642,383,1025,2008
45075,113,121,234,2008
45077,404,42,446,2008
45079,1467,856,2323,2008
45081,46,0,46,2008
45083,1077,0,1077,2008
45085,296,3,299,2008
45087,29,0,29,2008
45089,49,0,49,2008
45091,1998,144,2142,2008
46003,6,0,6,2008
46005,41,0,41,2008
46007,0,0,0,2008
46009,14,0,14,2008
46011,140,133,273,2008
46013,132,11,143,2008
46015,10,0,10,2008
46019,38,2,40,2008
46021,1,0,1,2008
46023,5,0,5,2008
46025,16,11,27,2008
46027,29,20,49,2008
46029,69,4,73,2008
46031,0,0,0,2008
46033,98,0,98,2008
46035,29,8,37,2008
46037,4,0,4,2008
46039,24,0,24,2008
46041,0,0,0,2008
46043,1,0,1,2008
46045,9,3,12,2008
46047,4,0,4,2008
46049,0,3,3,2008
46051,22,0,22,2008
46053,13,0,13,2008
46055,0,0,0,2008
46057,37,0,37,2008
46059,6,0,6,2008
46061,0,0,0,2008
46063,0,0,0,2008
46065,28,0,28,2008
46067,8,0,8,2008
46069,0,0,0,2008
46071,1,0,1,2008
46073,4,0,4,2008
46075,0,3,3,2008
46077,13,0,13,2008
46079,41,19,60,2008
46081,177,4,181,2008
46083,188,48,236,2008
46085,4,8,12,2008
46087,17,0,17,2008
46089,5,4,9,2008
46091,11,0,11,2008
46093,73,4,77,2008
46095,2,0,2,2008
46097,7,0,7,2008
46099,709,878,1587,2008
46101,16,0,16,2008
46103,386,14,400,2008
46105,0,0,0,2008
46107,1,0,1,2008
46109,28,0,28,2008
46111,11,0,11,2008
46115,25,3,28,2008
46117,7,0,7,2008
46119,8,0,8,2008
46121,0,0,0,2008
46123,1,0,1,2008
46125,26,0,26,2008
46127,40,2,42,2008
46129,3,0,3,2008
46135,76,38,114,2008
47001,147,18,165,2008
47003,180,3,183,2008
47005,3,0,3,2008
47009,294,192,486,2008
47011,260,124,384,2008
47013,228,0,228,2008
47015,5,0,5,2008
47017,9,2,11,2008
47019,123,19,142,2008
47021,142,0,142,2008
47023,27,0,27,2008
47025,90,34,124,2008
47029,3,0,3,2008
47031,250,24,274,2008
47033,34,0,34,2008
47035,66,47,113,2008
47037,1550,819,2369,2008
47039,2,3,5,2008
47041,9,2,11,2008
47043,146,8,154,2008
47045,68,0,68,2008
47047,277,0,277,2008
47049,0,0,0,2008
47051,146,18,164,2008
47053,160,20,180,2008
47055,13,0,13,2008
47057,6,0,6,2008
47059,175,10,185,2008
47061,0,0,0,2008
47063,162,16,178,2008
47065,775,190,965,2008
47067,2,0,2,2008
47069,50,0,50,2008
47071,20,3,23,2008
47073,46,0,46,2008
47075,12,0,12,2008
47077,9,0,9,2008
47079,14,4,18,2008
47081,3,0,3,2008
47083,1,0,1,2008
47085,8,0,8,2008
47089,139,22,161,2008
47091,2,0,2,2008
47093,1302,593,1895,2008
47095,7,2,9,2008
47097,60,2,62,2008
47099,4,51,55,2008
47101,12,0,12,2008
47103,20,0,20,2008
47105,220,12,232,2008
47107,41,2,43,2008
47109,13,0,13,2008
47111,9,61,70,2008
47113,310,60,370,2008
47115,98,0,98,2008
47117,177,2,179,2008
47119,622,6,628,2008
47121,63,0,63,2008
47123,114,0,114,2008
47125,907,418,1325,2008
47127,34,0,34,2008
47129,0,0,0,2008
47131,32,0,32,2008
47133,1,0,1,2008
47135,0,0,0,2008
47139,62,0,62,2008
47141,273,290,563,2008
47143,98,16,114,2008
47145,31,0,31,2008
47147,269,0,269,2008
47149,1331,1235,2566,2008
47151,8,0,8,2008
47153,31,0,31,2008
47155,142,207,349,2008
47157,881,669,1550,2008
47159,62,0,62,2008
47161,10,0,10,2008
47163,348,16,364,2008
47165,841,2,843,2008
47167,177,0,177,2008
47169,26,0,26,2008
47171,2,0,2,2008
47173,78,0,78,2008
47177,32,92,124,2008
47179,473,436,909,2008
47181,1,0,1,2008
47183,60,5,65,2008
47185,17,0,17,2008
47187,536,8,544,2008
47189,749,386,1135,2008
48001,23,0,23,2008
48003,57,4,61,2008
48005,71,0,71,2008
48007,127,14,141,2008
48009,14,0,14,2008
48011,0,0,0,2008
48013,41,0,41,2008
48015,36,10,46,2008
48017,0,0,0,2008
48019,0,0,0,2008
48021,19,3,22,2008
48023,0,0,0,2008
48025,6,0,6,2008
48027,1599,559,2158,2008
48029,3557,4562,8119,2008
48031,14,36,50,2008
48035,7,0,7,2008
48037,76,8,84,2008
48039,1977,150,2127,2008
48041,792,1344,2136,2008
48043,29,0,29,2008
48047,6,0,6,2008
48049,20,82,102,2008
48051,11,0,11,2008
48053,315,0,315,2008
48055,49,0,49,2008
48057,86,0,86,2008
48059,5,0,5,2008
48061,1086,220,1306,2008
48063,10,0,10,2008
48065,10,0,10,2008
48067,0,16,16,2008
48069,0,0,0,2008
48071,316,0,316,2008
48073,32,74,106,2008
48075,0,0,0,2008
48077,4,0,4,2008
48079,0,0,0,2008
48081,0,0,0,2008
48083,1,0,1,2008
48085,4042,2502,6544,2008
48087,0,0,0,2008
48089,9,0,9,2008
48091,1221,0,1221,2008
48093,4,0,4,2008
48097,48,0,48,2008
48099,196,30,226,2008
48101,0,0,0,2008
48103,16,0,16,2008
48107,2,0,2,2008
48109,4,0,4,2008
48111,15,17,32,2008
48113,3687,10606,14293,2008
48115,3,0,3,2008
48117,10,0,10,2008
48119,3,0,3,2008
48121,1797,1635,3432,2008
48123,5,0,5,2008
48127,5,0,5,2008
48129,3,0,3,2008
48133,1,0,1,2008
48135,254,462,716,2008
48139,643,226,869,2008
48141,2897,1084,3981,2008
48143,42,222,264,2008
48145,0,0,0,2008
48147,19,0,19,2008
48149,14,0,14,2008
48151,0,0,0,2008
48153,1,0,1,2008
48157,5689,198,5887,2008
48159,1,0,1,2008
48161,6,0,6,2008
48163,6,0,6,2008
48165,28,0,28,2008
48167,1517,167,1684,2008
48169,4,0,4,2008
48171,42,49,91,2008
48177,2,0,2,2008
48179,2,0,2,2008
48181,185,18,203,2008
48183,203,53,256,2008
48185,11,0,11,2008
48187,958,0,958,2008
48189,8,0,8,2008
48191,1,0,1,2008
48193,2,0,2,2008
48195,1,0,1,2008
48197,0,0,0,2008
48199,97,0,97,2008
48201,14823,13054,27877,2008
48203,79,0,79,2008
48207,2,3,5,2008
48209,1348,733,2081,2008
48211,0,0,0,2008
48213,49,0,49,2008
48215,3137,557,3694,2008
48217,14,8,22,2008
48219,29,0,29,2008
48221,97,36,133,2008
48223,12,2,14,2008
48225,4,0,4,2008
48227,10,0,10,2008
48231,44,18,62,2008
48233,10,0,10,2008
48237,1,8,9,2008
48239,11,0,11,2008
48241,8,0,8,2008
48245,532,982,1514,2008
48249,31,2,33,2008
48251,750,10,760,2008
48253,1,0,1,2008
48255,30,0,30,2008
48257,139,76,215,2008
48259,193,0,193,2008
48265,69,0,69,2008
48267,4,0,4,2008
48271,0,0,0,2008
48273,26,0,26,2008
48277,26,0,26,2008
48279,0,0,0,2008
48281,19,0,19,2008
48283,10,0,10,2008
48285,7,0,7,2008
48287,11,0,11,2008
48291,240,0,240,2008
48293,15,0,15,2008
48295,4,0,4,2008
48297,6,0,6,2008
48299,307,0,307,2008
48303,983,517,1500,2008
48305,2,4,6,2008
48307,3,0,3,2008
48309,551,307,858,2008
48313,8,0,8,2008
48315,3,0,3,2008
48317,0,0,0,2008
48319,4,0,4,2008
48321,97,0,97,2008
48323,81,14,95,2008
48325,15,2,17,2008
48329,483,0,483,2008
48331,5,8,13,2008
48335,1,0,1,2008
48337,1,0,1,2008
48339,3583,854,4437,2008
48341,12,0,12,2008
48343,1,0,1,2008
48347,42,15,57,2008
48349,28,0,28,2008
48351,0,0,0,2008
48353,3,0,3,2008
48355,912,363,1275,2008
48357,2,0,2,2008
48359,0,0,0,2008
48361,317,320,637,2008
48363,9,0,9,2008
48365,4,0,4,2008
48367,273,16,289,2008
48369,0,0,0,2008
48371,9,0,9,2008
48373,349,4,353,2008
48375,471,252,723,2008
48377,7,0,7,2008
48379,3,4,7,2008
48381,33,2,35,2008
48383,5,0,5,2008
48385,0,0,0,2008
48387,1,0,1,2008
48389,1,0,1,2008
48391,3,0,3,2008
48395,11,0,11,2008
48397,589,0,589,2008
48399,2,0,2,2008
48401,7,8,15,2008
48403,0,0,0,2008
48405,0,0,0,2008
48407,4,0,4,2008
48409,181,6,187,2008
48411,5,0,5,2008
48413,2,0,2,2008
48415,8,0,8,2008
48419,7,0,7,2008
48421,11,2,13,2008
48423,258,89,347,2008
48425,43,0,43,2008
48429,1,0,1,2008
48435,1,0,1,2008
48437,0,0,0,2008
48439,5880,3305,9185,2008
48441,184,6,190,2008
48445,3,0,3,2008
48449,9,75,84,2008
48451,259,0,259,2008
48453,3892,2956,6848,2008
48455,1,0,1,2008
48457,2,0,2,2008
48459,4,0,4,2008
48461,1,0,1,2008
48463,26,0,26,2008
48465,89,0,89,2008
48467,14,4,18,2008
48469,59,0,59,2008
48471,55,0,55,2008
48473,7,103,110,2008
48475,2,0,2,2008
48477,88,0,88,2008
48479,668,419,1087,2008
48481,31,0,31,2008
48483,0,0,0,2008
48485,140,4,144,2008
48487,2,0,2,2008
48489,34,0,34,2008
48491,2402,390,2792,2008
48493,25,0,25,2008
48495,4,0,4,2008
48497,72,8,80,2008
48499,12,0,12,2008
48501,9,0,9,2008
48503,10,0,10,2008
48507,9,0,9,2008
49001,27,0,27,2008
49003,190,82,272,2008
49005,415,121,536,2008
49007,34,4,38,2008
49009,12,0,12,2008
49011,901,62,963,2008
49013,154,65,219,2008
49015,27,0,27,2008
49017,50,2,52,2008
49019,48,0,48,2008
49021,222,130,352,2008
49023,37,0,37,2008
49025,60,0,60,2008
49027,28,3,31,2008
49029,55,0,55,2008
49031,7,0,7,2008
49033,54,6,60,2008
49035,1364,2233,3597,2008
49037,54,0,54,2008
49039,47,0,47,2008
49041,47,52,99,2008
49043,203,31,234,2008
49045,239,0,239,2008
49047,380,224,604,2008
49049,1030,258,1288,2008
49051,162,75,237,2008
49053,687,41,728,2008
49055,20,0,20,2008
49057,530,432,962,2008
50001,66,16,82,2008
50003,88,10,98,2008
50005,62,8,70,2008
50007,171,189,360,2008
50009,22,0,22,2008
50011,104,28,132,2008
50013,16,0,16,2008
50015,61,14,75,2008
50017,39,2,41,2008
50019,57,98,155,2008
50021,71,2,73,2008
50023,128,14,142,2008
50025,93,0,93,2008
50027,79,6,85,2008
51001,150,0,150,2008
51003,374,58,432,2008
51005,23,0,23,2008
51007,60,0,60,2008
51009,68,8,76,2008
51011,93,0,93,2008
51013,119,1060,1179,2008
51015,238,30,268,2008
51017,26,0,26,2008
51019,282,0,282,2008
51021,44,2,46,2008
51023,104,0,104,2008
51025,38,0,38,2008
51027,18,16,34,2008
51029,85,0,85,2008
51031,195,0,195,2008
51033,175,0,175,2008
51035,82,0,82,2008
51036,30,0,30,2008
51037,36,0,36,2008
51041,804,924,1728,2008
51043,41,3,44,2008
51045,23,0,23,2008
51047,113,0,113,2008
51049,41,2,43,2008
51051,27,0,27,2008
51053,118,0,118,2008
51057,55,8,63,2008
51059,892,493,1385,2008
51061,105,0,105,2008
51063,88,0,88,2008
51065,106,4,110,2008
51067,244,0,244,2008
51069,322,0,322,2008
51071,43,0,43,2008
51073,194,0,194,2008
51075,98,0,98,2008
51077,49,0,49,2008
51079,101,0,101,2008
51081,29,0,29,2008
51083,63,0,63,2008
51085,370,0,370,2008
51087,834,0,834,2008
51089,59,0,59,2008
51091,12,0,12,2008
51093,146,0,146,2008
51095,413,0,413,2008
51097,50,0,50,2008
51099,144,6,150,2008
51101,127,0,127,2008
51103,75,2,77,2008
51105,55,4,59,2008
51107,1468,989,2457,2008
51109,306,0,306,2008
51111,38,0,38,2008
51113,45,0,45,2008
51115,41,0,41,2008
51117,146,0,146,2008
51119,59,2,61,2008
51121,328,516,844,2008
51125,77,0,77,2008
51127,235,0,235,2008
51131,53,0,53,2008
51133,82,0,82,2008
51135,81,0,81,2008
51137,104,0,104,2008
51139,76,0,76,2008
51141,75,2,77,2008
51143,86,15,101,2008
51145,130,0,130,2008
51147,77,0,77,2008
51149,101,0,101,2008
51153,1887,252,2139,2008
51155,78,60,138,2008
51157,32,0,32,2008
51159,44,0,44,2008
51161,219,75,294,2008
51163,93,4,97,2008
51165,302,0,302,2008
51167,34,3,37,2008
51169,35,0,35,2008
51171,135,12,147,2008
51173,43,0,43,2008
51175,74,4,78,2008
51177,131,0,131,2008
51179,371,48,419,2008
51181,58,0,58,2008
51183,45,0,45,2008
51185,53,2,55,2008
51187,127,0,127,2008
51191,140,94,234,2008
51193,135,0,135,2008
51195,62,5,67,2008
51197,98,0,98,2008
51199,183,219,402,2008
51510,65,402,467,2008
51515,7,4,11,2008
51520,6,14,20,2008
51530,11,0,11,2008
51540,163,30,193,2008
51550,589,222,811,2008
51570,24,0,24,2008
51580,2,0,2,2008
51590,51,0,51,2008
51595,24,5,29,2008
51600,9,0,9,2008
51610,13,0,13,2008
51620,5,0,5,2008
51630,88,0,88,2008
51640,10,0,10,2008
51650,187,58,245,2008
51660,186,455,641,2008
51670,109,0,109,2008
51678,3,0,3,2008
51680,249,0,249,2008
51683,55,0,55,2008
51685,0,0,0,2008
51690,11,0,11,2008
51700,159,236,395,2008
51710,257,564,821,2008
51720,8,2,10,2008
51730,41,0,41,2008
51735,26,0,26,2008
51740,95,242,337,2008
51750,13,6,19,2008
51760,253,105,358,2008
51770,140,0,140,2008
51775,44,9,53,2008
51790,48,92,140,2008
51800,332,4,336,2008
51810,501,266,767,2008
51820,38,0,38,2008
51830,22,0,22,2008
51840,27,0,27,2008
53001,34,2,36,2008
53003,49,4,53,2008
53005,606,19,625,2008
53007,305,6,311,2008
53009,255,34,289,2008
53011,1053,188,1241,2008
53013,7,0,7,2008
53015,268,8,276,2008
53017,135,43,178,2008
53019,25,0,25,2008
53021,476,0,476,2008
53023,10,0,10,2008
53025,343,319,662,2008
53027,250,84,334,2008
53029,329,0,329,2008
53031,137,0,137,2008
53033,3029,7427,10456,2008
53035,682,101,783,2008
53037,258,24,282,2008
53039,88,0,88,2008
53041,243,34,277,2008
53043,30,0,30,2008
53045,236,14,250,2008
53047,224,6,230,2008
53049,82,5,87,2008
53051,118,0,118,2008
53053,1805,545,2350,2008
53055,184,5,189,2008
53057,397,41,438,2008
53059,43,0,43,2008
53061,1840,866,2706,2008
53063,1173,1233,2406,2008
53065,122,14,136,2008
53067,1212,149,1361,2008
53069,20,2,22,2008
53071,139,6,145,2008
53073,536,133,669,2008
53075,80,24,104,2008
53077,617,143,760,2008
54001,1,2,3,2008
54003,721,54,775,2008
54005,20,0,20,2008
54007,2,0,2,2008
54009,13,0,13,2008
54011,83,160,243,2008
54015,20,0,20,2008
54019,58,0,58,2008
54021,0,0,0,2008
54023,28,25,53,2008
54025,72,40,112,2008
54027,82,0,82,2008
54029,17,0,17,2008
54031,73,0,73,2008
54033,92,7,99,2008
54035,5,0,5,2008
54037,219,0,219,2008
54039,152,94,246,2008
54041,0,0,0,2008
54043,28,0,28,2008
54045,2,0,2,2008
54047,2,0,2,2008
54049,9,0,9,2008
54051,3,0,3,2008
54053,2,3,5,2008
54055,14,0,14,2008
54057,71,0,71,2008
54059,1,0,1,2008
54061,32,230,262,2008
54063,1,0,1,2008
54065,80,0,80,2008
54067,2,0,2,2008
54069,23,0,23,2008
54071,29,0,29,2008
54073,2,0,2,2008
54075,1,0,1,2008
54077,2,0,2,2008
54079,124,203,327,2008
54081,198,0,198,2008
54083,3,6,9,2008
54085,3,0,3,2008
54087,52,0,52,2008
54089,17,0,17,2008
54091,2,32,34,2008
54093,5,2,7,2008
54095,0,0,0,2008
54097,26,5,31,2008
54099,32,2,34,2008
54101,0,0,0,2008
54103,2,0,2,2008
54105,16,0,16,2008
54107,118,56,174,2008
54109,0,0,0,2008
55001,87,0,87,2008
55003,34,0,34,2008
55005,129,78,207,2008
55007,122,2,124,2008
55009,409,255,664,2008
55011,42,0,42,2008
55013,99,0,99,2008
55015,105,42,147,2008
55017,151,64,215,2008
55019,54,0,54,2008
55021,104,10,114,2008
55023,32,0,32,2008
55025,651,1086,1737,2008
55027,140,18,158,2008
55029,159,78,237,2008
55031,123,0,123,2008
55033,88,14,102,2008
55035,176,89,265,2008
55037,15,0,15,2008
55039,149,161,310,2008
55041,76,0,76,2008
55043,62,162,224,2008
55045,62,0,62,2008
55047,41,54,95,2008
55049,47,8,55,2008
55051,22,0,22,2008
55053,96,0,96,2008
55055,177,26,203,2008
55057,161,3,164,2008
55059,277,12,289,2008
55061,48,54,102,2008
55063,261,71,332,2008
55065,38,23,61,2008
55067,63,0,63,2008
55069,91,0,91,2008
55071,117,32,149,2008
55073,272,296,568,2008
55075,122,86,208,2008
55077,39,0,39,2008
55078,8,0,8,2008
55079,247,785,1032,2008
55081,119,92,211,2008
55083,116,2,118,2008
55085,258,6,264,2008
55087,383,164,547,2008
55089,142,24,166,2008
55091,8,0,8,2008
55093,85,26,111,2008
55095,136,8,144,2008
55097,148,337,485,2008
55099,66,0,66,2008
55101,271,6,277,2008
55103,37,0,37,2008
55105,222,33,255,2008
55107,67,16,83,2008
55109,217,24,241,2008
55111,186,73,259,2008
55113,116,0,116,2008
55115,80,50,130,2008
55117,115,88,203,2008
55119,35,0,35,2008
55121,88,14,102,2008
55123,50,0,50,2008
55125,131,11,142,2008
55127,186,129,315,2008
55129,84,0,84,2008
55131,270,86,356,2008
55133,575,315,890,2008
55135,103,64,167,2008
55137,95,0,95,2008
55139,414,224,638,2008
55141,125,84,209,2008
56001,142,30,172,2008
56003,21,16,37,2008
56005,277,72,349,2008
56007,55,0,55,2008
56009,57,46,103,2008
56011,10,0,10,2008
56013,43,0,43,2008
56015,8,0,8,2008
56017,3,2,5,2008
56019,14,10,24,2008
56021,160,42,202,2008
56023,94,6,100,2008
56025,379,40,419,2008
56027,3,0,3,2008
56029,177,24,201,2008
56031,24,4,28,2008
56033,212,18,230,2008
56035,100,14,114,2008
56037,144,101,245,2008
56039,166,50,216,2008
56041,71,16,87,2008
56043,6,0,6,2008
56045,12,0,12,2008
01001,110,0,110,2009
01003,788,195,983,2009
01005,11,0,11,2009
01007,9,0,9,2009
01009,11,2,13,2009
01011,0,0,0,2009
01013,3,0,3,2009
01015,139,55,194,2009
01017,16,0,16,2009
01019,8,0,8,2009
01021,20,0,20,2009
01023,2,0,2,2009
01025,10,0,10,2009
01027,2,0,2,2009
01029,9,0,9,2009
01031,169,0,169,2009
01033,82,20,102,2009
01035,3,0,3,2009
01037,0,0,0,2009
01039,20,0,20,2009
01041,1,0,1,2009
01043,42,0,42,2009
01045,50,55,105,2009
01047,2,0,2,2009
01049,30,0,30,2009
01051,88,30,118,2009
01053,4,4,8,2009
01055,128,0,128,2009
01057,2,0,2,2009
01059,12,4,16,2009
01061,19,0,19,2009
01063,0,0,0,2009
01065,26,0,26,2009
01067,42,0,42,2009
01069,220,56,276,2009
01071,40,0,40,2009
01073,972,62,1034,2009
01075,2,0,2,2009
01077,51,28,79,2009
01079,2,0,2,2009
01081,650,603,1253,2009
01083,89,11,100,2009
01085,2,0,2,2009
01087,6,0,6,2009
01089,2204,684,2888,2009
01091,2,0,2,2009
01093,11,3,14,2009
01095,44,0,44,2009
01097,1217,1418,2635,2009
01099,1,0,1,2009
01101,237,0,237,2009
01103,91,0,91,2009
01105,0,0,0,2009
01107,5,0,5,2009
01109,77,0,77,2009
01111,0,0,0,2009
01113,533,212,745,2009
01115,95,56,151,2009
01117,559,4,563,2009
01119,32,0,32,2009
01121,42,26,68,2009
01123,14,0,14,2009
01125,334,329,663,2009
01127,17,0,17,2009
01129,2,0,2,2009
01131,0,0,0,2009
01133,0,0,0,2009
02000,77,12,89,2009
02013,0,0,0,2009
02016,2,0,2,2009
02020,241,250,491,2009
02050,2,0,2,2009
02060,0,0,0,2009
02090,34,0,34,2009
02100,14,0,14,2009
02110,17,12,29,2009
02122,73,11,84,2009
02130,20,0,20,2009
02150,17,2,19,2009
02170,56,4,60,2009
02180,4,0,4,2009
02185,8,2,10,2009
02188,5,0,5,2009
02201,2,4,6,2009
02220,16,2,18,2009
02232,3,0,3,2009
02261,16,0,16,2009
02280,8,0,8,2009
02282,2,0,2,2009
02290,0,0,0,2009
04001,69,2,71,2009
04003,372,96,468,2009
04005,128,354,482,2009
04007,63,119,182,2009
04009,81,2,83,2009
04011,54,0,54,2009
04012,22,0,22,2009
04013,6416,674,7090,2009
04015,261,6,267,2009
04017,135,0,135,2009
04019,1934,195,2129,2009
04021,2182,0,2182,2009
04023,72,0,72,2009
04025,348,140,488,2009
04027,689,60,749,2009
05001,9,20,29,2009
05003,0,0,0,2009
05005,15,2,17,2009
05007,568,520,1088,2009
05009,20,0,20,2009
05011,3,0,3,2009
05013,1,0,1,2009
05015,20,0,20,2009
05017,2,0,2,2009
05019,13,0,13,2009
05021,3,0,3,2009
05023,10,8,18,2009
05025,1,0,1,2009
05027,9,0,9,2009
05029,4,4,8,2009
05031,398,15,413,2009
05033,85,22,107,2009
05035,56,0,56,2009
05037,19,3,22,2009
05039,2,2,4,2009
05041,3,0,3,2009
05043,6,4,10,2009
05045,369,822,1191,2009
05047,6,2,8,2009
05049,0,0,0,2009
05051,38,0,38,2009
05053,6,22,28,2009
05055,96,52,148,2009
05057,6,2,8,2009
05059,2,0,2,2009
05061,6,0,6,2009
05063,12,6,18,2009
05065,3,0,3,2009
05067,2,0,2,2009
05069,49,36,85,2009
05071,10,24,34,2009
05073,0,0,0,2009
05075,9,0,9,2009
05077,3,0,3,2009
05079,3,0,3,2009
05081,1,0,1,2009
05083,2,8,10,2009
05085,249,72,321,2009
05087,1,0,1,2009
05089,16,0,16,2009
05091,46,60,106,2009
05093,23,18,41,2009
05095,6,0,6,2009
05099,0,0,0,2009
05101,1,0,1,2009
05103,3,0,3,2009
05105,6,0,6,2009
05107,2,0,2,2009
05111,29,4,33,2009
05113,13,4,17,2009
05115,60,10,70,2009
05117,8,0,8,2009
05119,726,352,1078,2009
05121,9,0,9,2009
05123,3,0,3,2009
05125,425,0,425,2009
05127,0,0,0,2009
05129,1,0,1,2009
05131,358,249,607,2009
05133,7,0,7,2009
05135,6,0,6,2009
05137,9,0,9,2009
05139,6,0,6,2009
05141,16,0,16,2009
05143,497,153,650,2009
05145,117,34,151,2009
05147,4,0,4,2009
05149,9,0,9,2009
06001,811,522,1333,2009
06003,7,0,7,2009
06005,57,0,57,2009
06007,306,54,360,2009
06009,58,0,58,2009
06011,15,0,15,2009
06013,1076,159,1235,2009
06015,28,0,28,2009
06017,139,2,141,2009
06019,2068,160,2228,2009
06021,19,72,91,2009
06023,159,22,181,2009
06025,184,12,196,2009
06027,3,0,3,2009
06029,1585,192,1777,2009
06031,194,0,194,2009
06033,57,0,57,2009
06035,18,0,18,2009
06037,2268,2870,5138,2009
06039,68,52,120,2009
06041,112,118,230,2009
06043,26,0,26,2009
06045,112,2,114,2009
06047,94,5,99,2009
06049,14,0,14,2009
06051,19,0,19,2009
06053,113,81,194,2009
06055,125,6,131,2009
06057,103,0,103,2009
06059,1341,802,2143,2009
06061,1108,156,1264,2009
06063,36,0,36,2009
06065,3406,666,4072,2009
06067,928,54,982,2009
06069,40,0,40,2009
06071,1481,782,2263,2009
06073,1778,1168,2946,2009
06075,17,283,300,2009
06077,792,0,792,2009
06079,321,73,394,2009
06081,255,197,452,2009
06083,186,40,226,2009
06085,602,452,1054,2009
06087,132,17,149,2009
06089,217,26,243,2009
06091,5,0,5,2009
06093,58,4,62,2009
06095,586,0,586,2009
06097,371,71,442,2009
06099,279,85,364,2009
06101,59,0,59,2009
06103,62,0,62,2009
06105,28,2,30,2009
06107,993,104,1097,2009
06109,52,0,52,2009
06111,204,148,352,2009
06113,240,83,323,2009
06115,110,2,112,2009
08001,477,16,493,2009
08003,30,0,30,2009
08005,564,608,1172,2009
08007,42,0,42,2009
08009,1,0,1,2009
08011,3,0,3,2009
08013,136,209,345,2009
08014,160,0,160,2009
08015,91,0,91,2009
08017,0,0,0,2009
08019,8,0,8,2009
08021,17,0,17,2009
08023,34,0,34,2009
08025,1,0,1,2009
08027,60,0,60,2009
08029,13,0,13,2009
08031,485,403,888,2009
08033,1,0,1,2009
08035,580,271,851,2009
08037,56,22,78,2009
08039,39,0,39,2009
08041,1317,16,1333,2009
08043,46,0,46,2009
08045,72,6,78,2009
08047,16,0,16,2009
08049,130,10,140,2009
08051,87,0,87,2009
08053,9,0,9,2009
08055,35,0,35,2009
08057,7,0,7,2009
08059,288,91,379,2009
08061,5,0,5,2009
08063,1,0,1,2009
08065,0,0,0,2009
08067,192,41,233,2009
08069,361,90,451,2009
08071,18,0,18,2009
08073,3,4,7,2009
08075,15,0,15,2009
08077,363,2,365,2009
08079,7,0,7,2009
08081,21,0,21,2009
08083,16,0,16,2009
08085,87,31,118,2009
08087,17,2,19,2009
08089,3,0,3,2009
08091,13,8,21,2009
08093,106,0,106,2009
08095,7,0,7,2009
08097,27,0,27,2009
08099,1,0,1,2009
08101,184,193,377,2009
08103,26,0,26,2009
08105,14,0,14,2009
08107,70,0,70,2009
08109,37,2,39,2009
08111,4,0,4,2009
08113,31,13,44,2009
08115,1,0,1,2009
08117,65,13,78,2009
08119,36,0,36,2009
08121,7,0,7,2009
08123,718,43,761,2009
08125,0,0,0,2009
09001,476,723,1199,2009
09003,590,220,810,2009
09005,157,6,163,2009
09007,236,63,299,2009
09009,393,116,509,2009
09011,259,168,427,2009
09013,185,44,229,2009
09015,146,4,150,2009
10001,722,84,806,2009
10003,636,159,795,2009
10005,1318,237,1555,2009
11001,151,975,1126,2009
12001,374,145,519,2009
12003,46,0,46,2009
12005,262,90,352,2009
12007,24,0,24,2009
12009,883,112,995,2009
12011,563,486,1049,2009
12013,28,0,28,2009
12015,286,10,296,2009
12017,480,4,484,2009
12019,459,73,532,2009
12021,630,314,944,2009
12023,96,3,99,2009
12027,109,0,109,2009
12029,19,0,19,2009
12031,1484,1210,2694,2009
12033,514,80,594,2009
12035,168,0,168,2009
12037,23,0,23,2009
12039,108,0,108,2009
12041,10,0,10,2009
12043,27,0,27,2009
12045,36,0,36,2009
12047,13,0,13,2009
12049,25,0,25,2009
12051,40,14,54,2009
12053,194,0,194,2009
12055,60,54,114,2009
12057,2470,1275,3745,2009
12059,23,0,23,2009
12061,275,52,327,2009
12063,76,2,78,2009
12065,26,0,26,2009
12067,10,0,10,2009
12069,618,196,814,2009
12071,906,38,944,2009
12073,366,300,666,2009
12075,83,0,83,2009
12077,14,0,14,2009
12079,32,0,32,2009
12081,931,296,1227,2009
12083,370,24,394,2009
12085,106,14,120,2009
12086,624,771,1395,2009
12087,114,2,116,2009
12089,252,0,252,2009
12091,410,0,410,2009
12093,39,0,39,2009
12095,1811,118,1929,2009
12097,635,444,1079,2009
12099,1102,329,1431,2009
12101,999,802,1801,2009
12103,260,962,1222,2009
12105,1135,0,1135,2009
12107,36,0,36,2009
12109,1082,60,1142,2009
12111,254,10,264,2009
12113,448,0,448,2009
12115,386,150,536,2009
12117,643,22,665,2009
12119,2123,130,2253,2009
12121,53,0,53,2009
12123,17,0,17,2009
12125,17,0,17,2009
12127,586,80,666,2009
12129,95,0,95,2009
12131,210,21,231,2009
12133,38,0,38,2009
13001,3,0,3,2009
13003,13,0,13,2009
13005,1,0,1,2009
13007,0,0,0,2009
13009,70,76,146,2009
13011,49,0,49,2009
13013,79,0,79,2009
13015,128,0,128,2009
13017,28,0,28,2009
13019,30,0,30,2009
13021,108,0,108,2009
13023,28,0,28,2009
13025,4,0,4,2009
13027,31,40,71,2009
13029,225,0,225,2009
13031,171,60,231,2009
13033,40,0,40,2009
13035,10,0,10,2009
13037,0,0,0,2009
13039,181,396,577,2009
13043,3,0,3,2009
13045,76,0,76,2009
13047,113,24,137,2009
13049,21,0,21,2009
13051,785,342,1127,2009
13053,4,0,4,2009
13055,0,0,0,2009
13057,407,0,407,2009
13059,90,18,108,2009
13061,7,0,7,2009
13063,85,8,93,2009
13065,6,0,6,2009
13067,409,141,550,2009
13069,48,0,48,2009
13071,81,50,131,2009
13073,1109,12,1121,2009
13075,24,4,28,2009
13077,314,0,314,2009
13079,15,0,15,2009
13081,20,0,20,2009
13083,3,0,3,2009
13085,29,0,29,2009
13087,35,0,35,2009
13089,295,28,323,2009
13091,15,4,19,2009
13093,12,0,12,2009
13095,28,30,58,2009
13097,141,0,141,2009
13099,12,0,12,2009
13101,8,0,8,2009
13103,231,22,253,2009
13105,32,0,32,2009
13107,4,2,6,2009
13109,17,0,17,2009
13111,118,0,118,2009
13113,75,0,75,2009
13115,72,39,111,2009
13117,825,0,825,2009
13119,5,0,5,2009
13121,775,754,1529,2009
13123,109,0,109,2009
13127,309,0,309,2009
13129,52,0,52,2009
13131,41,39,80,2009
13133,127,0,127,2009
13135,617,102,719,2009
13137,69,3,72,2009
13139,237,2,239,2009
13141,0,0,0,2009
13143,17,3,20,2009
13145,104,0,104,2009
13147,35,0,35,2009
13149,9,0,9,2009
13151,243,4,247,2009
13153,615,100,715,2009
13155,13,0,13,2009
13157,148,0,148,2009
13159,48,0,48,2009
13161,0,2,2,2009
13163,19,0,19,2009
13165,9,0,9,2009
13167,5,0,5,2009
13169,55,2,57,2009
13171,23,0,23,2009
13173,65,0,65,2009
13175,16,0,16,2009
13177,111,0,111,2009
13179,135,252,387,2009
13181,13,2,15,2009
13185,441,312,753,2009
13187,71,0,71,2009
13189,19,0,19,2009
13191,81,0,81,2009
13193,1,0,1,2009
13195,58,0,58,2009
13197,17,0,17,2009
13199,32,0,32,2009
13201,0,0,0,2009
13205,36,0,36,2009
13207,112,0,112,2009
13209,0,0,0,2009
13211,34,0,34,2009
13213,37,0,37,2009
13215,223,115,338,2009
13217,54,0,54,2009
13219,71,2,73,2009
13221,58,0,58,2009
13223,317,0,317,2009
13225,108,8,116,2009
13227,38,0,38,2009
13229,65,0,65,2009
13231,64,0,64,2009
13233,46,0,46,2009
13235,16,0,16,2009
13237,56,0,56,2009
13239,3,0,3,2009
13241,75,13,88,2009
13243,0,0,0,2009
13245,391,98,489,2009
13247,59,8,67,2009
13249,1,0,1,2009
13251,28,0,28,2009
13253,15,0,15,2009
13255,191,0,191,2009
13257,43,0,43,2009
13259,0,0,0,2009
13261,24,0,24,2009
13263,12,0,12,2009
13265,2,0,2,2009
13267,39,0,39,2009
13269,10,0,10,2009
13271,3,0,3,2009
13273,16,0,16,2009
13275,94,36,130,2009
13277,53,0,53,2009
13279,9,10,19,2009
13281,63,0,63,2009
13283,19,0,19,2009
13285,113,288,401,2009
13287,9,0,9,2009
13289,12,0,12,2009
13291,102,0,102,2009
13293,21,2,23,2009
13295,97,8,105,2009
13297,61,64,125,2009
13299,42,2,44,2009
13301,0,0,0,2009
13303,4,0,4,2009
13305,9,2,11,2009
13309,1,0,1,2009
13311,70,16,86,2009
13313,92,9,101,2009
13317,11,0,11,2009
13319,5,0,5,2009
13321,28,0,28,2009
15001,647,34,681,2009
15003,862,174,1036,2009
15007,220,292,512,2009
15009,273,115,388,2009
16001,1306,132,1438,2009
16003,13,0,13,2009
16005,152,0,152,2009
16007,20,0,20,2009
16009,22,8,30,2009
16011,80,16,96,2009
16013,27,0,27,2009
16015,38,0,38,2009
16017,3,0,3,2009
16019,234,4,238,2009
16021,47,0,47,2009
16023,8,0,8,2009
16025,1,0,1,2009
16027,386,3,389,2009
16029,17,0,17,2009
16031,33,0,33,2009
16033,11,0,11,2009
16035,27,0,27,2009
16037,10,2,12,2009
16039,95,0,95,2009
16041,56,4,60,2009
16043,61,0,61,2009
16045,19,0,19,2009
16047,23,4,27,2009
16049,3,0,3,2009
16051,82,4,86,2009
16053,60,0,60,2009
16055,761,100,861,2009
16057,53,196,249,2009
16059,12,0,12,2009
16061,10,0,10,2009
16063,16,0,16,2009
16065,89,99,188,2009
16067,9,0,9,2009
16069,42,4,46,2009
16071,14,0,14,2009
16073,20,0,20,2009
16075,32,0,32,2009
16077,9,0,9,2009
16079,4,0,4,2009
16081,39,0,39,2009
16083,256,13,269,2009
16085,47,0,47,2009
16087,27,0,27,2009
17001,57,69,126,2009
17003,1,0,1,2009
17005,34,0,34,2009
17007,53,2,55,2009
17009,0,0,0,2009
17011,36,6,42,2009
17013,25,0,25,2009
17015,21,0,21,2009
17017,8,0,8,2009
17019,327,151,478,2009
17021,37,0,37,2009
17023,0,8,8,2009
17025,3,0,3,2009
17027,129,4,133,2009
17029,16,34,50,2009
17031,662,1397,2059,2009
17033,6,0,6,2009
17035,2,0,2,2009
17037,109,21,130,2009
17039,21,0,21,2009
17041,25,0,25,2009
17043,428,32,460,2009
17045,4,0,4,2009
17049,38,22,60,2009
17051,4,0,4,2009
17053,26,0,26,2009
17055,14,0,14,2009
17057,30,2,32,2009
17061,1,0,1,2009
17063,64,30,94,2009
17065,0,0,0,2009
17067,2,0,2,2009
17069,0,0,0,2009
17071,17,0,17,2009
17073,33,2,35,2009
17075,39,3,42,2009
17077,90,90,180,2009
17079,0,0,0,2009
17081,8,0,8,2009
17083,34,20,54,2009
17085,45,0,45,2009
17087,2,2,4,2009
17089,519,4,523,2009
17091,94,2,96,2009
17093,217,0,217,2009
17095,31,0,31,2009
17097,475,42,517,2009
17099,73,5,78,2009
17101,0,0,0,2009
17103,20,0,20,2009
17105,24,4,28,2009
17107,21,0,21,2009
17109,5,10,15,2009
17111,287,30,317,2009
17113,304,198,502,2009
17115,93,0,93,2009
17117,44,4,48,2009
17119,412,106,518,2009
17121,7,2,9,2009
17123,14,0,14,2009
17125,9,0,9,2009
17127,2,0,2,2009
17129,24,0,24,2009
17131,14,4,18,2009
17133,110,6,116,2009
17135,32,0,32,2009
17137,11,0,11,2009
17139,24,7,31,2009
17141,35,6,41,2009
17143,215,13,228,2009
17145,0,0,0,2009
17147,16,0,16,2009
17149,15,0,15,2009
17151,0,0,0,2009
17153,7,0,7,2009
17155,16,0,16,2009
17157,27,4,31,2009
17159,9,0,9,2009
17161,93,64,157,2009
17163,509,390,899,2009
17165,0,0,0,2009
17167,289,79,368,2009
17173,75,0,75,2009
17175,4,0,4,2009
17177,29,2,31,2009
17179,230,10,240,2009
17181,37,0,37,2009
17183,10,0,10,2009
17185,2,0,2,2009
17187,15,0,15,2009
17189,34,13,47,2009
17191,1,0,1,2009
17193,0,0,0,2009
17195,47,2,49,2009
17197,466,51,517,2009
17199,105,44,149,2009
17201,167,0,167,2009
17203,74,18,92,2009
18001,46,0,46,2009
18003,655,60,715,2009
18005,125,0,125,2009
18007,12,0,12,2009
18009,3,0,3,2009
18011,260,8,268,2009
18013,166,0,166,2009
18015,32,6,38,2009
18017,12,0,12,2009
18019,341,34,375,2009
18021,9,0,9,2009
18023,16,0,16,2009
18025,0,0,0,2009
18027,8,0,8,2009
18029,84,12,96,2009
18031,51,64,115,2009
18033,51,0,51,2009
18035,44,0,44,2009
18037,70,26,96,2009
18039,137,48,185,2009
18041,11,0,11,2009
18043,129,2,131,2009
18045,6,0,6,2009
18047,48,0,48,2009
18049,19,0,19,2009
18051,75,0,75,2009
18053,43,4,47,2009
18057,1353,829,2182,2009
18059,149,149,298,2009
18061,82,0,82,2009
18063,617,128,745,2009
18065,18,0,18,2009
18067,11,62,73,2009
18069,29,0,29,2009
18071,59,21,80,2009
18073,91,0,91,2009
18075,18,60,78,2009
18077,55,0,55,2009
18079,45,0,45,2009
18081,264,414,678,2009
18083,34,0,34,2009
18085,172,28,200,2009
18087,65,0,65,2009
18089,636,51,687,2009
18091,114,24,138,2009
18093,9,0,9,2009
18095,61,8,69,2009
18097,638,454,1092,2009
18099,82,18,100,2009
18101,1,0,1,2009
18103,10,0,10,2009
18105,195,70,265,2009
18107,32,0,32,2009
18109,75,2,77,2009
18111,15,0,15,2009
18113,72,0,72,2009
18115,8,0,8,2009
18117,10,16,26,2009
18119,41,0,41,2009
18121,22,0,22,2009
18123,29,0,29,2009
18125,21,0,21,2009
18127,249,46,295,2009
18129,36,0,36,2009
18131,18,0,18,2009
18133,42,0,42,2009
18135,16,0,16,2009
18137,66,2,68,2009
18139,12,0,12,2009
18141,212,49,261,2009
18143,13,8,21,2009
18145,37,15,52,2009
18147,37,0,37,2009
18149,59,0,59,2009
18151,74,0,74,2009
18153,2,0,2,2009
18155,44,0,44,2009
18157,409,27,436,2009
18159,8,0,8,2009
18161,7,0,7,2009
18163,191,72,263,2009
18165,16,0,16,2009
18167,97,6,103,2009
18169,34,0,34,2009
18171,16,0,16,2009
18173,172,2,174,2009
18175,30,4,34,2009
18177,29,0,29,2009
18179,34,0,34,2009
18181,45,0,45,2009
18183,75,60,135,2009
19001,2,0,2,2009
19003,11,0,11,2009
19005,27,0,27,2009
19007,5,0,5,2009
19009,29,0,29,2009
19011,22,0,22,2009
19013,249,12,261,2009
19015,31,4,35,2009
19017,84,0,84,2009
19019,15,0,15,2009
19021,10,0,10,2009
19023,55,4,59,2009
19025,5,0,5,2009
19027,32,0,32,2009
19029,5,0,5,2009
19031,41,0,41,2009
19033,36,57,93,2009
19035,8,0,8,2009
19037,4,14,18,2009
19039,14,37,51,2009
19041,21,0,21,2009
19043,35,9,44,2009
19045,51,4,55,2009
19047,9,2,11,2009
19049,165,121,286,2009
19051,3,0,3,2009
19053,3,0,3,2009
19055,11,0,11,2009
19057,28,0,28,2009
19059,60,33,93,2009
19061,315,120,435,2009
19063,7,0,7,2009
19065,7,0,7,2009
19067,10,0,10,2009
19069,3,0,3,2009
19071,22,0,22,2009
19073,8,0,8,2009
19075,13,2,15,2009
19077,11,0,11,2009
19079,5,0,5,2009
19081,9,0,9,2009
19083,4,0,4,2009
19085,21,0,21,2009
19087,20,8,28,2009
19089,8,0,8,2009
19091,9,2,11,2009
19093,6,0,6,2009
19095,13,2,15,2009
19097,24,0,24,2009
19099,28,14,42,2009
19101,5,2,7,2009
19103,599,98,697,2009
19105,16,6,22,2009
19107,2,0,2,2009
19109,6,24,30,2009
19111,5,2,7,2009
19113,661,495,1156,2009
19115,33,0,33,2009
19117,0,0,0,2009
19119,15,0,15,2009
19121,35,0,35,2009
19123,20,0,20,2009
19125,43,0,43,2009
19127,18,2,20,2009
19129,10,0,10,2009
19131,8,0,8,2009
19133,18,0,18,2009
19135,5,8,13,2009
19137,5,0,5,2009
19139,38,12,50,2009
19141,20,0,20,2009
19143,8,0,8,2009
19145,6,0,6,2009
19147,6,0,6,2009
19149,38,0,38,2009
19151,5,0,5,2009
19153,1415,492,1907,2009
19155,177,7,184,2009
19157,38,0,38,2009
19159,0,0,0,2009
19161,4,0,4,2009
19163,231,286,517,2009
19165,14,8,22,2009
19167,84,9,93,2009
19169,122,0,122,2009
19171,19,2,21,2009
19173,7,0,7,2009
19175,2,22,24,2009
19177,1,0,1,2009
19179,22,0,22,2009
19181,173,66,239,2009
19183,18,14,32,2009
19185,1,0,1,2009
19187,16,0,16,2009
19189,2,0,2,2009
19191,45,0,45,2009
19193,69,22,91,2009
19195,4,2,6,2009
19197,2,0,2,2009
20001,44,5,49,2009
20003,7,0,7,2009
20005,1,6,7,2009
20007,0,0,0,2009
20009,11,4,15,2009
20011,4,0,4,2009
20013,2,0,2,2009
20015,130,14,144,2009
20017,0,0,0,2009
20019,0,0,0,2009
20021,14,0,14,2009
20023,0,0,0,2009
20025,0,0,0,2009
20027,11,0,11,2009
20029,2,0,2,2009
20031,22,0,22,2009
20033,0,0,0,2009
20035,30,8,38,2009
20037,47,14,61,2009
20039,0,0,0,2009
20041,32,4,36,2009
20043,8,0,8,2009
20045,186,156,342,2009
20047,0,0,0,2009
20051,45,14,59,2009
20053,0,0,0,2009
20055,14,0,14,2009
20057,27,10,37,2009
20059,34,7,41,2009
20061,178,240,418,2009
20063,0,0,0,2009
20065,0,0,0,2009
20067,5,0,5,2009
20069,19,2,21,2009
20071,0,0,0,2009
20073,2,0,2,2009
20075,1,0,1,2009
20077,4,0,4,2009
20079,63,6,69,2009
20081,2,0,2,2009
20085,20,0,20,2009
20087,37,0,37,2009
20089,4,0,4,2009
20091,653,848,1501,2009
20093,1,0,1,2009
20095,15,0,15,2009
20097,61,0,61,2009
20099,14,0,14,2009
20101,1,0,1,2009
20103,172,3,175,2009
20105,1,0,1,2009
20107,25,0,25,2009
20109,2,0,2,2009
20111,24,58,82,2009
20113,43,9,52,2009
20115,17,0,17,2009
20117,3,0,3,2009
20119,1,0,1,2009
20121,38,0,38,2009
20123,2,2,4,2009
20125,34,4,38,2009
20127,6,0,6,2009
20129,1,0,1,2009
20131,8,0,8,2009
20133,8,42,50,2009
20135,1,0,1,2009
20137,0,0,0,2009
20139,31,0,31,2009
20141,1,0,1,2009
20143,13,0,13,2009
20145,6,0,6,2009
20147,1,0,1,2009
20149,122,34,156,2009
20151,3,6,9,2009
20153,0,0,0,2009
20155,67,21,88,2009
20157,0,0,0,2009
20159,6,0,6,2009
20161,203,224,427,2009
20163,4,0,4,2009
20165,4,0,4,2009
20167,3,0,3,2009
20169,83,0,83,2009
20171,1,0,1,2009
20173,1156,482,1638,2009
20175,17,32,49,2009
20177,252,146,398,2009
20181,1,0,1,2009
20183,3,2,5,2009
20185,6,0,6,2009
20187,0,0,0,2009
20189,5,0,5,2009
20191,23,2,25,2009
20193,0,0,0,2009
20195,1,0,1,2009
20197,3,0,3,2009
20199,0,0,0,2009
20201,1,0,1,2009
20203,0,0,0,2009
20205,1,0,1,2009
20207,3,0,3,2009
20209,115,0,115,2009
21001,0,0,0,2009
21005,53,0,53,2009
21009,88,42,130,2009
21011,4,0,4,2009
21013,20,8,28,2009
21015,481,6,487,2009
21017,26,2,28,2009
21019,10,8,18,2009
21021,17,29,46,2009
21025,0,0,0,2009
21027,6,0,6,2009
21029,257,54,311,2009
21031,0,0,0,2009
21033,3,0,3,2009
21035,18,18,36,2009
21037,122,110,232,2009
21041,0,0,0,2009
21043,2,0,2,2009
21045,1,0,1,2009
21047,56,2,58,2009
21049,46,0,46,2009
21051,0,0,0,2009
21053,0,0,0,2009
21055,0,0,0,2009
21057,0,0,0,2009
21059,238,4,242,2009
21065,0,0,0,2009
21067,770,332,1102,2009
21069,0,3,3,2009
21071,3,4,7,2009
21073,263,87,350,2009
21075,0,0,0,2009
21077,32,0,32,2009
21079,6,0,6,2009
21081,31,0,31,2009
21083,9,0,9,2009
21085,19,3,22,2009
21087,3,0,3,2009
21089,12,0,12,2009
21091,5,0,5,2009
21093,333,77,410,2009
21095,0,0,0,2009
21097,29,2,31,2009
21099,23,6,29,2009
21101,55,114,169,2009
21103,23,0,23,2009
21107,50,8,58,2009
21109,0,0,0,2009
21111,779,98,877,2009
21113,112,2,114,2009
21115,0,0,0,2009
21117,274,12,286,2009
21121,12,0,12,2009
21123,50,0,50,2009
21125,3,2,5,2009
21133,0,3,3,2009
21137,44,0,44,2009
21141,7,28,35,2009
21143,2,4,6,2009
21145,85,4,89,2009
21147,0,0,0,2009
21149,2,0,2,2009
21151,124,61,185,2009
21155,5,7,12,2009
21157,24,30,54,2009
21161,22,5,27,2009
21163,84,22,106,2009
21167,32,4,36,2009
21173,39,8,47,2009
21175,2,0,2,2009
21177,3,0,3,2009
21179,148,31,179,2009
21181,0,0,0,2009
21183,21,0,21,2009
21185,111,0,111,2009
21187,2,0,2,2009
21191,0,0,0,2009
21193,8,4,12,2009
21195,2,8,10,2009
21199,7,12,19,2009
21205,0,3,3,2009
21207,3,4,7,2009
21209,257,16,273,2009
21211,106,11,117,2009
21213,28,8,36,2009
21215,64,0,64,2009
21217,2,27,29,2009
21219,3,8,11,2009
21221,10,0,10,2009
21225,23,2,25,2009
21227,284,69,353,2009
21229,2,0,2,2009
21231,0,0,0,2009
21233,1,0,1,2009
21235,9,6,15,2009
21239,68,2,70,2009
22001,119,3,122,2009
22003,4,0,4,2009
22005,786,0,786,2009
22007,47,2,49,2009
22009,37,0,37,2009
22011,52,0,52,2009
22013,0,0,0,2009
22015,750,236,986,2009
22017,278,0,278,2009
22019,677,381,1058,2009
22021,10,0,10,2009
22023,105,0,105,2009
22025,11,0,11,2009
22027,0,0,0,2009
22029,34,0,34,2009
22031,0,0,0,2009
22033,882,0,882,2009
22035,0,0,0,2009
22037,54,0,54,2009
22039,53,16,69,2009
22041,30,3,33,2009
22043,50,0,50,2009
22045,111,22,133,2009
22047,34,0,34,2009
22049,15,0,15,2009
22051,350,22,372,2009
22053,53,4,57,2009
22055,607,61,668,2009
22057,281,28,309,2009
22059,3,0,3,2009
22061,34,7,41,2009
22063,824,87,911,2009
22065,7,0,7,2009
22067,22,0,22,2009
22069,43,14,57,2009
22071,947,614,1561,2009
22073,232,21,253,2009
22075,62,0,62,2009
22077,65,0,65,2009
22079,298,48,346,2009
22081,0,0,0,2009
22083,37,2,39,2009
22085,0,0,0,2009
22087,33,0,33,2009
22089,115,0,115,2009
22091,23,0,23,2009
22093,41,4,45,2009
22095,91,2,93,2009
22097,145,0,145,2009
22099,159,0,159,2009
22101,53,0,53,2009
22103,592,4,596,2009
22105,726,89,815,2009
22107,8,0,8,2009
22109,246,0,246,2009
22111,23,0,23,2009
22113,126,72,198,2009
22115,28,0,28,2009
22117,105,0,105,2009
22119,70,16,86,2009
22121,131,0,131,2009
22123,1,0,1,2009
22125,35,0,35,2009
22127,0,0,0,2009
23000,85,0,85,2009
23001,153,14,167,2009
23003,99,33,132,2009
23005,563,12,575,2009
23007,53,0,53,2009
23009,168,5,173,2009
23011,249,68,317,2009
23013,103,2,105,2009
23015,99,5,104,2009
23017,172,3,175,2009
23019,279,87,366,2009
23021,27,0,27,2009
23023,106,0,106,2009
23025,67,4,71,2009
23027,76,0,76,2009
23029,63,0,63,2009
23031,454,72,526,2009
24001,63,75,138,2009
24003,822,353,1175,2009
24005,438,583,1021,2009
24009,260,0,260,2009
24011,44,0,44,2009
24013,142,38,180,2009
24015,236,0,236,2009
24017,558,156,714,2009
24019,52,41,93,2009
24021,749,90,839,2009
24023,159,0,159,2009
24025,538,235,773,2009
24027,890,583,1473,2009
24029,117,0,117,2009
24031,862,0,862,2009
24033,811,448,1259,2009
24035,132,20,152,2009
24037,465,4,469,2009
24039,39,86,125,2009
24041,205,0,205,2009
24043,163,2,165,2009
24045,145,55,200,2009
24047,106,17,123,2009
24510,137,204,341,2009
25001,337,40,377,2009
25003,126,47,173,2009
25005,454,22,476,2009
25007,107,0,107,2009
25009,389,211,600,2009
25011,55,8,63,2009
25013,292,80,372,2009
25015,177,17,194,2009
25017,1089,553,1642,2009
25019,46,0,46,2009
25021,441,776,1217,2009
25023,549,329,878,2009
25025,39,338,377,2009
25027,973,446,1419,2009
26000,72,48,120,2009
26001,20,0,20,2009
26003,26,0,26,2009
26005,251,0,251,2009
26007,13,0,13,2009
26009,40,0,40,2009
26011,14,0,14,2009
26013,11,0,11,2009
26015,80,0,80,2009
26017,68,0,68,2009
26019,50,36,86,2009
26021,104,16,120,2009
26023,25,0,25,2009
26025,36,0,36,2009
26027,87,0,87,2009
26029,43,0,43,2009
26031,45,0,45,2009
26033,49,24,73,2009
26035,37,24,61,2009
26037,64,0,64,2009
26039,15,0,15,2009
26041,54,0,54,2009
26043,56,24,80,2009
26045,78,0,78,2009
26047,28,0,28,2009
26049,83,66,149,2009
26051,26,0,26,2009
26053,20,0,20,2009
26055,154,48,202,2009
26057,5,0,5,2009
26059,36,0,36,2009
26061,62,8,70,2009
26063,44,0,44,2009
26065,107,2,109,2009
26067,35,0,35,2009
26069,24,0,24,2009
26071,35,0,35,2009
26073,47,0,47,2009
26075,64,63,127,2009
26077,307,13,320,2009
26079,39,0,39,2009
26081,620,25,645,2009
26083,10,0,10,2009
26085,44,0,44,2009
26087,32,0,32,2009
26089,63,0,63,2009
26091,103,0,103,2009
26093,93,0,93,2009
26095,1,0,1,2009
26097,24,0,24,2009
26099,338,2,340,2009
26101,2,0,2,2009
26103,95,15,110,2009
26105,34,0,34,2009
26107,65,0,65,2009
26109,21,0,21,2009
26111,70,2,72,2009
26113,20,3,23,2009
26115,80,0,80,2009
26117,56,2,58,2009
26119,21,0,21,2009
26121,67,26,93,2009
26123,32,0,32,2009
26125,443,13,456,2009
26127,1,0,1,2009
26129,25,0,25,2009
26131,18,0,18,2009
26133,34,0,34,2009
26135,16,0,16,2009
26137,36,0,36,2009
26139,361,47,408,2009
26141,29,2,31,2009
26143,19,0,19,2009
26145,88,28,116,2009
26147,91,33,124,2009
26149,34,8,42,2009
26151,28,0,28,2009
26153,32,0,32,2009
26155,31,0,31,2009
26157,27,0,27,2009
26159,78,3,81,2009
26161,210,43,253,2009
26163,264,24,288,2009
26165,26,0,26,2009
27001,124,6,130,2009
27003,460,48,508,2009
27005,124,20,144,2009
27007,76,32,108,2009
27009,48,0,48,2009
27011,14,2,16,2009
27013,181,16,197,2009
27015,28,4,32,2009
27017,74,28,102,2009
27019,280,33,313,2009
27021,164,0,164,2009
27023,20,0,20,2009
27025,49,0,49,2009
27027,229,102,331,2009
27029,5,0,5,2009
27031,42,0,42,2009
27033,11,2,13,2009
27035,220,43,263,2009
27037,419,131,550,2009
27039,42,2,44,2009
27041,94,0,94,2009
27043,14,0,14,2009
27045,43,2,45,2009
27047,24,6,30,2009
27049,50,0,50,2009
27051,3,0,3,2009
27053,709,539,1248,2009
27055,28,0,28,2009
27057,16,0,16,2009
27059,31,30,61,2009
27061,97,18,115,2009
27063,12,24,36,2009
27065,11,0,11,2009
27067,75,44,119,2009
27069,2,0,2,2009
27071,16,0,16,2009
27073,3,0,3,2009
27075,50,0,50,2009
27077,13,0,13,2009
27079,37,0,37,2009
27081,15,0,15,2009
27083,20,12,32,2009
27085,22,65,87,2009
27087,0,0,0,2009
27089,4,0,4,2009
27091,22,4,26,2009
27093,32,0,32,2009
27095,24,2,26,2009
27097,71,30,101,2009
27099,30,0,30,2009
27101,23,0,23,2009
27103,66,0,66,2009
27105,17,61,78,2009
27107,3,0,3,2009
27109,333,150,483,2009
27111,40,0,40,2009
27113,13,24,37,2009
27115,54,0,54,2009
27117,12,0,12,2009
27119,45,0,45,2009
27121,54,8,62,2009
27123,80,201,281,2009
27125,1,0,1,2009
27127,16,4,20,2009
27129,11,0,11,2009
27131,89,45,134,2009
27133,15,0,15,2009
27135,3,0,3,2009
27137,282,60,342,2009
27139,545,4,549,2009
27141,89,0,89,2009
27143,13,0,13,2009
27145,240,249,489,2009
27147,38,0,38,2009
27149,9,0,9,2009
27151,9,0,9,2009
27153,59,0,59,2009
27155,9,0,9,2009
27157,43,0,43,2009
27159,23,0,23,2009
27161,26,2,28,2009
27163,548,39,587,2009
27165,14,0,14,2009
27167,6,0,6,2009
27169,72,3,75,2009
27171,225,16,241,2009
27173,11,0,11,2009
28001,5,0,5,2009
28003,20,0,20,2009
28005,0,0,0,2009
28007,6,0,6,2009
28009,0,0,0,2009
28011,13,0,13,2009
28013,1,0,1,2009
28017,1,0,1,2009
28019,0,0,0,2009
28021,0,0,0,2009
28023,3,0,3,2009
28025,9,0,9,2009
28027,6,0,6,2009
28029,3,0,3,2009
28031,3,2,5,2009
28033,506,0,506,2009
28035,82,10,92,2009
28037,0,0,0,2009
28039,1,0,1,2009
28041,0,0,0,2009
28043,6,2,8,2009
28045,451,118,569,2009
28047,1471,784,2255,2009
28049,246,4,250,2009
28051,4,0,4,2009
28053,3,0,3,2009
28055,0,0,0,2009
28057,6,0,6,2009
28059,757,54,811,2009
28061,2,0,2,2009
28063,3,0,3,2009
28065,0,0,0,2009
28067,21,25,46,2009
28071,49,4,53,2009
28073,12,0,12,2009
28075,99,0,99,2009
28077,0,0,0,2009
28079,1,0,1,2009
28081,109,160,269,2009
28083,10,0,10,2009
28085,9,0,9,2009
28087,78,132,210,2009
28089,437,0,437,2009
28091,1,8,9,2009
28093,92,0,92,2009
28095,10,0,10,2009
28097,11,25,36,2009
28099,3,0,3,2009
28101,0,0,0,2009
28103,3,0,3,2009
28105,50,45,95,2009
28107,9,3,12,2009
28109,168,82,250,2009
28111,4,0,4,2009
28113,4,41,45,2009
28115,14,5,19,2009
28117,9,0,9,2009
28119,8,0,8,2009
28121,481,0,481,2009
28123,1,20,21,2009
28125,1,0,1,2009
28127,15,2,17,2009
28129,2,0,2,2009
28131,8,4,12,2009
28133,4,0,4,2009
28135,3,0,3,2009
28137,56,0,56,2009
28139,14,0,14,2009
28141,1,0,1,2009
28143,11,0,11,2009
28145,5,0,5,2009
28147,1,0,1,2009
28149,11,0,11,2009
28151,11,0,11,2009
28153,6,0,6,2009
28155,2,0,2,2009
28157,1,0,1,2009
28159,0,0,0,2009
28161,10,0,10,2009
28163,2,0,2,2009
29001,18,14,32,2009
29003,4,16,20,2009
29005,1,0,1,2009
29007,1,0,1,2009
29009,27,12,39,2009
29011,0,2,2,2009
29013,2,0,2,2009
29015,5,0,5,2009
29017,1,0,1,2009
29019,520,110,630,2009
29021,97,26,123,2009
29023,8,0,8,2009
29025,21,0,21,2009
29027,45,52,97,2009
29029,22,32,54,2009
29031,64,88,152,2009
29033,13,0,13,2009
29035,2,0,2,2009
29037,123,19,142,2009
29039,2,0,2,2009
29041,0,0,0,2009
29043,185,64,249,2009
29045,1,0,1,2009
29047,119,55,174,2009
29049,36,0,36,2009
29051,157,55,212,2009
29053,11,0,11,2009
29055,8,2,10,2009
29057,0,0,0,2009
29059,7,0,7,2009
29061,1,0,1,2009
29063,1,0,1,2009
29065,0,0,0,2009
29067,1,0,1,2009
29069,3,0,3,2009
29071,219,28,247,2009
29073,23,0,23,2009
29075,1,0,1,2009
29077,468,429,897,2009
29079,4,0,4,2009
29081,1,0,1,2009
29083,8,26,34,2009
29087,4,0,4,2009
29089,2,0,2,2009
29091,20,12,32,2009
29093,0,6,6,2009
29095,347,612,959,2009
29097,101,65,166,2009
29099,573,26,599,2009
29101,65,24,89,2009
29103,0,0,0,2009
29105,18,42,60,2009
29107,33,0,33,2009
29109,12,8,20,2009
29111,2,0,2,2009
29113,55,35,90,2009
29115,0,0,0,2009
29117,26,0,26,2009
29119,1,11,12,2009
29121,0,8,8,2009
29123,5,0,5,2009
29125,0,0,0,2009
29127,35,5,40,2009
29129,0,0,0,2009
29131,7,2,9,2009
29133,10,4,14,2009
29135,1,3,4,2009
29137,24,0,24,2009
29139,35,0,35,2009
29141,2,0,2,2009
29143,10,0,10,2009
29145,52,0,52,2009
29147,19,8,27,2009
29149,0,0,0,2009
29151,0,0,0,2009
29153,1,3,4,2009
29155,3,0,3,2009
29157,20,36,56,2009
29159,5,21,26,2009
29161,39,40,79,2009
29163,10,0,10,2009
29165,106,0,106,2009
29167,19,2,21,2009
29169,136,8,144,2009
29171,1,0,1,2009
29173,0,0,0,2009
29175,53,19,72,2009
29177,34,4,38,2009
29179,2,0,2,2009
29181,0,2,2,2009
29183,1194,246,1440,2009
29185,1,0,1,2009
29186,6,0,6,2009
29187,101,225,326,2009
29189,504,81,585,2009
29195,8,6,14,2009
29197,2,0,2,2009
29199,0,0,0,2009
29201,20,6,26,2009
29203,0,0,0,2009
29205,0,0,0,2009
29207,13,0,13,2009
29209,123,40,163,2009
29211,2,0,2,2009
29213,210,688,898,2009
29215,5,2,7,2009
29217,9,0,9,2009
29219,115,3,118,2009
29221,2,0,2,2009
29225,14,8,22,2009
29227,0,0,0,2009
29229,14,0,14,2009
29510,91,163,254,2009
30001,2,2,4,2009
30003,2,0,2,2009
30005,0,0,0,2009
30007,3,0,3,2009
30009,13,3,16,2009
30011,1,0,1,2009
30013,143,44,187,2009
30015,0,0,0,2009
30017,4,0,4,2009
30019,2,0,2,2009
30021,3,0,3,2009
30023,6,0,6,2009
30025,0,0,0,2009
30027,1,0,1,2009
30029,78,8,86,2009
30031,259,132,391,2009
30033,0,0,0,2009
30035,0,0,0,2009
30037,0,0,0,2009
30039,0,0,0,2009
30041,6,0,6,2009
30043,1,0,1,2009
30045,0,0,0,2009
30047,17,0,17,2009
30049,65,30,95,2009
30051,0,0,0,2009
30053,2,0,2,2009
30055,1,0,1,2009
30057,1,0,1,2009
30059,0,0,0,2009
30061,0,0,0,2009
30063,207,18,225,2009
30065,3,0,3,2009
30067,12,0,12,2009
30069,0,0,0,2009
30071,5,0,5,2009
30073,0,0,0,2009
30075,0,0,0,2009
30077,0,0,0,2009
30079,0,0,0,2009
30081,8,9,17,2009
30083,1,0,1,2009
30085,5,2,7,2009
30087,6,0,6,2009
30089,0,0,0,2009
30091,1,0,1,2009
30093,49,8,57,2009
30095,5,0,5,2009
30097,0,0,0,2009
30099,2,0,2,2009
30101,3,0,3,2009
30103,0,0,0,2009
30105,0,0,0,2009
30107,0,0,0,2009
30109,0,0,0,2009
30111,446,67,513,2009
31001,78,16,94,2009
31003,16,0,16,2009
31011,9,0,9,2009
31013,2,0,2,2009
31015,0,0,0,2009
31017,1,0,1,2009
31019,81,6,87,2009
31021,14,2,16,2009
31023,5,0,5,2009
31025,51,0,51,2009
31027,8,0,8,2009
31029,1,0,1,2009
31031,2,0,2,2009
31033,5,0,5,2009
31035,4,0,4,2009
31037,9,0,9,2009
31039,16,0,16,2009
31041,2,0,2,2009
31043,21,4,25,2009
31045,4,0,4,2009
31047,50,13,63,2009
31049,0,0,0,2009
31051,4,0,4,2009
31053,49,2,51,2009
31055,1603,337,1940,2009
31057,0,0,0,2009
31059,0,0,0,2009
31061,3,0,3,2009
31063,4,0,4,2009
31065,4,0,4,2009
31067,6,2,8,2009
31069,3,0,3,2009
31071,3,0,3,2009
31073,9,0,9,2009
31077,0,0,0,2009
31079,109,36,145,2009
31081,34,0,34,2009
31083,3,0,3,2009
31085,0,0,0,2009
31087,0,0,0,2009
31089,6,0,6,2009
31091,2,0,2,2009
31093,19,0,19,2009
31095,7,0,7,2009
31097,1,0,1,2009
31099,4,0,4,2009
31101,6,0,6,2009
31103,2,0,2,2009
31105,0,0,0,2009
31107,23,0,23,2009
31109,649,46,695,2009
31111,45,0,45,2009
31115,4,0,4,2009
31119,56,2,58,2009
31121,14,0,14,2009
31123,0,0,0,2009
31125,8,3,11,2009
31127,5,0,5,2009
31129,0,0,0,2009
31131,30,0,30,2009
31133,2,0,2,2009
31135,2,0,2,2009
31137,9,0,9,2009
31139,12,0,12,2009
31141,77,10,87,2009
31143,0,0,0,2009
31145,3,0,3,2009
31147,2,0,2,2009
31149,2,0,2,2009
31151,25,44,69,2009
31153,1116,39,1155,2009
31155,66,0,66,2009
31157,11,12,23,2009
31159,33,0,33,2009
31161,1,0,1,2009
31163,6,0,6,2009
31165,2,0,2,2009
31167,5,0,5,2009
31169,3,0,3,2009
31173,2,0,2,2009
31175,5,0,5,2009
31177,37,0,37,2009
31179,18,0,18,2009
31181,2,0,2,2009
31183,0,0,0,2009
31185,17,24,41,2009
32001,15,0,15,2009
32003,3777,1911,5688,2009
32005,44,0,44,2009
32007,101,0,101,2009
32013,16,32,48,2009
32015,6,0,6,2009
32017,14,0,14,2009
32019,39,0,39,2009
32021,5,0,5,2009
32027,7,0,7,2009
32029,5,0,5,2009
32031,492,276,768,2009
32033,6,0,6,2009
32510,18,0,18,2009
33001,143,34,177,2009
33003,135,0,135,2009
33005,84,38,122,2009
33007,37,0,37,2009
33009,143,95,238,2009
33011,321,192,513,2009
33013,160,62,222,2009
33015,384,89,473,2009
33017,182,107,289,2009
33019,73,8,81,2009
34001,486,26,512,2009
34003,544,287,831,2009
34005,461,345,806,2009
34007,267,318,585,2009
34009,266,162,428,2009
34011,222,40,262,2009
34013,227,550,777,2009
34015,612,253,865,2009
34017,84,1534,1618,2009
34019,189,79,268,2009
34021,178,91,269,2009
34023,603,415,1018,2009
34025,753,211,964,2009
34027,328,285,613,2009
34029,874,28,902,2009
34031,147,134,281,2009
34033,50,99,149,2009
34035,358,80,438,2009
34037,163,19,182,2009
34039,234,254,488,2009
34041,165,0,165,2009
35000,905,0,905,2009
35001,905,159,1064,2009
35005,25,0,25,2009
35007,13,0,13,2009
35009,211,4,215,2009
35013,854,285,1139,2009
35015,67,0,67,2009
35025,17,8,25,2009
35027,60,6,66,2009
35028,3,0,3,2009
35029,29,0,29,2009
35031,2,0,2,2009
35035,3,0,3,2009
35039,0,0,0,2009
35041,45,0,45,2009
35043,530,14,544,2009
35045,208,26,234,2009
35049,102,0,102,2009
35051,1,0,1,2009
35053,4,0,4,2009
35055,72,0,72,2009
35061,84,0,84,2009
36001,265,9,274,2009
36003,60,0,60,2009
36005,61,1586,1647,2009
36007,92,40,132,2009
36009,87,0,87,2009
36011,61,30,91,2009
36013,120,37,157,2009
36015,40,32,72,2009
36017,35,30,65,2009
36019,93,67,160,2009
36021,98,8,106,2009
36023,33,8,41,2009
36025,76,2,78,2009
36027,312,13,325,2009
36029,762,211,973,2009
36031,95,0,95,2009
36033,71,0,71,2009
36035,77,0,77,2009
36037,35,42,77,2009
36039,123,23,146,2009
36041,30,0,30,2009
36043,100,0,100,2009
36045,189,0,189,2009
36047,1,1002,1003,2009
36049,85,0,85,2009
36051,52,8,60,2009
36053,107,0,107,2009
36055,681,433,1114,2009
36057,40,0,40,2009
36059,365,13,378,2009
36061,0,1363,1363,2009
36063,231,163,394,2009
36065,219,95,314,2009
36067,529,173,702,2009
36069,275,0,275,2009
36071,359,221,580,2009
36073,26,0,26,2009
36075,148,76,224,2009
36077,86,24,110,2009
36079,37,19,56,2009
36081,124,1350,1474,2009
36083,182,70,252,2009
36085,130,440,570,2009
36087,76,81,157,2009
36089,126,32,158,2009
36091,521,146,667,2009
36093,108,46,154,2009
36095,33,0,33,2009
36097,39,0,39,2009
36099,34,40,74,2009
36101,113,0,113,2009
36103,791,199,990,2009
36105,226,51,277,2009
36107,63,10,73,2009
36109,100,27,127,2009
36111,171,116,287,2009
36113,173,13,186,2009
36115,109,30,139,2009
36117,123,27,150,2009
36119,177,282,459,2009
36121,25,0,25,2009
36123,56,0,56,2009
37001,441,120,561,2009
37003,133,0,133,2009
37005,46,0,46,2009
37007,27,0,27,2009
37009,104,0,104,2009
37011,73,4,77,2009
37013,171,0,171,2009
37015,19,0,19,2009
37017,40,0,40,2009
37019,1033,190,1223,2009
37021,621,288,909,2009
37023,140,2,142,2009
37025,538,540,1078,2009
37027,124,0,124,2009
37029,18,0,18,2009
37031,163,8,171,2009
37033,31,0,31,2009
37035,192,10,202,2009
37037,231,0,231,2009
37039,100,0,100,2009
37041,24,0,24,2009
37043,44,0,44,2009
37045,115,97,212,2009
37047,30,0,30,2009
37049,346,100,446,2009
37051,1330,866,2196,2009
37053,112,0,112,2009
37055,117,7,124,2009
37057,274,0,274,2009
37059,55,0,55,2009
37061,52,0,52,2009
37063,784,824,1608,2009
37065,29,6,35,2009
37067,653,320,973,2009
37069,141,0,141,2009
37071,565,102,667,2009
37073,39,0,39,2009
37075,31,0,31,2009
37077,202,8,210,2009
37079,23,0,23,2009
37081,1008,608,1616,2009
37083,72,0,72,2009
37085,738,4,742,2009
37087,172,6,178,2009
37089,311,0,311,2009
37091,44,6,50,2009
37093,468,0,468,2009
37095,22,0,22,2009
37097,565,0,565,2009
37099,155,98,253,2009
37101,636,0,636,2009
37103,31,0,31,2009
37105,109,0,109,2009
37107,40,0,40,2009
37109,159,12,171,2009
37111,107,0,107,2009
37113,146,0,146,2009
37115,67,0,67,2009
37117,25,0,25,2009
37119,1315,1729,3044,2009
37121,57,0,57,2009
37123,45,0,45,2009
37125,312,22,334,2009
37127,236,0,236,2009
37129,331,96,427,2009
37131,14,0,14,2009
37133,1519,617,2136,2009
37135,242,480,722,2009
37137,51,0,51,2009
37139,55,97,152,2009
37141,163,0,163,2009
37143,54,0,54,2009
37145,67,29,96,2009
37147,366,196,562,2009
37149,51,0,51,2009
37151,237,102,339,2009
37153,90,35,125,2009
37155,108,0,108,2009
37157,118,2,120,2009
37159,195,0,195,2009
37161,113,0,113,2009
37163,76,38,114,2009
37165,19,0,19,2009
37167,132,21,153,2009
37169,67,10,77,2009
37171,99,0,99,2009
37173,46,0,46,2009
37175,76,0,76,2009
37177,7,0,7,2009
37179,587,0,587,2009
37181,47,0,47,2009
37183,3600,517,4117,2009
37185,34,0,34,2009
37187,5,0,5,2009
37189,160,70,230,2009
37191,259,0,259,2009
37193,107,2,109,2009
37195,142,114,256,2009
37197,61,0,61,2009
37199,39,9,48,2009
38001,1,0,1,2009
38003,10,0,10,2009
38005,0,0,0,2009
38007,1,0,1,2009
38009,0,4,4,2009
38011,5,0,5,2009
38013,3,0,3,2009
38015,356,84,440,2009
38017,574,773,1347,2009
38019,2,0,2,2009
38021,0,0,0,2009
38023,2,0,2,2009
38025,3,0,3,2009
38027,2,0,2,2009
38029,2,0,2,2009
38031,6,0,6,2009
38033,1,0,1,2009
38035,121,159,280,2009
38037,1,0,1,2009
38039,0,0,0,2009
38041,0,0,0,2009
38043,0,0,0,2009
38045,4,0,4,2009
38047,2,0,2,2009
38049,13,0,13,2009
38051,0,0,0,2009
38053,8,24,32,2009
38055,21,0,21,2009
38057,22,0,22,2009
38059,75,0,75,2009
38061,47,0,47,2009
38063,1,0,1,2009
38065,1,0,1,2009
38067,0,0,0,2009
38069,1,2,3,2009
38071,6,0,6,2009
38073,0,0,0,2009
38075,1,0,1,2009
38077,15,24,39,2009
38079,1,6,7,2009
38081,4,0,4,2009
38083,4,0,4,2009
38085,0,0,0,2009
38087,0,0,0,2009
38089,88,16,104,2009
38091,3,0,3,2009
38093,25,35,60,2009
38095,0,0,0,2009
38097,7,0,7,2009
38099,4,0,4,2009
38101,190,236,426,2009
38103,2,0,2,2009
38105,69,128,197,2009
39001,1,5,6,2009
39003,57,7,64,2009
39005,48,0,48,2009
39007,66,0,66,2009
39009,6,19,25,2009
39011,60,7,67,2009
39013,10,0,10,2009
39015,50,5,55,2009
39017,544,30,574,2009
39019,3,0,3,2009
39021,24,0,24,2009
39023,69,0,69,2009
39025,445,61,506,2009
39027,21,0,21,2009
39029,30,0,30,2009
39031,2,0,2,2009
39033,12,0,12,2009
39035,462,41,503,2009
39037,38,0,38,2009
39039,39,14,53,2009
39041,491,42,533,2009
39043,43,4,47,2009
39045,188,0,188,2009
39047,35,3,38,2009
39049,1464,1425,2889,2009
39051,24,88,112,2009
39053,1,5,6,2009
39055,62,0,62,2009
39057,295,30,325,2009
39059,37,0,37,2009
39061,326,79,405,2009
39063,75,0,75,2009
39065,23,0,23,2009
39067,0,0,0,2009
39069,18,0,18,2009
39071,16,0,16,2009
39073,7,40,47,2009
39075,1,0,1,2009
39077,42,10,52,2009
39079,41,20,61,2009
39081,11,0,11,2009
39083,100,0,100,2009
39085,255,0,255,2009
39087,5,0,5,2009
39089,209,16,225,2009
39091,59,4,63,2009
39093,567,22,589,2009
39095,238,67,305,2009
39097,34,2,36,2009
39099,96,0,96,2009
39101,33,2,35,2009
39103,463,197,660,2009
39105,2,0,2,2009
39107,51,38,89,2009
39109,114,0,114,2009
39111,0,0,0,2009
39113,340,0,340,2009
39115,6,0,6,2009
39117,38,0,38,2009
39119,1,66,67,2009
39121,19,0,19,2009
39123,87,37,124,2009
39125,11,0,11,2009
39127,21,2,23,2009
39129,20,0,20,2009
39131,80,0,80,2009
39133,182,0,182,2009
39135,21,48,69,2009
39137,44,0,44,2009
39139,47,26,73,2009
39141,80,0,80,2009
39143,29,0,29,2009
39145,1,35,36,2009
39147,53,0,53,2009
39149,82,0,82,2009
39151,293,64,357,2009
39153,488,71,559,2009
39155,46,14,60,2009
39157,47,0,47,2009
39159,130,0,130,2009
39161,28,0,28,2009
39163,0,0,0,2009
39165,664,91,755,2009
39167,8,0,8,2009
39169,157,9,166,2009
39171,14,4,18,2009
39173,128,0,128,2009
39175,15,0,15,2009
40001,4,0,4,2009
40003,0,0,0,2009
40005,5,12,17,2009
40007,1,0,1,2009
40009,11,0,11,2009
40011,2,0,2,2009
40013,46,18,64,2009
40015,34,0,34,2009
40017,172,4,176,2009
40019,123,16,139,2009
40021,22,28,50,2009
40023,1,0,1,2009
40025,0,0,0,2009
40027,694,190,884,2009
40029,4,0,4,2009
40031,347,294,641,2009
40033,2,0,2,2009
40035,2,0,2,2009
40037,149,6,155,2009
40039,34,8,42,2009
40041,34,0,34,2009
40043,1,0,1,2009
40045,2,0,2,2009
40047,39,0,39,2009
40049,5,0,5,2009
40051,51,0,51,2009
40053,1,0,1,2009
40055,3,0,3,2009
40059,0,0,0,2009
40061,4,0,4,2009
40063,30,0,30,2009
40065,32,0,32,2009
40067,0,3,3,2009
40069,21,0,21,2009
40071,6,4,10,2009
40073,16,0,16,2009
40075,0,0,0,2009
40077,0,0,0,2009
40079,81,34,115,2009
40081,10,0,10,2009
40083,13,32,45,2009
40085,0,0,0,2009
40087,107,4,111,2009
40089,9,0,9,2009
40091,11,10,21,2009
40093,4,0,4,2009
40095,2,0,2,2009
40097,10,0,10,2009
40099,11,0,11,2009
40101,18,0,18,2009
40103,0,0,0,2009
40105,4,0,4,2009
40107,18,0,18,2009
40109,2072,103,2175,2009
40111,1,0,1,2009
40113,121,16,137,2009
40115,7,0,7,2009
40117,0,0,0,2009
40119,79,14,93,2009
40121,44,0,44,2009
40123,60,0,60,2009
40125,139,11,150,2009
40127,3,0,3,2009
40129,0,0,0,2009
40131,292,0,292,2009
40133,18,0,18,2009
40135,39,18,57,2009
40137,35,0,35,2009
40139,0,0,0,2009
40141,0,0,0,2009
40143,1859,638,2497,2009
40145,258,0,258,2009
40147,60,0,60,2009
40149,0,0,0,2009
40151,1,0,1,2009
40153,6,0,6,2009
41000,81,3,84,2009
41001,33,0,33,2009
41003,96,0,96,2009
41005,580,135,715,2009
41007,80,2,82,2009
41009,60,2,62,2009
41011,21,2,23,2009
41013,51,0,51,2009
41015,36,129,165,2009
41017,348,28,376,2009
41019,170,12,182,2009
41025,11,0,11,2009
41027,43,6,49,2009
41029,317,4,321,2009
41031,25,0,25,2009
41033,103,2,105,2009
41035,59,36,95,2009
41037,10,0,10,2009
41039,428,188,616,2009
41041,100,0,100,2009
41043,236,10,246,2009
41045,22,0,22,2009
41047,432,283,715,2009
41049,11,0,11,2009
41051,519,521,1040,2009
41053,78,42,120,2009
41057,110,6,116,2009
41059,37,18,55,2009
41061,51,0,51,2009
41067,871,332,1203,2009
41071,259,0,259,2009
42001,198,0,198,2009
42003,1052,204,1256,2009
42005,53,0,53,2009
42007,142,10,152,2009
42009,85,3,88,2009
42011,372,28,400,2009
42013,103,22,125,2009
42015,56,0,56,2009
42017,459,0,459,2009
42019,352,60,412,2009
42021,94,0,94,2009
42023,1,0,1,2009
42025,140,27,167,2009
42027,275,63,338,2009
42029,882,75,957,2009
42031,44,0,44,2009
42033,111,20,131,2009
42035,33,0,33,2009
42037,149,0,149,2009
42039,62,0,62,2009
42041,640,196,836,2009
42043,471,127,598,2009
42045,426,68,494,2009
42047,27,0,27,2009
42049,383,90,473,2009
42051,219,2,221,2009
42053,12,0,12,2009
42055,398,110,508,2009
42057,26,0,26,2009
42059,38,0,38,2009
42061,74,0,74,2009
42063,58,60,118,2009
42065,61,0,61,2009
42067,37,0,37,2009
42069,305,14,319,2009
42071,990,272,1262,2009
42073,50,52,102,2009
42075,353,0,353,2009
42077,659,150,809,2009
42079,293,47,340,2009
42081,112,6,118,2009
42083,21,0,21,2009
42085,139,23,162,2009
42087,43,0,43,2009
42089,235,25,260,2009
42091,643,157,800,2009
42093,30,17,47,2009
42095,437,70,507,2009
42097,118,2,120,2009
42099,88,0,88,2009
42101,291,656,947,2009
42103,230,0,230,2009
42105,24,0,24,2009
42107,146,4,150,2009
42109,59,4,63,2009
42111,67,63,130,2009
42113,21,0,21,2009
42115,94,26,120,2009
42117,84,0,84,2009
42119,48,4,52,2009
42121,52,10,62,2009
42123,27,0,27,2009
42125,451,29,480,2009
42127,155,0,155,2009
42129,412,47,459,2009
42131,49,0,49,2009
42133,1082,91,1173,2009
44001,23,6,29,2009
44003,81,16,97,2009
44005,97,66,163,2009
44007,258,156,414,2009
44009,245,13,258,2009
45001,22,0,22,2009
45003,554,0,554,2009
45005,0,0,0,2009
45007,280,0,280,2009
45009,8,0,8,2009
45011,36,6,42,2009
45013,299,18,317,2009
45015,1130,0,1130,2009
45017,22,0,22,2009
45019,1087,201,1288,2009
45021,72,0,72,2009
45023,37,0,37,2009
45025,37,2,39,2009
45027,77,2,79,2009
45029,58,0,58,2009
45031,52,0,52,2009
45033,18,0,18,2009
45035,515,16,531,2009
45037,54,0,54,2009
45039,27,0,27,2009
45041,249,48,297,2009
45043,129,4,133,2009
45045,1088,50,1138,2009
45047,57,0,57,2009
45049,28,0,28,2009
45051,1457,254,1711,2009
45053,117,0,117,2009
45055,266,64,330,2009
45057,125,0,125,2009
45059,66,42,108,2009
45061,11,0,11,2009
45063,1154,632,1786,2009
45065,24,0,24,2009
45067,25,0,25,2009
45069,6,40,46,2009
45071,78,0,78,2009
45073,255,15,270,2009
45075,69,118,187,2009
45077,295,0,295,2009
45079,1074,219,1293,2009
45081,40,0,40,2009
45083,606,28,634,2009
45085,385,32,417,2009
45087,18,0,18,2009
45089,43,0,43,2009
45091,1394,294,1688,2009
46003,7,0,7,2009
46005,39,2,41,2009
46007,0,0,0,2009
46009,7,0,7,2009
46011,162,201,363,2009
46013,104,169,273,2009
46015,7,2,9,2009
46019,23,18,41,2009
46021,3,0,3,2009
46023,5,0,5,2009
46025,13,9,22,2009
46027,20,18,38,2009
46029,75,23,98,2009
46031,0,0,0,2009
46033,46,0,46,2009
46035,32,4,36,2009
46037,19,6,25,2009
46039,7,0,7,2009
46041,0,0,0,2009
46043,0,0,0,2009
46045,22,4,26,2009
46047,6,0,6,2009
46049,2,0,2,2009
46051,12,0,12,2009
46053,8,0,8,2009
46055,0,0,0,2009
46057,28,0,28,2009
46059,10,0,10,2009
46061,0,0,0,2009
46063,0,0,0,2009
46065,35,32,67,2009
46067,9,0,9,2009
46069,0,0,0,2009
46071,0,0,0,2009
46073,10,0,10,2009
46075,3,3,6,2009
46077,13,0,13,2009
46079,32,0,32,2009
46081,134,14,148,2009
46083,148,30,178,2009
46085,5,8,13,2009
46087,19,0,19,2009
46089,5,11,16,2009
46091,6,0,6,2009
46093,100,0,100,2009
46095,2,0,2,2009
46097,12,0,12,2009
46099,772,576,1348,2009
46101,15,0,15,2009
46103,322,28,350,2009
46105,0,0,0,2009
46107,1,0,1,2009
46109,15,0,15,2009
46111,3,0,3,2009
46115,12,0,12,2009
46117,8,0,8,2009
46119,8,0,8,2009
46121,1,0,1,2009
46123,3,0,3,2009
46125,23,9,32,2009
46127,81,4,85,2009
46129,9,0,9,2009
46135,47,10,57,2009
47001,95,16,111,2009
47003,120,76,196,2009
47005,0,0,0,2009
47009,181,32,213,2009
47011,162,89,251,2009
47013,150,38,188,2009
47015,3,0,3,2009
47017,5,83,88,2009
47019,102,4,106,2009
47021,61,221,282,2009
47023,30,0,30,2009
47025,85,28,113,2009
47029,2,0,2,2009
47031,106,38,144,2009
47033,3,0,3,2009
47035,44,25,69,2009
47037,1119,541,1660,2009
47039,0,0,0,2009
47041,7,0,7,2009
47043,103,4,107,2009
47045,47,0,47,2009
47047,119,0,119,2009
47049,0,0,0,2009
47051,116,6,122,2009
47053,157,0,157,2009
47055,4,6,10,2009
47057,2,0,2,2009
47059,116,6,122,2009
47061,0,0,0,2009
47063,73,6,79,2009
47065,708,88,796,2009
47067,3,0,3,2009
47069,41,0,41,2009
47071,9,0,9,2009
47073,25,6,31,2009
47075,19,48,67,2009
47077,17,0,17,2009
47079,11,2,13,2009
47081,1,0,1,2009
47083,2,0,2,2009
47085,17,0,17,2009
47089,134,4,138,2009
47091,2,0,2,2009
47093,887,512,1399,2009
47095,4,2,6,2009
47097,35,0,35,2009
47099,5,2,7,2009
47101,3,0,3,2009
47103,6,0,6,2009
47105,146,0,146,2009
47107,15,0,15,2009
47109,11,0,11,2009
47111,13,9,22,2009
47113,223,0,223,2009
47115,67,0,67,2009
47117,108,4,112,2009
47119,367,0,367,2009
47121,40,0,40,2009
47123,67,8,75,2009
47125,1207,181,1388,2009
47127,29,0,29,2009
47129,0,0,0,2009
47131,26,2,28,2009
47133,1,0,1,2009
47135,1,0,1,2009
47139,100,0,100,2009
47141,206,170,376,2009
47143,57,6,63,2009
47145,14,0,14,2009
47147,178,0,178,2009
47149,995,98,1093,2009
47151,7,0,7,2009
47153,6,12,18,2009
47155,61,80,141,2009
47157,610,284,894,2009
47159,37,0,37,2009
47161,2,0,2,2009
47163,323,28,351,2009
47165,564,2,566,2009
47167,120,180,300,2009
47169,23,0,23,2009
47171,1,0,1,2009
47173,58,0,58,2009
47177,11,2,13,2009
47179,375,23,398,2009
47181,3,0,3,2009
47183,48,4,52,2009
47185,5,2,7,2009
47187,362,88,450,2009
47189,498,13,511,2009
48001,13,0,13,2009
48003,46,0,46,2009
48005,52,0,52,2009
48007,97,0,97,2009
48009,9,0,9,2009
48011,1,0,1,2009
48013,32,0,32,2009
48015,30,4,34,2009
48017,5,0,5,2009
48019,1,0,1,2009
48021,23,0,23,2009
48023,0,0,0,2009
48025,4,0,4,2009
48027,1841,306,2147,2009
48029,3625,390,4015,2009
48031,7,16,23,2009
48035,4,0,4,2009
48037,172,24,196,2009
48039,1496,797,2293,2009
48041,707,106,813,2009
48043,20,0,20,2009
48047,4,0,4,2009
48049,14,0,14,2009
48051,12,0,12,2009
48053,235,0,235,2009
48055,20,96,116,2009
48057,60,0,60,2009
48059,12,0,12,2009
48061,939,166,1105,2009
48063,6,0,6,2009
48065,0,0,0,2009
48067,1,0,1,2009
48069,1,0,1,2009
48071,257,152,409,2009
48073,10,10,20,2009
48075,6,0,6,2009
48077,2,0,2,2009
48079,0,0,0,2009
48081,0,0,0,2009
48083,1,0,1,2009
48085,3392,1412,4804,2009
48087,1,0,1,2009
48089,12,0,12,2009
48091,826,0,826,2009
48093,3,0,3,2009
48097,28,0,28,2009
48099,166,12,178,2009
48101,0,0,0,2009
48103,0,0,0,2009
48107,0,0,0,2009
48109,9,0,9,2009
48111,10,0,10,2009
48113,2701,1433,4134,2009
48115,6,0,6,2009
48117,2,0,2,2009
48119,6,0,6,2009
48121,1495,1082,2577,2009
48123,0,0,0,2009
48127,7,0,7,2009
48129,1,0,1,2009
48133,0,0,0,2009
48135,220,0,220,2009
48139,475,21,496,2009
48141,2640,551,3191,2009
48143,31,22,53,2009
48145,4,0,4,2009
48147,11,6,17,2009
48149,5,0,5,2009
48151,0,0,0,2009
48153,4,0,4,2009
48157,4845,580,5425,2009
48159,2,0,2,2009
48161,5,0,5,2009
48163,12,0,12,2009
48165,8,0,8,2009
48167,1140,315,1455,2009
48169,0,0,0,2009
48171,28,25,53,2009
48177,1,0,1,2009
48179,3,0,3,2009
48181,108,5,113,2009
48183,157,26,183,2009
48185,15,0,15,2009
48187,813,0,813,2009
48189,11,0,11,2009
48191,0,0,0,2009
48193,3,0,3,2009
48195,0,0,0,2009
48197,0,0,0,2009
48199,126,84,210,2009
48201,11591,2551,14142,2009
48203,41,38,79,2009
48207,1,3,4,2009
48209,1009,381,1390,2009
48211,0,0,0,2009
48213,50,2,52,2009
48215,2784,372,3156,2009
48217,14,0,14,2009
48219,5,0,5,2009
48221,37,98,135,2009
48223,8,6,14,2009
48225,3,0,3,2009
48227,2,0,2,2009
48231,46,125,171,2009
48233,3,0,3,2009
48237,10,0,10,2009
48239,7,0,7,2009
48241,42,0,42,2009
48245,1205,395,1600,2009
48249,11,0,11,2009
48251,514,4,518,2009
48253,1,0,1,2009
48255,51,0,51,2009
48257,136,0,136,2009
48259,148,0,148,2009
48265,46,0,46,2009
48267,1,0,1,2009
48271,0,0,0,2009
48273,30,0,30,2009
48277,27,0,27,2009
48279,1,0,1,2009
48281,15,0,15,2009
48283,6,0,6,2009
48285,6,0,6,2009
48287,7,0,7,2009
48291,231,0,231,2009
48293,2,2,4,2009
48295,5,0,5,2009
48297,8,0,8,2009
48299,136,2,138,2009
48303,786,245,1031,2009
48305,4,0,4,2009
48307,1,0,1,2009
48309,424,250,674,2009
48313,12,0,12,2009
48315,4,0,4,2009
48317,1,0,1,2009
48319,3,0,3,2009
48321,79,0,79,2009
48323,101,130,231,2009
48325,14,16,30,2009
48329,330,0,330,2009
48331,2,2,4,2009
48335,1,0,1,2009
48337,1,0,1,2009
48339,2773,528,3301,2009
48341,9,0,9,2009
48343,5,0,5,2009
48347,40,12,52,2009
48349,21,0,21,2009
48351,0,0,0,2009
48353,1,0,1,2009
48355,793,97,890,2009
48357,1,0,1,2009
48359,3,0,3,2009
48361,319,0,319,2009
48363,6,0,6,2009
48365,8,0,8,2009
48367,334,97,431,2009
48369,1,0,1,2009
48371,6,0,6,2009
48373,362,4,366,2009
48375,568,26,594,2009
48377,5,0,5,2009
48379,3,0,3,2009
48381,37,10,47,2009
48383,3,0,3,2009
48385,0,0,0,2009
48387,7,0,7,2009
48389,1,0,1,2009
48391,8,0,8,2009
48395,8,3,11,2009
48397,545,530,1075,2009
48399,2,0,2,2009
48401,6,2,8,2009
48403,2,6,8,2009
48405,0,0,0,2009
48407,0,0,0,2009
48409,159,4,163,2009
48411,0,0,0,2009
48413,2,0,2,2009
48415,3,0,3,2009
48419,9,0,9,2009
48421,7,2,9,2009
48423,160,49,209,2009
48425,29,0,29,2009
48429,0,0,0,2009
48435,0,0,0,2009
48437,0,0,0,2009
48439,4465,1525,5990,2009
48441,201,0,201,2009
48445,1,0,1,2009
48449,10,0,10,2009
48451,181,335,516,2009
48453,3661,1588,5249,2009
48455,1,0,1,2009
48457,4,0,4,2009
48459,8,0,8,2009
48461,1,0,1,2009
48463,19,9,28,2009
48465,44,0,44,2009
48467,13,10,23,2009
48469,46,0,46,2009
48471,57,0,57,2009
48473,6,30,36,2009
48475,7,0,7,2009
48477,82,4,86,2009
48479,668,118,786,2009
48481,13,0,13,2009
48483,0,0,0,2009
48485,161,36,197,2009
48487,1,0,1,2009
48489,25,0,25,2009
48491,1965,15,1980,2009
48493,27,32,59,2009
48495,1,0,1,2009
48497,32,0,32,2009
48499,3,36,39,2009
48501,7,0,7,2009
48503,5,0,5,2009
48507,8,0,8,2009
49001,22,6,28,2009
49003,144,37,181,2009
49005,372,101,473,2009
49007,35,0,35,2009
49009,14,0,14,2009
49011,848,81,929,2009
49013,94,11,105,2009
49015,18,0,18,2009
49017,31,2,33,2009
49019,42,2,44,2009
49021,130,60,190,2009
49023,18,0,18,2009
49025,59,0,59,2009
49027,29,0,29,2009
49029,35,0,35,2009
49031,4,0,4,2009
49033,61,0,61,2009
49035,1326,2803,4129,2009
49037,21,0,21,2009
49039,42,0,42,2009
49041,42,0,42,2009
49043,120,262,382,2009
49045,181,0,181,2009
49047,96,0,96,2009
49049,1242,264,1506,2009
49051,89,0,89,2009
49053,591,7,598,2009
49055,13,0,13,2009
49057,595,32,627,2009
50001,66,27,93,2009
50003,59,16,75,2009
50005,49,16,65,2009
50007,165,243,408,2009
50009,13,0,13,2009
50011,95,68,163,2009
50013,22,0,22,2009
50015,51,0,51,2009
50017,35,0,35,2009
50019,57,46,103,2009
50021,43,0,43,2009
50023,119,16,135,2009
50025,63,36,99,2009
50027,60,2,62,2009
51001,90,0,90,2009
51003,285,16,301,2009
51005,13,0,13,2009
51007,36,0,36,2009
51009,75,4,79,2009
51011,92,0,92,2009
51013,156,458,614,2009
51015,159,12,171,2009
51017,19,0,19,2009
51019,222,24,246,2009
51021,42,0,42,2009
51023,63,0,63,2009
51025,10,0,10,2009
51027,15,11,26,2009
51029,36,0,36,2009
51031,126,4,130,2009
51033,93,0,93,2009
51035,97,0,97,2009
51036,24,0,24,2009
51037,57,0,57,2009
51041,635,168,803,2009
51043,24,0,24,2009
51045,18,0,18,2009
51047,57,0,57,2009
51049,24,0,24,2009
51051,14,0,14,2009
51053,127,0,127,2009
51057,29,0,29,2009
51059,769,0,769,2009
51061,106,0,106,2009
51063,89,0,89,2009
51065,84,18,102,2009
51067,119,0,119,2009
51069,268,12,280,2009
51071,31,0,31,2009
51073,110,0,110,2009
51075,75,0,75,2009
51077,31,0,31,2009
51079,107,0,107,2009
51081,24,0,24,2009
51083,58,0,58,2009
51085,257,0,257,2009
51087,467,0,467,2009
51089,46,12,58,2009
51091,13,0,13,2009
51093,133,0,133,2009
51095,367,0,367,2009
51097,18,0,18,2009
51099,122,2,124,2009
51101,73,0,73,2009
51103,50,4,54,2009
51105,35,4,39,2009
51107,1638,516,2154,2009
51109,192,0,192,2009
51111,17,0,17,2009
51113,42,0,42,2009
51115,34,0,34,2009
51117,80,0,80,2009
51119,48,0,48,2009
51121,263,34,297,2009
51125,51,0,51,2009
51127,130,0,130,2009
51131,20,0,20,2009
51133,54,0,54,2009
51135,45,0,45,2009
51137,61,0,61,2009
51139,44,0,44,2009
51141,50,2,52,2009
51143,67,25,92,2009
51145,69,0,69,2009
51147,59,2,61,2009
51149,76,0,76,2009
51153,1729,370,2099,2009
51155,46,25,71,2009
51157,21,0,21,2009
51159,15,7,22,2009
51161,138,0,138,2009
51163,59,0,59,2009
51165,290,0,290,2009
51167,26,2,28,2009
51169,36,0,36,2009
51171,102,6,108,2009
51173,50,0,50,2009
51175,49,4,53,2009
51177,258,0,258,2009
51179,455,4,459,2009
51181,43,0,43,2009
51183,27,0,27,2009
51185,40,0,40,2009
51187,66,0,66,2009
51191,100,22,122,2009
51193,83,0,83,2009
51195,37,5,42,2009
51197,65,0,65,2009
51199,166,96,262,2009
51510,35,201,236,2009
51515,5,50,55,2009
51520,5,9,14,2009
51530,4,0,4,2009
51540,57,48,105,2009
51550,645,166,811,2009
51570,4,0,4,2009
51580,1,0,1,2009
51590,16,19,35,2009
51595,14,8,22,2009
51600,14,0,14,2009
51610,12,0,12,2009
51620,10,0,10,2009
51630,88,157,245,2009
51640,5,0,5,2009
51650,139,554,693,2009
51660,179,151,330,2009
51670,168,0,168,2009
51678,2,2,4,2009
51680,125,0,125,2009
51683,40,0,40,2009
51685,0,0,0,2009
51690,8,0,8,2009
51700,86,307,393,2009
51710,165,422,587,2009
51720,9,0,9,2009
51730,48,224,272,2009
51735,12,0,12,2009
51740,85,0,85,2009
51750,9,2,11,2009
51760,139,222,361,2009
51770,80,2,82,2009
51775,29,0,29,2009
51790,36,2,38,2009
51800,378,8,386,2009
51810,503,726,1229,2009
51820,41,3,44,2009
51830,21,24,45,2009
51840,20,8,28,2009
53001,57,12,69,2009
53003,29,6,35,2009
53005,540,9,549,2009
53007,236,10,246,2009
53009,149,8,157,2009
53011,690,19,709,2009
53013,4,0,4,2009
53015,147,0,147,2009
53017,95,14,109,2009
53019,21,0,21,2009
53021,540,2,542,2009
53023,4,0,4,2009
53025,218,10,228,2009
53027,142,24,166,2009
53029,198,0,198,2009
53031,94,12,106,2009
53033,2003,1183,3186,2009
53035,552,10,562,2009
53037,175,2,177,2009
53039,91,0,91,2009
53041,132,80,212,2009
53043,45,0,45,2009
53045,149,11,160,2009
53047,129,0,129,2009
53049,48,2,50,2009
53051,74,0,74,2009
53053,1243,804,2047,2009
53055,120,0,120,2009
53057,251,39,290,2009
53059,32,0,32,2009
53061,1790,396,2186,2009
53063,809,977,1786,2009
53065,84,2,86,2009
53067,1083,234,1317,2009
53069,11,0,11,2009
53071,87,26,113,2009
53073,426,34,460,2009
53075,67,12,79,2009
53077,426,82,508,2009
54001,8,0,8,2009
54003,445,40,485,2009
54005,28,0,28,2009
54007,2,0,2,2009
54009,14,0,14,2009
54011,60,69,129,2009
54015,34,0,34,2009
54019,53,8,61,2009
54021,0,0,0,2009
54023,20,15,35,2009
54025,51,0,51,2009
54027,53,0,53,2009
54029,12,0,12,2009
54031,38,2,40,2009
54033,58,0,58,2009
54035,3,0,3,2009
54037,173,0,173,2009
54039,118,35,153,2009
54041,0,0,0,2009
54043,21,0,21,2009
54045,3,5,8,2009
54047,9,0,9,2009
54049,7,0,7,2009
54051,2,0,2,2009
54053,4,0,4,2009
54055,17,14,31,2009
54057,61,0,61,2009
54059,2,0,2,2009
54061,35,12,47,2009
54063,0,0,0,2009
54065,51,0,51,2009
54067,5,0,5,2009
54069,5,0,5,2009
54071,21,6,27,2009
54073,3,0,3,2009
54075,0,0,0,2009
54077,1,0,1,2009
54079,99,21,120,2009
54081,205,6,211,2009
54083,1,8,9,2009
54085,0,0,0,2009
54087,35,0,35,2009
54089,15,0,15,2009
54091,3,0,3,2009
54093,11,2,13,2009
54095,0,0,0,2009
54097,33,0,33,2009
54099,23,6,29,2009
54101,0,0,0,2009
54103,2,12,14,2009
54105,27,0,27,2009
54107,95,8,103,2009
54109,0,0,0,2009
55001,76,0,76,2009
55003,21,8,29,2009
55005,100,4,104,2009
55007,91,8,99,2009
55009,480,228,708,2009
55011,27,0,27,2009
55013,66,0,66,2009
55015,70,38,108,2009
55017,135,58,193,2009
55019,45,0,45,2009
55021,82,2,84,2009
55023,26,0,26,2009
55025,664,622,1286,2009
55027,89,2,91,2009
55029,117,22,139,2009
55031,104,4,108,2009
55033,56,20,76,2009
55035,176,52,228,2009
55037,13,0,13,2009
55039,118,86,204,2009
55041,58,0,58,2009
55043,64,10,74,2009
55045,43,28,71,2009
55047,29,8,37,2009
55049,33,0,33,2009
55051,18,0,18,2009
55053,55,0,55,2009
55055,160,10,170,2009
55057,76,0,76,2009
55059,165,10,175,2009
55061,32,0,32,2009
55063,230,91,321,2009
55065,29,2,31,2009
55067,57,0,57,2009
55069,67,4,71,2009
55071,83,22,105,2009
55073,203,102,305,2009
55075,101,18,119,2009
55077,27,0,27,2009
55078,11,0,11,2009
55079,160,424,584,2009
55081,83,58,141,2009
55083,95,2,97,2009
55085,179,0,179,2009
55087,351,58,409,2009
55089,107,56,163,2009
55091,17,2,19,2009
55093,75,0,75,2009
55095,77,8,85,2009
55097,137,50,187,2009
55099,45,0,45,2009
55101,194,149,343,2009
55103,37,0,37,2009
55105,157,56,213,2009
55107,50,0,50,2009
55109,119,0,119,2009
55111,129,14,143,2009
55113,101,4,105,2009
55115,43,0,43,2009
55117,77,82,159,2009
55119,39,0,39,2009
55121,61,28,89,2009
55123,60,6,66,2009
55125,117,0,117,2009
55127,118,87,205,2009
55129,54,18,72,2009
55131,233,30,263,2009
55133,391,42,433,2009
55135,89,34,123,2009
55137,71,0,71,2009
55139,263,138,401,2009
55141,107,42,149,2009
56001,103,29,132,2009
56003,16,0,16,2009
56005,249,100,349,2009
56007,24,0,24,2009
56009,38,0,38,2009
56011,10,4,14,2009
56013,26,6,32,2009
56015,9,18,27,2009
56017,0,0,0,2009
56019,5,0,5,2009
56021,169,218,387,2009
56023,58,4,62,2009
56025,341,71,412,2009
56027,3,0,3,2009
56029,126,18,144,2009
56031,12,0,12,2009
56033,86,0,86,2009
56035,44,0,44,2009
56037,130,221,351,2009
56039,62,27,89,2009
56041,51,4,55,2009
56043,5,0,5,2009
56045,7,0,7,2009
01001,135,56,191,2010
01003,682,14,696,2010
01005,10,0,10,2010
01007,8,0,8,2010
01009,10,8,18,2010
01011,1,0,1,2010
01013,3,0,3,2010
01015,99,8,107,2010
01017,10,0,10,2010
01019,6,0,6,2010
01021,22,0,22,2010
01023,1,0,1,2010
01025,5,0,5,2010
01027,2,0,2,2010
01029,8,0,8,2010
01031,127,112,239,2010
01033,83,5,88,2010
01035,1,0,1,2010
01037,0,0,0,2010
01039,12,0,12,2010
01041,1,0,1,2010
01043,24,0,24,2010
01045,54,82,136,2010
01047,0,36,36,2010
01049,32,0,32,2010
01051,86,42,128,2010
01053,7,0,7,2010
01055,105,0,105,2010
01057,3,0,3,2010
01059,9,3,12,2010
01061,18,0,18,2010
01063,3,0,3,2010
01065,22,0,22,2010
01067,42,0,42,2010
01069,211,50,261,2010
01071,18,0,18,2010
01073,926,351,1277,2010
01075,1,0,1,2010
01077,72,72,144,2010
01079,0,0,0,2010
01081,623,348,971,2010
01083,138,0,138,2010
01085,3,0,3,2010
01087,5,0,5,2010
01089,2137,0,2137,2010
01091,32,0,32,2010
01093,5,2,7,2010
01095,51,2,53,2010
01097,895,131,1026,2010
01099,1,0,1,2010
01101,248,423,671,2010
01103,145,20,165,2010
01105,0,0,0,2010
01107,4,0,4,2010
01109,56,32,88,2010
01111,0,0,0,2010
01113,534,400,934,2010
01115,111,0,111,2010
01117,471,2,473,2010
01119,3,2,5,2010
01121,29,87,116,2010
01123,9,0,9,2010
01125,327,271,598,2010
01127,15,0,15,2010
01129,1,0,1,2010
01131,0,0,0,2010
01133,0,0,0,2010
02000,64,0,64,2010
02013,0,0,0,2010
02016,2,6,8,2010
02020,381,99,480,2010
02050,8,2,10,2010
02060,1,0,1,2010
02090,42,0,42,2010
02100,6,0,6,2010
02110,46,7,53,2010
02122,66,23,89,2010
02130,15,2,17,2010
02150,17,0,17,2010
02170,43,10,53,2010
02180,1,0,1,2010
02185,12,0,12,2010
02188,4,0,4,2010
02201,2,2,4,2010
02220,13,0,13,2010
02232,4,0,4,2010
02261,19,0,19,2010
02280,5,0,5,2010
02282,2,0,2,2010
02290,0,0,0,2010
04001,48,0,48,2010
04003,347,0,347,2010
04005,186,129,315,2010
04007,70,3,73,2010
04009,78,2,80,2010
04011,4,0,4,2010
04012,16,0,16,2010
04013,5615,1088,6703,2010
04015,214,48,262,2010
04017,109,31,140,2010
04019,1726,212,1938,2010
04021,1597,0,1597,2010
04023,53,0,53,2010
04025,237,102,339,2010
04027,455,0,455,2010
05001,17,0,17,2010
05003,0,0,0,2010
05005,15,2,17,2010
05007,668,101,769,2010
05009,18,53,71,2010
05011,1,0,1,2010
05013,1,0,1,2010
05015,10,0,10,2010
05017,5,0,5,2010
05019,13,0,13,2010
05021,12,0,12,2010
05023,12,4,16,2010
05025,0,0,0,2010
05027,8,0,8,2010
05029,4,4,8,2010
05031,390,200,590,2010
05033,82,22,104,2010
05035,42,0,42,2010
05037,8,0,8,2010
05039,3,2,5,2010
05041,2,0,2,2010
05043,4,82,86,2010
05045,336,734,1070,2010
05047,8,0,8,2010
05049,0,0,0,2010
05051,38,0,38,2010
05053,6,33,39,2010
05055,114,54,168,2010
05057,5,0,5,2010
05059,2,0,2,2010
05061,13,0,13,2010
05063,11,6,17,2010
05065,2,0,2,2010
05067,6,0,6,2010
05069,44,80,124,2010
05071,10,0,10,2010
05073,0,0,0,2010
05075,3,6,9,2010
05077,27,0,27,2010
05079,2,0,2,2010
05081,3,0,3,2010
05083,12,2,14,2010
05085,269,43,312,2010
05087,0,20,20,2010
05089,11,0,11,2010
05091,37,8,45,2010
05093,14,21,35,2010
05095,1,0,1,2010
05099,1,0,1,2010
05101,1,0,1,2010
05103,6,0,6,2010
05105,1,3,4,2010
05107,2,0,2,2010
05111,13,8,21,2010
05113,23,14,37,2010
05115,129,4,133,2010
05117,3,0,3,2010
05119,847,436,1283,2010
05121,6,0,6,2010
05123,0,0,0,2010
05125,437,414,851,2010
05127,2,0,2,2010
05129,0,0,0,2010
05131,327,135,462,2010
05133,4,0,4,2010
05135,3,0,3,2010
05137,9,0,9,2010
05139,3,0,3,2010
05141,7,0,7,2010
05143,409,8,417,2010
05145,121,30,151,2010
05147,4,0,4,2010
05149,1,0,1,2010
06001,879,848,1727,2010
06003,4,0,4,2010
06005,29,0,29,2010
06007,157,355,512,2010
06009,45,0,45,2010
06011,19,0,19,2010
06013,890,786,1676,2010
06015,29,0,29,2010
06017,118,2,120,2010
06019,1917,331,2248,2010
06021,45,0,45,2010
06023,167,24,191,2010
06025,102,0,102,2010
06027,8,0,8,2010
06029,1211,445,1656,2010
06031,193,72,265,2010
06033,46,0,46,2010
06035,13,0,13,2010
06037,2384,4876,7260,2010
06039,112,80,192,2010
06041,121,65,186,2010
06043,41,4,45,2010
06045,122,35,157,2010
06047,104,2,106,2010
06049,16,0,16,2010
06051,22,0,22,2010
06053,112,167,279,2010
06055,110,0,110,2010
06057,108,34,142,2010
06059,1624,1510,3134,2010
06061,1087,79,1166,2010
06063,35,0,35,2010
06065,4027,520,4547,2010
06067,824,338,1162,2010
06069,47,0,47,2010
06071,1260,529,1789,2010
06073,2270,1224,3494,2010
06075,22,757,779,2010
06077,801,12,813,2010
06079,308,160,468,2010
06081,206,47,253,2010
06083,229,171,400,2010
06085,814,3318,4132,2010
06087,119,39,158,2010
06089,167,86,253,2010
06091,7,0,7,2010
06093,54,4,58,2010
06095,467,0,467,2010
06097,287,190,477,2010
06099,159,133,292,2010
06101,88,0,88,2010
06103,77,0,77,2010
06105,40,0,40,2010
06107,1085,282,1367,2010
06109,57,0,57,2010
06111,209,381,590,2010
06113,137,117,254,2010
06115,62,0,62,2010
08001,558,104,662,2010
08003,36,2,38,2010
08005,802,477,1279,2010
08007,37,0,37,2010
08009,0,2,2,2010
08011,0,0,0,2010
08013,276,381,657,2010
08014,232,0,232,2010
08015,101,0,101,2010
08017,1,0,1,2010
08019,13,0,13,2010
08021,17,0,17,2010
08023,24,0,24,2010
08025,4,0,4,2010
08027,59,8,67,2010
08029,10,0,10,2010
08031,632,600,1232,2010
08033,0,0,0,2010
08035,820,95,915,2010
08037,57,4,61,2010
08039,33,0,33,2010
08041,1634,84,1718,2010
08043,53,0,53,2010
08045,37,0,37,2010
08047,4,0,4,2010
08049,139,20,159,2010
08051,71,2,73,2010
08053,11,0,11,2010
08055,30,0,30,2010
08057,7,0,7,2010
08059,471,106,577,2010
08061,6,0,6,2010
08063,2,0,2,2010
08065,19,0,19,2010
08067,170,52,222,2010
08069,477,676,1153,2010
08071,20,0,20,2010
08073,1,0,1,2010
08075,13,2,15,2010
08077,348,60,408,2010
08079,5,0,5,2010
08081,7,0,7,2010
08083,14,0,14,2010
08085,62,0,62,2010
08087,22,0,22,2010
08089,3,0,3,2010
08091,20,0,20,2010
08093,95,0,95,2010
08095,3,0,3,2010
08097,44,0,44,2010
08099,0,2,2,2010
08101,209,25,234,2010
08103,22,0,22,2010
08105,21,0,21,2010
08107,27,0,27,2010
08109,35,0,35,2010
08111,1,0,1,2010
08113,47,0,47,2010
08115,0,0,0,2010
08117,92,25,117,2010
08119,42,0,42,2010
08121,5,0,5,2010
08123,789,74,863,2010
08125,0,0,0,2010
09001,546,380,926,2010
09003,630,180,810,2010
09005,140,24,164,2010
09007,271,8,279,2010
09009,452,567,1019,2010
09011,285,59,344,2010
09013,166,24,190,2010
09015,142,58,200,2010
10001,674,139,813,2010
10003,665,40,705,2010
10005,1334,220,1554,2010
11001,177,562,739,2010
12001,331,123,454,2010
12003,35,0,35,2010
12005,203,106,309,2010
12007,31,0,31,2010
12009,926,218,1144,2010
12011,979,189,1168,2010
12013,17,0,17,2010
12015,293,132,425,2010
12017,187,12,199,2010
12019,528,23,551,2010
12021,766,493,1259,2010
12023,84,0,84,2010
12027,96,0,96,2010
12029,18,0,18,2010
12031,1429,72,1501,2010
12033,555,418,973,2010
12035,172,106,278,2010
12037,6,0,6,2010
12039,89,0,89,2010
12041,36,0,36,2010
12043,8,0,8,2010
12045,45,0,45,2010
12047,22,0,22,2010
12049,12,0,12,2010
12051,22,0,22,2010
12053,182,60,242,2010
12055,73,81,154,2010
12057,2903,1047,3950,2010
12059,16,0,16,2010
12061,307,0,307,2010
12063,58,0,58,2010
12065,21,0,21,2010
12067,19,0,19,2010
12069,543,9,552,2010
12071,1175,101,1276,2010
12073,386,48,434,2010
12075,53,3,56,2010
12077,12,0,12,2010
12079,27,0,27,2010
12081,1144,103,1247,2010
12083,481,0,481,2010
12085,167,32,199,2010
12086,941,2262,3203,2010
12087,125,146,271,2010
12089,251,0,251,2010
12091,547,0,547,2010
12093,38,10,48,2010
12095,2186,694,2880,2010
12097,713,179,892,2010
12099,1251,255,1506,2010
12101,1012,600,1612,2010
12103,299,398,697,2010
12105,1112,88,1200,2010
12107,36,0,36,2010
12109,1144,124,1268,2010
12111,265,28,293,2010
12113,781,0,781,2010
12115,560,148,708,2010
12117,779,151,930,2010
12119,2420,0,2420,2010
12121,50,0,50,2010
12123,18,15,33,2010
12125,13,0,13,2010
12127,639,76,715,2010
12129,81,0,81,2010
12131,299,89,388,2010
12133,23,0,23,2010
13001,2,0,2,2010
13003,0,0,0,2010
13005,0,0,0,2010
13007,0,0,0,2010
13009,61,0,61,2010
13011,42,0,42,2010
13013,62,0,62,2010
13015,82,62,144,2010
13017,36,0,36,2010
13019,28,0,28,2010
13021,192,18,210,2010
13023,9,0,9,2010
13025,22,0,22,2010
13027,24,0,24,2010
13029,223,0,223,2010
13031,143,64,207,2010
13033,41,0,41,2010
13035,9,0,9,2010
13037,1,0,1,2010
13039,96,0,96,2010
13043,0,0,0,2010
13045,39,110,149,2010
13047,94,29,123,2010
13049,17,0,17,2010
13051,676,281,957,2010
13053,6,0,6,2010
13055,0,0,0,2010
13057,449,100,549,2010
13059,94,0,94,2010
13061,10,0,10,2010
13063,143,0,143,2010
13065,5,0,5,2010
13067,713,300,1013,2010
13069,45,63,108,2010
13071,63,4,67,2010
13073,1274,11,1285,2010
13075,22,0,22,2010
13077,416,0,416,2010
13079,15,0,15,2010
13081,75,0,75,2010
13083,1,0,1,2010
13085,35,0,35,2010
13087,86,3,89,2010
13089,354,78,432,2010
13091,12,0,12,2010
13093,0,0,0,2010
13095,29,25,54,2010
13097,72,0,72,2010
13099,12,0,12,2010
13101,3,0,3,2010
13103,121,0,121,2010
13105,18,0,18,2010
13107,3,2,5,2010
13109,14,0,14,2010
13111,104,2,106,2010
13113,82,0,82,2010
13115,55,0,55,2010
13117,1125,0,1125,2010
13119,1,0,1,2010
13121,783,318,1101,2010
13123,91,0,91,2010
13127,307,0,307,2010
13129,33,0,33,2010
13131,16,4,20,2010
13133,124,0,124,2010
13135,1080,159,1239,2010
13137,31,4,35,2010
13139,184,0,184,2010
13141,12,0,12,2010
13143,17,0,17,2010
13145,88,0,88,2010
13147,29,0,29,2010
13149,11,0,11,2010
13151,260,0,260,2010
13153,646,0,646,2010
13155,19,0,19,2010
13157,82,0,82,2010
13159,36,0,36,2010
13161,0,0,0,2010
13163,19,0,19,2010
13165,8,0,8,2010
13167,0,0,0,2010
13169,25,0,25,2010
13171,16,64,80,2010
13173,68,0,68,2010
13175,60,0,60,2010
13177,111,0,111,2010
13179,111,0,111,2010
13181,16,0,16,2010
13185,404,353,757,2010
13187,56,0,56,2010
13189,33,0,33,2010
13191,75,0,75,2010
13193,1,0,1,2010
13195,58,0,58,2010
13197,17,0,17,2010
13199,29,0,29,2010
13201,4,0,4,2010
13205,34,0,34,2010
13207,110,0,110,2010
13209,9,0,9,2010
13211,33,0,33,2010
13213,31,0,31,2010
13215,224,115,339,2010
13217,58,0,58,2010
13219,74,0,74,2010
13221,0,0,0,2010
13223,265,0,265,2010
13225,78,0,78,2010
13227,28,0,28,2010
13229,34,0,34,2010
13231,17,0,17,2010
13233,30,64,94,2010
13235,14,0,14,2010
13237,35,0,35,2010
13239,5,0,5,2010
13241,49,16,65,2010
13243,1,0,1,2010
13245,371,7,378,2010
13247,40,0,40,2010
13249,0,0,0,2010
13251,7,0,7,2010
13253,11,42,53,2010
13255,118,0,118,2010
13257,2,0,2,2010
13259,1,0,1,2010
13261,19,0,19,2010
13263,6,0,6,2010
13265,2,0,2,2010
13267,21,0,21,2010
13269,10,0,10,2010
13271,0,0,0,2010
13273,14,0,14,2010
13275,72,0,72,2010
13277,47,0,47,2010
13279,11,10,21,2010
13281,59,0,59,2010
13283,6,0,6,2010
13285,80,60,140,2010
13287,7,0,7,2010
13289,8,0,8,2010
13291,68,0,68,2010
13293,23,48,71,2010
13295,69,6,75,2010
13297,45,0,45,2010
13299,76,0,76,2010
13301,0,0,0,2010
13303,4,0,4,2010
13305,1,2,3,2010
13309,0,0,0,2010
13311,40,0,40,2010
13313,59,11,70,2010
13317,17,0,17,2010
13319,2,0,2,2010
13321,18,51,69,2010
15001,660,442,1102,2010
15003,879,1012,1891,2010
15007,170,2,172,2010
15009,210,67,277,2010
16001,1273,12,1285,2010
16003,13,0,13,2010
16005,137,3,140,2010
16007,27,0,27,2010
16009,19,0,19,2010
16011,55,6,61,2010
16013,24,0,24,2010
16015,24,0,24,2010
16017,17,0,17,2010
16019,245,80,325,2010
16021,29,0,29,2010
16023,1,0,1,2010
16025,4,0,4,2010
16027,309,51,360,2010
16029,7,0,7,2010
16031,37,0,37,2010
16033,2,0,2,2010
16035,20,0,20,2010
16037,8,4,12,2010
16039,37,0,37,2010
16041,52,0,52,2010
16043,52,0,52,2010
16045,13,0,13,2010
16047,12,0,12,2010
16049,4,0,4,2010
16051,65,0,65,2010
16053,54,0,54,2010
16055,473,154,627,2010
16057,59,48,107,2010
16059,20,0,20,2010
16061,0,0,0,2010
16063,3,0,3,2010
16065,36,213,249,2010
16067,32,8,40,2010
16069,44,4,48,2010
16071,19,0,19,2010
16073,11,0,11,2010
16075,38,0,38,2010
16077,9,0,9,2010
16079,2,0,2,2010
16081,16,0,16,2010
16083,197,2,199,2010
16085,46,0,46,2010
16087,23,0,23,2010
17001,51,88,139,2010
17003,0,0,0,2010
17005,28,0,28,2010
17007,42,0,42,2010
17009,0,0,0,2010
17011,24,3,27,2010
17013,3,0,3,2010
17015,18,0,18,2010
17017,3,0,3,2010
17019,210,268,478,2010
17021,35,0,35,2010
17023,5,0,5,2010
17025,3,0,3,2010
17027,102,2,104,2010
17029,15,112,127,2010
17031,725,2009,2734,2010
17033,7,0,7,2010
17035,2,0,2,2010
17037,51,0,51,2010
17039,21,3,24,2010
17041,24,2,26,2010
17043,430,188,618,2010
17045,6,0,6,2010
17049,18,129,147,2010
17051,4,0,4,2010
17053,10,0,10,2010
17055,15,0,15,2010
17057,32,0,32,2010
17061,1,0,1,2010
17063,50,36,86,2010
17065,0,0,0,2010
17067,3,0,3,2010
17069,0,0,0,2010
17071,17,0,17,2010
17073,28,0,28,2010
17075,33,11,44,2010
17077,11,54,65,2010
17079,0,0,0,2010
17081,0,0,0,2010
17083,30,35,65,2010
17085,37,0,37,2010
17087,1,2,3,2010
17089,527,38,565,2010
17091,59,12,71,2010
17093,171,6,177,2010
17095,7,0,7,2010
17097,427,271,698,2010
17099,69,8,77,2010
17101,0,0,0,2010
17103,29,0,29,2010
17105,29,0,29,2010
17107,17,0,17,2010
17109,4,5,9,2010
17111,301,4,305,2010
17113,319,108,427,2010
17115,95,6,101,2010
17117,42,6,48,2010
17119,422,61,483,2010
17121,0,0,0,2010
17123,13,0,13,2010
17125,8,0,8,2010
17127,1,0,1,2010
17129,9,0,9,2010
17131,10,0,10,2010
17133,131,0,131,2010
17135,24,0,24,2010
17137,8,0,8,2010
17139,24,9,33,2010
17141,49,48,97,2010
17143,252,203,455,2010
17145,26,0,26,2010
17147,31,10,41,2010
17149,15,0,15,2010
17151,0,0,0,2010
17153,8,0,8,2010
17155,15,0,15,2010
17157,38,12,50,2010
17159,10,0,10,2010
17161,80,157,237,2010
17163,621,402,1023,2010
17165,0,0,0,2010
17167,277,113,390,2010
17173,53,46,99,2010
17175,0,0,0,2010
17177,27,0,27,2010
17179,240,2,242,2010
17181,27,0,27,2010
17183,10,3,13,2010
17185,1,0,1,2010
17187,37,20,57,2010
17189,29,2,31,2010
17191,1,0,1,2010
17193,0,0,0,2010
17195,50,0,50,2010
17197,492,126,618,2010
17199,78,50,128,2010
17201,251,6,257,2010
17203,65,18,83,2010
18001,44,0,44,2010
18003,705,16,721,2010
18005,131,0,131,2010
18007,7,0,7,2010
18009,8,0,8,2010
18011,352,415,767,2010
18013,128,8,136,2010
18015,37,0,37,2010
18017,15,0,15,2010
18019,251,25,276,2010
18021,15,0,15,2010
18023,13,0,13,2010
18025,0,0,0,2010
18027,30,12,42,2010
18029,64,4,68,2010
18031,31,0,31,2010
18033,70,0,70,2010
18035,46,4,50,2010
18037,71,10,81,2010
18039,174,60,234,2010
18041,4,0,4,2010
18043,123,10,133,2010
18045,5,0,5,2010
18047,26,0,26,2010
18049,10,0,10,2010
18051,45,0,45,2010
18053,34,12,46,2010
18057,1350,625,1975,2010
18059,151,0,151,2010
18061,88,0,88,2010
18063,567,64,631,2010
18065,20,2,22,2010
18067,13,0,13,2010
18069,44,35,79,2010
18071,69,42,111,2010
18073,78,2,80,2010
18075,14,0,14,2010
18077,37,0,37,2010
18079,37,0,37,2010
18081,415,236,651,2010
18083,15,2,17,2010
18085,155,38,193,2010
18087,72,2,74,2010
18089,572,246,818,2010
18091,156,72,228,2010
18093,8,0,8,2010
18095,76,4,80,2010
18097,681,723,1404,2010
18099,82,6,88,2010
18101,0,0,0,2010
18103,10,0,10,2010
18105,194,67,261,2010
18107,34,8,42,2010
18109,85,4,89,2010
18111,18,0,18,2010
18113,66,0,66,2010
18115,15,0,15,2010
18117,5,0,5,2010
18119,2,0,2,2010
18121,29,0,29,2010
18123,38,0,38,2010
18125,34,0,34,2010
18127,243,8,251,2010
18129,60,0,60,2010
18131,13,0,13,2010
18133,29,34,63,2010
18135,12,0,12,2010
18137,64,4,68,2010
18139,10,0,10,2010
18141,168,143,311,2010
18143,36,8,44,2010
18145,35,19,54,2010
18147,38,0,38,2010
18149,31,0,31,2010
18151,71,0,71,2010
18153,1,0,1,2010
18155,44,0,44,2010
18157,407,80,487,2010
18159,5,0,5,2010
18161,0,0,0,2010
18163,213,64,277,2010
18165,9,0,9,2010
18167,136,28,164,2010
18169,23,0,23,2010
18171,11,0,11,2010
18173,187,10,197,2010
18175,29,2,31,2010
18177,88,61,149,2010
18179,39,32,71,2010
18181,37,35,72,2010
18183,65,28,93,2010
19001,4,0,4,2010
19003,2,0,2,2010
19005,34,0,34,2010
19007,6,2,8,2010
19009,30,0,30,2010
19011,16,0,16,2010
19013,300,18,318,2010
19015,32,0,32,2010
19017,59,0,59,2010
19019,23,2,25,2010
19021,8,4,12,2010
19023,29,0,29,2010
19025,8,0,8,2010
19027,23,6,29,2010
19029,5,6,11,2010
19031,32,0,32,2010
19033,41,10,51,2010
19035,12,0,12,2010
19037,7,0,7,2010
19039,13,47,60,2010
19041,16,0,16,2010
19043,21,0,21,2010
19045,72,8,80,2010
19047,17,3,20,2010
19049,261,4,265,2010
19051,3,0,3,2010
19053,4,0,4,2010
19055,8,2,10,2010
19057,33,0,33,2010
19059,82,10,92,2010
19061,324,224,548,2010
19063,11,14,25,2010
19065,5,0,5,2010
19067,12,0,12,2010
19069,2,0,2,2010
19071,12,0,12,2010
19073,13,0,13,2010
19075,10,4,14,2010
19077,4,0,4,2010
19079,1,0,1,2010
19081,9,0,9,2010
19083,4,0,4,2010
19085,20,0,20,2010
19087,18,0,18,2010
19089,7,0,7,2010
19091,7,2,9,2010
19093,6,6,12,2010
19095,8,2,10,2010
19097,20,0,20,2010
19099,26,6,32,2010
19101,9,0,9,2010
19103,424,95,519,2010
19105,17,4,21,2010
19107,2,2,4,2010
19109,11,8,19,2010
19111,5,128,133,2010
19113,658,160,818,2010
19115,14,0,14,2010
19117,3,0,3,2010
19119,20,0,20,2010
19121,33,2,35,2010
19123,10,0,10,2010
19125,48,0,48,2010
19127,12,2,14,2010
19129,16,0,16,2010
19131,24,0,24,2010
19133,15,0,15,2010
19135,6,10,16,2010
19137,9,0,9,2010
19139,32,14,46,2010
19141,7,0,7,2010
19143,1,0,1,2010
19145,13,0,13,2010
19147,4,0,4,2010
19149,44,0,44,2010
19151,4,0,4,2010
19153,1694,539,2233,2010
19155,164,4,168,2010
19157,19,0,19,2010
19159,2,0,2,2010
19161,3,0,3,2010
19163,304,123,427,2010
19165,11,0,11,2010
19167,88,0,88,2010
19169,93,74,167,2010
19171,13,2,15,2010
19173,2,0,2,2010
19175,5,0,5,2010
19177,1,0,1,2010
19179,26,0,26,2010
19181,214,64,278,2010
19183,16,18,34,2010
19185,0,0,0,2010
19187,23,0,23,2010
19189,2,0,2,2010
19191,33,8,41,2010
19193,68,18,86,2010
19195,4,0,4,2010
19197,6,0,6,2010
20001,16,0,16,2010
20003,7,0,7,2010
20005,4,0,4,2010
20007,1,0,1,2010
20009,7,0,7,2010
20011,1,0,1,2010
20013,1,0,1,2010
20015,127,20,147,2010
20017,0,0,0,2010
20019,0,0,0,2010
20021,4,0,4,2010
20023,0,0,0,2010
20025,2,0,2,2010
20027,7,0,7,2010
20029,4,0,4,2010
20031,29,0,29,2010
20033,0,0,0,2010
20035,35,2,37,2010
20037,39,8,47,2010
20039,1,0,1,2010
20041,33,0,33,2010
20043,7,0,7,2010
20045,190,98,288,2010
20047,0,0,0,2010
20051,28,26,54,2010
20053,0,0,0,2010
20055,8,10,18,2010
20057,46,6,52,2010
20059,30,3,33,2010
20061,136,93,229,2010
20063,0,0,0,2010
20065,1,4,5,2010
20067,5,0,5,2010
20069,17,17,34,2010
20071,1,0,1,2010
20073,0,0,0,2010
20075,0,0,0,2010
20077,4,0,4,2010
20079,49,6,55,2010
20081,0,0,0,2010
20085,19,0,19,2010
20087,36,0,36,2010
20089,0,0,0,2010
20091,858,195,1053,2010
20093,4,0,4,2010
20095,11,0,11,2010
20097,1,0,1,2010
20099,15,0,15,2010
20101,0,0,0,2010
20103,103,0,103,2010
20105,0,0,0,2010
20107,23,0,23,2010
20109,0,0,0,2010
20111,23,4,27,2010
20113,52,4,56,2010
20115,20,0,20,2010
20117,29,0,29,2010
20119,1,0,1,2010
20121,38,0,38,2010
20123,2,0,2,2010
20125,6,0,6,2010
20127,3,0,3,2010
20129,0,0,0,2010
20131,9,0,9,2010
20133,9,53,62,2010
20135,0,0,0,2010
20137,0,0,0,2010
20139,24,0,24,2010
20141,0,0,0,2010
20143,4,0,4,2010
20145,12,0,12,2010
20147,0,0,0,2010
20149,90,0,90,2010
20151,1,0,1,2010
20153,0,0,0,2010
20155,59,4,63,2010
20157,1,0,1,2010
20159,10,18,28,2010
20161,245,266,511,2010
20163,3,0,3,2010
20165,1,0,1,2010
20167,2,0,2,2010
20169,96,2,98,2010
20171,3,0,3,2010
20173,851,185,1036,2010
20175,17,41,58,2010
20177,257,28,285,2010
20181,0,0,0,2010
20183,2,2,4,2010
20185,6,0,6,2010
20187,0,0,0,2010
20189,0,0,0,2010
20191,19,2,21,2010
20193,0,0,0,2010
20195,2,0,2,2010
20197,17,0,17,2010
20199,0,0,0,2010
20201,2,0,2,2010
20203,0,0,0,2010
20205,2,0,2,2010
20207,1,0,1,2010
20209,145,69,214,2010
21001,4,4,8,2010
21005,57,0,57,2010
21009,152,4,156,2010
21011,0,0,0,2010
21013,22,0,22,2010
21015,439,11,450,2010
21017,33,0,33,2010
21019,13,2,15,2010
21021,30,17,47,2010
21025,1,0,1,2010
21027,4,2,6,2010
21029,275,18,293,2010
21031,0,0,0,2010
21033,3,0,3,2010
21035,31,15,46,2010
21037,115,28,143,2010
21041,0,0,0,2010
21043,3,0,3,2010
21045,1,0,1,2010
21047,46,69,115,2010
21049,49,0,49,2010
21051,0,0,0,2010
21053,0,0,0,2010
21055,1,4,5,2010
21057,0,0,0,2010
21059,270,62,332,2010
21065,1,4,5,2010
21067,628,194,822,2010
21069,2,0,2,2010
21071,2,0,2,2010
21073,40,10,50,2010
21075,1,0,1,2010
21077,37,0,37,2010
21079,1,0,1,2010
21081,32,0,32,2010
21083,2,0,2,2010
21085,4,17,21,2010
21087,1,0,1,2010
21089,14,0,14,2010
21091,5,0,5,2010
21093,674,535,1209,2010
21095,0,0,0,2010
21097,21,0,21,2010
21099,28,24,52,2010
21101,40,23,63,2010
21103,28,0,28,2010
21107,80,2,82,2010
21109,0,0,0,2010
21111,653,350,1003,2010
21113,210,12,222,2010
21115,1,0,1,2010
21117,226,34,260,2010
21121,0,0,0,2010
21123,33,0,33,2010
21125,9,0,9,2010
21133,0,3,3,2010
21137,40,0,40,2010
21141,6,18,24,2010
21143,8,0,8,2010
21145,107,38,145,2010
21147,0,0,0,2010
21149,1,0,1,2010
21151,131,55,186,2010
21155,6,4,10,2010
21157,33,32,65,2010
21161,23,4,27,2010
21163,135,81,216,2010
21167,34,8,42,2010
21173,29,0,29,2010
21175,1,0,1,2010
21177,1,0,1,2010
21179,146,0,146,2010
21181,2,0,2,2010
21183,4,0,4,2010
21185,111,2,113,2010
21187,0,10,10,2010
21191,0,0,0,2010
21193,9,0,9,2010
21195,9,10,19,2010
21199,7,0,7,2010
21205,0,3,3,2010
21207,4,0,4,2010
21209,185,0,185,2010
21211,105,4,109,2010
21213,19,4,23,2010
21215,65,24,89,2010
21217,12,35,47,2010
21219,3,8,11,2010
21221,2,0,2,2010
21225,1,6,7,2010
21227,362,211,573,2010
21229,2,0,2,2010
21231,0,0,0,2010
21233,2,0,2,2010
21235,6,2,8,2010
21239,50,0,50,2010
22001,101,7,108,2010
22003,4,0,4,2010
22005,711,0,711,2010
22007,36,0,36,2010
22009,39,0,39,2010
22011,28,0,28,2010
22013,0,0,0,2010
22015,780,176,956,2010
22017,342,2,344,2010
22019,800,110,910,2010
22021,7,0,7,2010
22023,65,0,65,2010
22025,9,0,9,2010
22027,0,0,0,2010
22029,19,0,19,2010
22031,0,0,0,2010
22033,1061,68,1129,2010
22035,0,0,0,2010
22037,36,0,36,2010
22039,41,12,53,2010
22041,32,3,35,2010
22043,37,0,37,2010
22045,93,21,114,2010
22047,34,0,34,2010
22049,23,0,23,2010
22051,274,0,274,2010
22053,91,0,91,2010
22055,618,71,689,2010
22057,198,6,204,2010
22059,3,0,3,2010
22061,29,0,29,2010
22063,749,63,812,2010
22065,14,0,14,2010
22067,19,2,21,2010
22069,46,8,54,2010
22071,820,260,1080,2010
22073,315,108,423,2010
22075,40,32,72,2010
22077,45,0,45,2010
22079,303,94,397,2010
22081,0,0,0,2010
22083,120,0,120,2010
22085,0,0,0,2010
22087,24,0,24,2010
22089,91,0,91,2010
22091,0,0,0,2010
22093,36,4,40,2010
22095,50,2,52,2010
22097,139,0,139,2010
22099,160,0,160,2010
22101,52,4,56,2010
22103,576,2,578,2010
22105,470,56,526,2010
22107,7,0,7,2010
22109,161,0,161,2010
22111,18,0,18,2010
22113,129,2,131,2010
22115,8,6,14,2010
22117,68,0,68,2010
22119,43,14,57,2010
22121,157,0,157,2010
22123,1,0,1,2010
22125,38,0,38,2010
22127,0,0,0,2010
23000,101,0,101,2010
23001,162,44,206,2010
23003,75,18,93,2010
23005,577,8,585,2010
23007,98,2,100,2010
23009,158,17,175,2010
23011,232,71,303,2010
23013,73,2,75,2010
23015,77,0,77,2010
23017,143,0,143,2010
23019,249,23,272,2010
23021,20,0,20,2010
23023,102,0,102,2010
23025,56,4,60,2010
23027,65,0,65,2010
23029,78,6,84,2010
23031,546,27,573,2010
24001,56,66,122,2010
24003,864,847,1711,2010
24005,595,635,1230,2010
24009,220,2,222,2010
24011,67,0,67,2010
24013,195,0,195,2010
24015,296,68,364,2010
24017,576,0,576,2010
24019,60,96,156,2010
24021,844,95,939,2010
24023,95,0,95,2010
24025,701,70,771,2010
24027,936,215,1151,2010
24029,61,0,61,2010
24031,909,990,1899,2010
24033,702,5,707,2010
24035,145,22,167,2010
24037,399,14,413,2010
24039,48,0,48,2010
24041,173,0,173,2010
24043,194,62,256,2010
24045,142,4,146,2010
24047,93,0,93,2010
24510,118,251,369,2010
25001,381,37,418,2010
25003,125,14,139,2010
25005,478,27,505,2010
25007,113,0,113,2010
25009,553,319,872,2010
25011,58,0,58,2010
25013,275,52,327,2010
25015,232,16,248,2010
25017,1336,773,2109,2010
25019,53,0,53,2010
25021,519,898,1417,2010
25023,622,323,945,2010
25025,27,453,480,2010
25027,1067,324,1391,2010
26000,52,0,52,2010
26001,20,0,20,2010
26003,35,0,35,2010
26005,148,4,152,2010
26007,11,0,11,2010
26009,42,0,42,2010
26011,10,0,10,2010
26013,6,0,6,2010
26015,84,0,84,2010
26017,54,0,54,2010
26019,58,0,58,2010
26021,133,0,133,2010
26023,19,0,19,2010
26025,33,0,33,2010
26027,70,2,72,2010
26029,51,6,57,2010
26031,39,0,39,2010
26033,45,15,60,2010
26035,34,0,34,2010
26037,81,10,91,2010
26039,38,0,38,2010
26041,58,2,60,2010
26043,36,0,36,2010
26045,121,0,121,2010
26047,47,0,47,2010
26049,78,0,78,2010
26051,42,0,42,2010
26053,18,0,18,2010
26055,168,13,181,2010
26057,9,0,9,2010
26059,46,0,46,2010
26061,57,0,57,2010
26063,36,0,36,2010
26065,249,216,465,2010
26067,28,0,28,2010
26069,27,0,27,2010
26071,43,0,43,2010
26073,44,8,52,2010
26075,63,0,63,2010
26077,279,10,289,2010
26079,22,0,22,2010
26081,689,5,694,2010
26083,9,0,9,2010
26085,42,0,42,2010
26087,22,0,22,2010
26089,77,12,89,2010
26091,102,0,102,2010
26093,130,48,178,2010
26095,6,0,6,2010
26097,24,2,26,2010
26099,795,196,991,2010
26101,10,0,10,2010
26103,84,42,126,2010
26105,37,2,39,2010
26107,35,0,35,2010
26109,29,0,29,2010
26111,113,10,123,2010
26113,16,3,19,2010
26115,113,4,117,2010
26117,59,0,59,2010
26119,20,0,20,2010
26121,84,22,106,2010
26123,37,0,37,2010
26125,959,271,1230,2010
26127,0,32,32,2010
26129,29,0,29,2010
26131,9,0,9,2010
26133,19,0,19,2010
26135,15,0,15,2010
26137,17,0,17,2010
26139,395,39,434,2010
26141,20,0,20,2010
26143,28,0,28,2010
26145,113,24,137,2010
26147,54,0,54,2010
26149,32,0,32,2010
26151,23,0,23,2010
26153,19,0,19,2010
26155,29,0,29,2010
26157,29,0,29,2010
26159,72,6,78,2010
26161,317,51,368,2010
26163,470,265,735,2010
26165,39,0,39,2010
27001,108,4,112,2010
27003,534,108,642,2010
27005,115,42,157,2010
27007,43,22,65,2010
27009,41,0,41,2010
27011,14,0,14,2010
27013,156,18,174,2010
27015,23,4,27,2010
27017,68,0,68,2010
27019,278,16,294,2010
27021,158,0,158,2010
27023,3,0,3,2010
27025,43,0,43,2010
27027,209,2,211,2010
27029,3,0,3,2010
27031,37,0,37,2010
27033,5,0,5,2010
27035,191,16,207,2010
27037,448,59,507,2010
27039,39,0,39,2010
27041,101,295,396,2010
27043,9,0,9,2010
27045,53,2,55,2010
27047,26,8,34,2010
27049,42,0,42,2010
27051,2,0,2,2010
27053,846,1069,1915,2010
27055,32,8,40,2010
27057,25,0,25,2010
27059,34,0,34,2010
27061,79,0,79,2010
27063,17,0,17,2010
27065,11,0,11,2010
27067,58,24,82,2010
27069,2,0,2,2010
27071,14,0,14,2010
27073,11,0,11,2010
27075,48,0,48,2010
27077,21,0,21,2010
27079,35,0,35,2010
27081,15,0,15,2010
27083,18,2,20,2010
27085,16,0,16,2010
27087,0,0,0,2010
27089,3,0,3,2010
27091,13,0,13,2010
27093,23,0,23,2010
27095,18,0,18,2010
27097,61,0,61,2010
27099,29,0,29,2010
27101,26,0,26,2010
27103,40,117,157,2010
27105,11,30,41,2010
27107,7,0,7,2010
27109,256,142,398,2010
27111,36,0,36,2010
27113,5,0,5,2010
27115,46,0,46,2010
27117,10,0,10,2010
27119,56,0,56,2010
27121,44,8,52,2010
27123,94,28,122,2010
27125,2,0,2,2010
27127,23,0,23,2010
27129,15,0,15,2010
27131,61,24,85,2010
27133,15,4,19,2010
27135,3,0,3,2010
27137,245,81,326,2010
27139,483,0,483,2010
27141,82,53,135,2010
27143,9,0,9,2010
27145,273,0,273,2010
27147,41,0,41,2010
27149,10,4,14,2010
27151,5,0,5,2010
27153,49,0,49,2010
27155,9,0,9,2010
27157,40,0,40,2010
27159,38,0,38,2010
27161,20,3,23,2010
27163,570,499,1069,2010
27165,8,0,8,2010
27167,7,0,7,2010
27169,42,71,113,2010
27171,187,24,211,2010
27173,7,0,7,2010
28001,5,0,5,2010
28003,11,2,13,2010
28005,0,0,0,2010
28007,2,0,2,2010
28009,0,0,0,2010
28011,16,0,16,2010
28013,1,0,1,2010
28017,2,0,2,2010
28019,1,0,1,2010
28021,0,0,0,2010
28023,3,0,3,2010
28025,14,0,14,2010
28027,8,0,8,2010
28029,3,0,3,2010
28031,4,0,4,2010
28033,456,0,456,2010
28035,52,0,52,2010
28037,0,0,0,2010
28039,3,0,3,2010
28041,0,0,0,2010
28043,13,0,13,2010
28045,327,101,428,2010
28047,978,326,1304,2010
28049,235,88,323,2010
28051,3,0,3,2010
28053,2,0,2,2010
28055,0,0,0,2010
28057,2,16,18,2010
28059,289,37,326,2010
28061,0,0,0,2010
28063,3,0,3,2010
28065,0,0,0,2010
28067,56,0,56,2010
28071,82,0,82,2010
28073,22,0,22,2010
28075,109,0,109,2010
28077,3,0,3,2010
28079,0,0,0,2010
28081,99,0,99,2010
28083,9,0,9,2010
28085,11,0,11,2010
28087,82,27,109,2010
28089,581,0,581,2010
28091,2,0,2,2010
28093,47,0,47,2010
28095,9,0,9,2010
28097,14,25,39,2010
28099,3,0,3,2010
28101,0,0,0,2010
28103,0,0,0,2010
28105,39,44,83,2010
28107,14,0,14,2010
28109,163,75,238,2010
28111,0,0,0,2010
28113,1,61,62,2010
28115,9,8,17,2010
28117,6,2,8,2010
28119,9,0,9,2010
28121,475,0,475,2010
28123,0,16,16,2010
28125,2,0,2,2010
28127,9,0,9,2010
28129,2,0,2,2010
28131,8,4,12,2010
28133,8,0,8,2010
28135,1,0,1,2010
28137,66,0,66,2010
28139,8,0,8,2010
28141,1,0,1,2010
28143,11,0,11,2010
28145,2,0,2,2010
28147,1,0,1,2010
28149,0,0,0,2010
28151,14,0,14,2010
28153,2,0,2,2010
28155,2,0,2,2010
28157,1,0,1,2010
28159,0,0,0,2010
28161,9,0,9,2010
28163,2,0,2,2010
29001,17,0,17,2010
29003,6,0,6,2010
29005,1,0,1,2010
29007,6,2,8,2010
29009,15,7,22,2010
29011,7,0,7,2010
29013,22,0,22,2010
29015,1,0,1,2010
29017,1,0,1,2010
29019,547,60,607,2010
29021,83,35,118,2010
29023,24,0,24,2010
29025,17,0,17,2010
29027,43,0,43,2010
29029,23,62,85,2010
29031,72,26,98,2010
29033,14,0,14,2010
29035,2,0,2,2010
29037,152,34,186,2010
29039,8,0,8,2010
29041,0,0,0,2010
29043,260,26,286,2010
29045,9,0,9,2010
29047,131,10,141,2010
29049,21,0,21,2010
29051,137,41,178,2010
29053,42,0,42,2010
29055,10,0,10,2010
29057,2,0,2,2010
29059,0,0,0,2010
29061,3,0,3,2010
29063,0,0,0,2010
29065,1,0,1,2010
29067,1,0,1,2010
29069,3,0,3,2010
29071,170,14,184,2010
29073,2,0,2,2010
29075,4,0,4,2010
29077,602,402,1004,2010
29079,1,0,1,2010
29081,0,0,0,2010
29083,46,8,54,2010
29087,3,0,3,2010
29089,0,0,0,2010
29091,15,58,73,2010
29093,1,0,1,2010
29095,458,212,670,2010
29097,109,48,157,2010
29099,567,69,636,2010
29101,60,50,110,2010
29103,0,0,0,2010
29105,18,37,55,2010
29107,38,4,42,2010
29109,5,0,5,2010
29111,5,0,5,2010
29113,80,14,94,2010
29115,1,0,1,2010
29117,29,0,29,2010
29119,4,11,15,2010
29121,1,11,12,2010
29123,1,0,1,2010
29125,1,4,5,2010
29127,46,10,56,2010
29129,1,0,1,2010
29131,10,2,12,2010
29133,8,4,12,2010
29135,1,0,1,2010
29137,23,0,23,2010
29139,26,0,26,2010
29141,1,0,1,2010
29143,10,10,20,2010
29145,35,10,45,2010
29147,17,10,27,2010
29149,2,0,2,2010
29151,0,0,0,2010
29153,2,4,6,2010
29155,14,0,14,2010
29157,25,0,25,2010
29159,2,26,28,2010
29161,35,63,98,2010
29163,6,0,6,2010
29165,105,32,137,2010
29167,21,0,21,2010
29169,54,0,54,2010
29171,2,0,2,2010
29173,0,0,0,2010
29175,5,0,5,2010
29177,14,0,14,2010
29179,0,6,6,2010
29181,0,2,2,2010
29183,1300,499,1799,2010
29185,1,0,1,2010
29186,8,0,8,2010
29187,65,287,352,2010
29189,535,138,673,2010
29195,3,20,23,2010
29197,1,0,1,2010
29199,5,0,5,2010
29201,28,0,28,2010
29203,0,0,0,2010
29205,3,0,3,2010
29207,8,10,18,2010
29209,97,0,97,2010
29211,1,0,1,2010
29213,227,237,464,2010
29215,3,6,9,2010
29217,5,0,5,2010
29219,118,6,124,2010
29221,2,4,6,2010
29225,21,6,27,2010
29227,0,0,0,2010
29229,1,4,5,2010
29510,102,157,259,2010
30001,3,10,13,2010
30003,0,0,0,2010
30005,0,0,0,2010
30007,3,0,3,2010
30009,6,3,9,2010
30011,0,0,0,2010
30013,134,16,150,2010
30015,0,0,0,2010
30017,4,2,6,2010
30019,1,0,1,2010
30021,1,0,1,2010
30023,17,0,17,2010
30025,2,4,6,2010
30027,1,0,1,2010
30029,85,69,154,2010
30031,322,76,398,2010
30033,2,0,2,2010
30035,1,0,1,2010
30037,0,0,0,2010
30039,0,0,0,2010
30041,1,6,7,2010
30043,1,0,1,2010
30045,0,0,0,2010
30047,21,4,25,2010
30049,79,89,168,2010
30051,0,0,0,2010
30053,1,9,10,2010
30055,0,0,0,2010
30057,2,0,2,2010
30059,0,0,0,2010
30061,0,0,0,2010
30063,190,178,368,2010
30065,1,0,1,2010
30067,13,2,15,2010
30069,0,0,0,2010
30071,1,0,1,2010
30073,1,0,1,2010
30075,0,0,0,2010
30077,0,0,0,2010
30079,0,0,0,2010
30081,8,28,36,2010
30083,27,0,27,2010
30085,1,2,3,2010
30087,6,0,6,2010
30089,0,0,0,2010
30091,1,0,1,2010
30093,53,69,122,2010
30095,9,0,9,2010
30097,0,0,0,2010
30099,4,0,4,2010
30101,2,0,2,2010
30103,0,0,0,2010
30105,3,0,3,2010
30107,0,0,0,2010
30109,0,0,0,2010
30111,315,133,448,2010
31001,68,108,176,2010
31003,8,8,16,2010
31011,3,0,3,2010
31013,18,0,18,2010
31015,0,0,0,2010
31017,1,0,1,2010
31019,79,30,109,2010
31021,8,0,8,2010
31023,4,4,8,2010
31025,65,0,65,2010
31027,6,0,6,2010
31029,1,0,1,2010
31031,4,4,8,2010
31033,8,0,8,2010
31035,4,0,4,2010
31037,8,0,8,2010
31039,7,0,7,2010
31041,0,0,0,2010
31043,64,48,112,2010
31045,2,0,2,2010
31047,25,13,38,2010
31049,0,0,0,2010
31051,3,0,3,2010
31053,38,2,40,2010
31055,1250,666,1916,2010
31057,0,0,0,2010
31059,3,0,3,2010
31061,1,0,1,2010
31063,4,0,4,2010
31065,3,0,3,2010
31067,7,10,17,2010
31069,1,0,1,2010
31071,3,0,3,2010
31073,10,0,10,2010
31077,0,0,0,2010
31079,101,18,119,2010
31081,31,0,31,2010
31083,3,0,3,2010
31085,0,0,0,2010
31087,0,0,0,2010
31089,9,0,9,2010
31091,3,0,3,2010
31093,18,0,18,2010
31095,6,0,6,2010
31097,2,0,2,2010
31099,28,0,28,2010
31101,6,0,6,2010
31103,2,0,2,2010
31105,0,0,0,2010
31107,20,0,20,2010
31109,615,364,979,2010
31111,49,34,83,2010
31115,4,0,4,2010
31119,53,15,68,2010
31121,19,4,23,2010
31123,0,0,0,2010
31125,7,4,11,2010
31127,9,0,9,2010
31129,2,0,2,2010
31131,38,0,38,2010
31133,0,0,0,2010
31135,0,0,0,2010
31137,34,0,34,2010
31139,9,0,9,2010
31141,80,8,88,2010
31143,2,0,2,2010
31145,0,0,0,2010
31147,1,0,1,2010
31149,0,0,0,2010
31151,16,4,20,2010
31153,691,248,939,2010
31155,62,0,62,2010
31157,15,6,21,2010
31159,33,20,53,2010
31161,1,0,1,2010
31163,3,0,3,2010
31165,2,0,2,2010
31167,10,0,10,2010
31169,6,0,6,2010
31173,1,4,5,2010
31175,18,0,18,2010
31177,37,0,37,2010
31179,9,0,9,2010
31181,4,0,4,2010
31183,0,0,0,2010
31185,14,0,14,2010
32001,3,0,3,2010
32003,4623,851,5474,2010
32005,38,18,56,2010
32007,125,11,136,2010
32013,12,6,18,2010
32015,5,0,5,2010
32017,11,0,11,2010
32019,53,0,53,2010
32021,5,2,7,2010
32027,2,0,2,2010
32029,6,0,6,2010
32031,466,134,600,2010
32033,1,0,1,2010
32510,11,60,71,2010
33001,150,28,178,2010
33003,143,24,167,2010
33005,88,14,102,2010
33007,39,0,39,2010
33009,166,235,401,2010
33011,367,315,682,2010
33013,178,2,180,2010
33015,483,110,593,2010
33017,208,48,256,2010
33019,68,4,72,2010
34001,419,93,512,2010
34003,606,620,1226,2010
34005,436,246,682,2010
34007,245,242,487,2010
34009,284,150,434,2010
34011,231,15,246,2010
34013,271,392,663,2010
34015,498,218,716,2010
34017,55,862,917,2010
34019,194,81,275,2010
34021,180,475,655,2010
34023,836,732,1568,2010
34025,577,338,915,2010
34027,409,170,579,2010
34029,861,464,1325,2010
34031,156,246,402,2010
34033,83,22,105,2010
34035,442,274,716,2010
34037,203,7,210,2010
34039,228,502,730,2010
34041,164,8,172,2010
35000,844,0,844,2010
35001,931,202,1133,2010
35005,21,0,21,2010
35007,13,3,16,2010
35009,155,6,161,2010
35013,799,175,974,2010
35015,89,0,89,2010
35025,17,60,77,2010
35027,53,0,53,2010
35028,2,0,2,2010
35029,25,0,25,2010
35031,17,0,17,2010
35035,2,0,2,2010
35039,3,0,3,2010
35041,51,0,51,2010
35043,535,9,544,2010
35045,201,72,273,2010
35049,96,0,96,2010
35051,1,0,1,2010
35053,4,0,4,2010
35055,60,0,60,2010
35061,87,0,87,2010
36001,260,61,321,2010
36003,53,0,53,2010
36005,6,1058,1064,2010
36007,60,0,60,2010
36009,108,8,116,2010
36011,72,13,85,2010
36013,130,0,130,2010
36015,68,8,76,2010
36017,35,41,76,2010
36019,92,23,115,2010
36021,67,0,67,2010
36023,63,0,63,2010
36025,65,0,65,2010
36027,336,0,336,2010
36029,824,437,1261,2010
36031,65,9,74,2010
36033,68,0,68,2010
36035,92,0,92,2010
36037,33,14,47,2010
36039,93,0,93,2010
36041,48,0,48,2010
36043,96,0,96,2010
36045,205,86,291,2010
36047,5,2088,2093,2010
36049,104,0,104,2010
36051,62,33,95,2010
36053,90,2,92,2010
36055,619,253,872,2010
36057,32,108,140,2010
36059,400,123,523,2010
36061,0,704,704,2010
36063,213,24,237,2010
36065,186,32,218,2010
36067,541,304,845,2010
36069,312,8,320,2010
36071,471,536,1007,2010
36073,17,10,27,2010
36075,195,7,202,2010
36077,62,0,62,2010
36079,74,7,81,2010
36081,63,2295,2358,2010
36083,185,147,332,2010
36085,251,257,508,2010
36087,99,195,294,2010
36089,155,21,176,2010
36091,490,122,612,2010
36093,130,0,130,2010
36095,34,0,34,2010
36097,40,0,40,2010
36099,35,33,68,2010
36101,99,5,104,2010
36103,910,61,971,2010
36105,216,28,244,2010
36107,42,6,48,2010
36109,113,40,153,2010
36111,154,180,334,2010
36113,147,4,151,2010
36115,108,20,128,2010
36117,119,16,135,2010
36119,175,182,357,2010
36121,28,0,28,2010
36123,44,0,44,2010
37001,443,404,847,2010
37003,41,6,47,2010
37005,39,0,39,2010
37007,27,4,31,2010
37009,90,0,90,2010
37011,50,0,50,2010
37013,211,0,211,2010
37015,20,4,24,2010
37017,38,0,38,2010
37019,909,170,1079,2010
37021,604,984,1588,2010
37023,113,0,113,2010
37025,565,106,671,2010
37027,92,40,132,2010
37029,16,0,16,2010
37031,211,5,216,2010
37033,40,0,40,2010
37035,152,4,156,2010
37037,263,0,263,2010
37039,108,0,108,2010
37041,29,0,29,2010
37043,41,0,41,2010
37045,80,12,92,2010
37047,28,0,28,2010
37049,358,76,434,2010
37051,1055,1999,3054,2010
37053,138,0,138,2010
37055,135,2,137,2010
37057,266,0,266,2010
37059,62,4,66,2010
37061,77,0,77,2010
37063,934,296,1230,2010
37065,35,2,37,2010
37067,755,278,1033,2010
37069,158,0,158,2010
37071,440,16,456,2010
37073,34,0,34,2010
37075,29,0,29,2010
37077,194,8,202,2010
37079,9,0,9,2010
37081,881,599,1480,2010
37083,38,86,124,2010
37085,835,2,837,2010
37087,163,9,172,2010
37089,226,0,226,2010
37091,19,0,19,2010
37093,555,0,555,2010
37095,7,2,9,2010
37097,353,0,353,2010
37099,155,0,155,2010
37101,641,0,641,2010
37103,51,0,51,2010
37105,114,0,114,2010
37107,32,0,32,2010
37109,131,2,133,2010
37111,115,0,115,2010
37113,77,0,77,2010
37115,52,0,52,2010
37117,22,0,22,2010
37119,1869,803,2672,2010
37121,36,13,49,2010
37123,40,0,40,2010
37125,366,0,366,2010
37127,175,0,175,2010
37129,403,165,568,2010
37131,22,0,22,2010
37133,2134,241,2375,2010
37135,265,87,352,2010
37137,48,0,48,2010
37139,45,0,45,2010
37141,183,0,183,2010
37143,53,0,53,2010
37145,68,0,68,2010
37147,350,319,669,2010
37149,39,0,39,2010
37151,250,68,318,2010
37153,90,25,115,2010
37155,158,48,206,2010
37157,103,2,105,2010
37159,207,0,207,2010
37161,111,0,111,2010
37163,93,0,93,2010
37165,38,42,80,2010
37167,118,12,130,2010
37169,40,0,40,2010
37171,88,0,88,2010
37173,46,0,46,2010
37175,98,62,160,2010
37177,5,0,5,2010
37179,520,0,520,2010
37181,43,40,83,2010
37183,3854,560,4414,2010
37185,32,0,32,2010
37187,10,0,10,2010
37189,169,102,271,2010
37191,223,56,279,2010
37193,89,0,89,2010
37195,121,60,181,2010
37197,54,8,62,2010
37199,35,9,44,2010
38001,2,0,2,2010
38003,6,0,6,2010
38005,1,0,1,2010
38007,4,0,4,2010
38009,2,0,2,2010
38011,4,0,4,2010
38013,0,0,0,2010
38015,475,61,536,2010
38017,551,556,1107,2010
38019,2,0,2,2010
38021,0,0,0,2010
38023,8,6,14,2010
38025,5,0,5,2010
38027,5,0,5,2010
38029,6,0,6,2010
38031,1,0,1,2010
38033,2,0,2,2010
38035,98,46,144,2010
38037,0,0,0,2010
38039,1,0,1,2010
38041,0,0,0,2010
38043,0,0,0,2010
38045,1,0,1,2010
38047,1,0,1,2010
38049,27,0,27,2010
38051,1,0,1,2010
38053,8,28,36,2010
38055,31,0,31,2010
38057,7,0,7,2010
38059,89,25,114,2010
38061,55,39,94,2010
38063,7,0,7,2010
38065,1,0,1,2010
38067,0,0,0,2010
38069,1,2,3,2010
38071,10,4,14,2010
38073,4,0,4,2010
38075,1,0,1,2010
38077,14,10,24,2010
38079,1,2,3,2010
38081,3,0,3,2010
38083,2,0,2,2010
38085,0,0,0,2010
38087,0,0,0,2010
38089,162,148,310,2010
38091,2,0,2,2010
38093,19,64,83,2010
38095,0,0,0,2010
38097,4,0,4,2010
38099,4,44,48,2010
38101,224,468,692,2010
38103,2,0,2,2010
38105,230,246,476,2010
39001,0,0,0,2010
39003,44,72,116,2010
39005,38,2,40,2010
39007,77,4,81,2010
39009,2,193,195,2010
39011,59,10,69,2010
39013,13,0,13,2010
39015,41,0,41,2010
39017,440,22,462,2010
39019,3,0,3,2010
39021,29,0,29,2010
39023,53,4,57,2010
39025,389,135,524,2010
39027,33,0,33,2010
39029,19,0,19,2010
39031,2,0,2,2010
39033,12,0,12,2010
39035,490,41,531,2010
39037,30,0,30,2010
39039,51,4,55,2010
39041,573,4,577,2010
39043,47,0,47,2010
39045,188,8,196,2010
39047,23,0,23,2010
39049,1628,1491,3119,2010
39051,40,0,40,2010
39053,1,8,9,2010
39055,91,0,91,2010
39057,300,80,380,2010
39059,28,0,28,2010
39061,427,122,549,2010
39063,83,3,86,2010
39065,22,0,22,2010
39067,0,0,0,2010
39069,15,0,15,2010
39071,17,2,19,2010
39073,5,0,5,2010
39075,3,0,3,2010
39077,35,0,35,2010
39079,40,0,40,2010
39081,4,0,4,2010
39083,117,108,225,2010
39085,269,7,276,2010
39087,8,2,10,2010
39089,300,48,348,2010
39091,57,8,65,2010
39093,580,40,620,2010
39095,195,108,303,2010
39097,27,6,33,2010
39099,100,0,100,2010
39101,78,4,82,2010
39103,423,0,423,2010
39105,5,0,5,2010
39107,39,0,39,2010
39109,108,0,108,2010
39111,0,0,0,2010
39113,241,2,243,2010
39115,6,0,6,2010
39117,33,0,33,2010
39119,2,28,30,2010
39121,12,0,12,2010
39123,120,16,136,2010
39125,12,0,12,2010
39127,23,7,30,2010
39129,23,0,23,2010
39131,75,0,75,2010
39133,175,0,175,2010
39135,25,2,27,2010
39137,35,3,38,2010
39139,45,0,45,2010
39141,13,0,13,2010
39143,33,0,33,2010
39145,1,35,36,2010
39147,14,0,14,2010
39149,96,2,98,2010
39151,305,144,449,2010
39153,482,79,561,2010
39155,65,8,73,2010
39157,38,5,43,2010
39159,115,0,115,2010
39161,18,12,30,2010
39163,0,0,0,2010
39165,573,26,599,2010
39167,11,2,13,2010
39169,124,8,132,2010
39171,15,0,15,2010
39173,152,144,296,2010
39175,20,48,68,2010
40001,30,0,30,2010
40003,0,0,0,2010
40005,5,12,17,2010
40007,0,0,0,2010
40009,20,0,20,2010
40011,4,0,4,2010
40013,68,12,80,2010
40015,30,0,30,2010
40017,180,0,180,2010
40019,137,8,145,2010
40021,21,17,38,2010
40023,14,0,14,2010
40025,0,0,0,2010
40027,657,486,1143,2010
40029,1,0,1,2010
40031,298,28,326,2010
40033,0,0,0,2010
40035,1,0,1,2010
40037,87,4,91,2010
40039,28,6,34,2010
40041,24,0,24,2010
40043,0,0,0,2010
40045,2,0,2,2010
40047,74,0,74,2010
40049,4,0,4,2010
40051,44,0,44,2010
40053,0,0,0,2010
40055,4,0,4,2010
40059,0,0,0,2010
40061,3,0,3,2010
40063,26,0,26,2010
40065,33,0,33,2010
40067,0,3,3,2010
40069,5,0,5,2010
40071,7,4,11,2010
40073,22,8,30,2010
40075,0,0,0,2010
40077,0,4,4,2010
40079,58,2,60,2010
40081,26,0,26,2010
40083,9,3,12,2010
40085,0,0,0,2010
40087,130,16,146,2010
40089,10,6,16,2010
40091,22,0,22,2010
40093,3,0,3,2010
40095,2,0,2,2010
40097,10,0,10,2010
40099,13,4,17,2010
40101,62,0,62,2010
40103,0,0,0,2010
40105,4,0,4,2010
40107,15,0,15,2010
40109,1986,98,2084,2010
40111,0,0,0,2010
40113,111,0,111,2010
40115,31,0,31,2010
40117,0,0,0,2010
40119,102,6,108,2010
40121,54,124,178,2010
40123,38,48,86,2010
40125,113,6,119,2010
40127,1,0,1,2010
40129,0,0,0,2010
40131,265,0,265,2010
40133,21,0,21,2010
40135,46,10,56,2010
40137,30,0,30,2010
40139,2,0,2,2010
40141,0,0,0,2010
40143,1623,343,1966,2010
40145,183,0,183,2010
40147,64,0,64,2010
40149,0,0,0,2010
40151,0,0,0,2010
40153,3,16,19,2010
41000,83,2,85,2010
41001,34,0,34,2010
41003,75,18,93,2010
41005,625,40,665,2010
41007,127,33,160,2010
41009,55,7,62,2010
41011,18,6,24,2010
41013,61,0,61,2010
41015,27,0,27,2010
41017,365,12,377,2010
41019,133,48,181,2010
41025,6,0,6,2010
41027,48,40,88,2010
41029,293,80,373,2010
41031,32,0,32,2010
41033,94,12,106,2010
41035,68,0,68,2010
41037,11,0,11,2010
41039,464,86,550,2010
41041,118,0,118,2010
41043,161,13,174,2010
41045,15,0,15,2010
41047,383,227,610,2010
41049,5,0,5,2010
41051,521,714,1235,2010
41053,85,4,89,2010
41057,86,4,90,2010
41059,66,12,78,2010
41061,30,2,32,2010
41067,1033,238,1271,2010
41071,137,11,148,2010
42001,284,22,306,2010
42003,1407,17,1424,2010
42005,60,0,60,2010
42007,305,32,337,2010
42009,98,10,108,2010
42011,350,65,415,2010
42013,112,47,159,2010
42015,171,4,175,2010
42017,444,30,474,2010
42019,463,60,523,2010
42021,117,0,117,2010
42023,0,0,0,2010
42025,149,0,149,2010
42027,347,79,426,2010
42029,839,273,1112,2010
42031,47,0,47,2010
42033,124,0,124,2010
42035,31,0,31,2010
42037,123,0,123,2010
42039,96,12,108,2010
42041,620,212,832,2010
42043,606,85,691,2010
42045,354,9,363,2010
42047,36,0,36,2010
42049,369,217,586,2010
42051,232,8,240,2010
42053,10,0,10,2010
42055,513,57,570,2010
42057,24,0,24,2010
42059,41,0,41,2010
42061,93,6,99,2010
42063,74,14,88,2010
42065,57,24,81,2010
42067,41,0,41,2010
42069,247,18,265,2010
42071,1149,232,1381,2010
42073,103,2,105,2010
42075,240,0,240,2010
42077,487,102,589,2010
42079,357,2,359,2010
42081,199,8,207,2010
42083,35,0,35,2010
42085,127,25,152,2010
42087,79,0,79,2010
42089,240,23,263,2010
42091,879,182,1061,2010
42093,65,0,65,2010
42095,377,101,478,2010
42097,122,2,124,2010
42099,89,0,89,2010
42101,447,537,984,2010
42103,189,0,189,2010
42105,30,0,30,2010
42107,186,2,188,2010
42109,75,14,89,2010
42111,108,4,112,2010
42113,24,0,24,2010
42115,73,0,73,2010
42117,99,0,99,2010
42119,79,12,91,2010
42121,66,2,68,2010
42123,32,0,32,2010
42125,442,29,471,2010
42127,196,0,196,2010
42129,489,71,560,2010
42131,61,2,63,2010
42133,858,201,1059,2010
44001,38,2,40,2010
44003,92,124,216,2010
44005,91,2,93,2010
44007,272,25,297,2010
44009,234,54,288,2010
45001,19,0,19,2010
45003,645,52,697,2010
45005,1,0,1,2010
45007,284,136,420,2010
45009,9,0,9,2010
45011,15,0,15,2010
45013,244,0,244,2010
45015,1086,90,1176,2010
45017,32,0,32,2010
45019,1181,180,1361,2010
45021,91,0,91,2010
45023,32,0,32,2010
45025,38,4,42,2010
45027,68,2,70,2010
45029,11,0,11,2010
45031,94,74,168,2010
45033,15,0,15,2010
45035,520,3,523,2010
45037,40,0,40,2010
45039,32,0,32,2010
45041,259,49,308,2010
45043,140,0,140,2010
45045,1252,52,1304,2010
45047,50,0,50,2010
45049,14,0,14,2010
45051,1388,120,1508,2010
45053,118,50,168,2010
45055,252,0,252,2010
45057,120,0,120,2010
45059,61,18,79,2010
45061,11,0,11,2010
45063,1168,150,1318,2010
45065,24,0,24,2010
45067,20,0,20,2010
45069,6,0,6,2010
45071,69,0,69,2010
45073,186,0,186,2010
45075,79,0,79,2010
45077,159,0,159,2010
45079,1009,265,1274,2010
45081,34,0,34,2010
45083,562,0,562,2010
45085,289,64,353,2010
45087,17,0,17,2010
45089,30,0,30,2010
45091,917,21,938,2010
46003,7,0,7,2010
46005,31,0,31,2010
46007,1,0,1,2010
46009,8,0,8,2010
46011,111,6,117,2010
46013,93,77,170,2010
46015,7,0,7,2010
46019,23,2,25,2010
46021,4,0,4,2010
46023,5,0,5,2010
46025,13,11,24,2010
46027,20,20,40,2010
46029,57,2,59,2010
46031,0,0,0,2010
46033,34,0,34,2010
46035,38,49,87,2010
46037,24,4,28,2010
46039,8,0,8,2010
46041,0,0,0,2010
46043,5,0,5,2010
46045,8,13,21,2010
46047,2,0,2,2010
46049,3,0,3,2010
46051,12,0,12,2010
46053,6,0,6,2010
46055,1,0,1,2010
46057,22,2,24,2010
46059,5,0,5,2010
46061,0,0,0,2010
46063,0,0,0,2010
46065,29,0,29,2010
46067,4,10,14,2010
46069,0,0,0,2010
46071,0,0,0,2010
46073,6,2,8,2010
46075,3,3,6,2010
46077,9,0,9,2010
46079,22,4,26,2010
46081,147,15,162,2010
46083,90,55,145,2010
46085,8,0,8,2010
46087,14,0,14,2010
46089,5,0,5,2010
46091,4,0,4,2010
46093,87,0,87,2010
46095,2,0,2,2010
46097,3,0,3,2010
46099,630,264,894,2010
46101,15,0,15,2010
46103,351,204,555,2010
46105,0,0,0,2010
46107,1,0,1,2010
46109,18,0,18,2010
46111,1,0,1,2010
46115,22,0,22,2010
46117,13,0,13,2010
46119,2,0,2,2010
46121,0,0,0,2010
46123,0,0,0,2010
46125,21,7,28,2010
46127,74,0,74,2010
46129,11,0,11,2010
46135,46,10,56,2010
47001,135,11,146,2010
47003,69,58,127,2010
47005,0,0,0,2010
47009,207,0,207,2010
47011,166,283,449,2010
47013,135,0,135,2010
47015,7,0,7,2010
47017,2,57,59,2010
47019,125,18,143,2010
47021,50,0,50,2010
47023,27,0,27,2010
47025,81,27,108,2010
47029,2,0,2,2010
47031,62,8,70,2010
47033,1,0,1,2010
47035,39,30,69,2010
47037,1041,567,1608,2010
47039,0,0,0,2010
47041,6,0,6,2010
47043,103,6,109,2010
47045,58,0,58,2010
47047,127,32,159,2010
47049,0,0,0,2010
47051,85,0,85,2010
47053,132,0,132,2010
47055,5,0,5,2010
47057,2,0,2,2010
47059,130,6,136,2010
47061,0,0,0,2010
47063,76,4,80,2010
47065,729,88,817,2010
47067,0,0,0,2010
47069,39,2,41,2010
47071,9,6,15,2010
47073,21,4,25,2010
47075,17,0,17,2010
47077,13,40,53,2010
47079,10,2,12,2010
47081,0,0,0,2010
47083,3,0,3,2010
47085,10,48,58,2010
47089,121,3,124,2010
47091,2,0,2,2010
47093,878,728,1606,2010
47095,5,2,7,2010
47097,33,0,33,2010
47099,2,2,4,2010
47101,4,0,4,2010
47103,23,0,23,2010
47105,156,82,238,2010
47107,0,0,0,2010
47109,8,64,72,2010
47111,4,24,28,2010
47113,222,0,222,2010
47115,49,0,49,2010
47117,66,0,66,2010
47119,341,0,341,2010
47121,34,0,34,2010
47123,62,48,110,2010
47125,1040,760,1800,2010
47127,22,0,22,2010
47129,2,0,2,2010
47131,26,6,32,2010
47133,4,0,4,2010
47135,1,0,1,2010
47139,101,0,101,2010
47141,210,72,282,2010
47143,52,0,52,2010
47145,15,0,15,2010
47147,159,0,159,2010
47149,869,254,1123,2010
47151,3,0,3,2010
47153,13,8,21,2010
47155,66,54,120,2010
47157,804,744,1548,2010
47159,47,0,47,2010
47161,4,0,4,2010
47163,282,12,294,2010
47165,452,2,454,2010
47167,100,0,100,2010
47169,10,0,10,2010
47171,0,0,0,2010
47173,76,0,76,2010
47177,9,0,9,2010
47179,273,325,598,2010
47181,4,4,8,2010
47183,53,5,58,2010
47185,3,48,51,2010
47187,569,0,569,2010
47189,627,301,928,2010
48001,16,0,16,2010
48003,31,40,71,2010
48005,43,80,123,2010
48007,100,0,100,2010
48009,12,0,12,2010
48011,0,0,0,2010
48013,34,2,36,2010
48015,18,3,21,2010
48017,0,0,0,2010
48019,0,0,0,2010
48021,31,2,33,2010
48023,0,0,0,2010
48025,9,0,9,2010
48027,1750,164,1914,2010
48029,3151,1502,4653,2010
48031,5,16,21,2010
48035,2,4,6,2010
48037,61,131,192,2010
48039,1647,332,1979,2010
48041,760,218,978,2010
48043,18,0,18,2010
48047,3,0,3,2010
48049,17,4,21,2010
48051,11,0,11,2010
48053,189,0,189,2010
48055,10,29,39,2010
48057,56,0,56,2010
48059,2,0,2,2010
48061,1062,196,1258,2010
48063,2,2,4,2010
48065,1,0,1,2010
48067,0,0,0,2010
48069,0,0,0,2010
48071,226,0,226,2010
48073,16,14,30,2010
48075,3,0,3,2010
48077,0,0,0,2010
48079,0,0,0,2010
48081,0,0,0,2010
48083,1,0,1,2010
48085,4171,362,4533,2010
48087,1,0,1,2010
48089,7,0,7,2010
48091,846,0,846,2010
48093,1,0,1,2010
48097,26,0,26,2010
48099,194,119,313,2010
48101,0,0,0,2010
48103,2,24,26,2010
48107,0,0,0,2010
48109,3,0,3,2010
48111,7,76,83,2010
48113,2742,2743,5485,2010
48115,1,0,1,2010
48117,1,0,1,2010
48119,3,0,3,2010
48121,1495,601,2096,2010
48123,7,0,7,2010
48127,5,0,5,2010
48129,1,0,1,2010
48133,1,0,1,2010
48135,268,440,708,2010
48139,487,10,497,2010
48141,2961,1588,4549,2010
48143,45,0,45,2010
48145,5,0,5,2010
48147,1,0,1,2010
48149,5,0,5,2010
48151,0,0,0,2010
48153,0,0,0,2010
48157,4724,230,4954,2010
48159,2,0,2,2010
48161,9,0,9,2010
48163,11,0,11,2010
48165,7,0,7,2010
48167,1731,240,1971,2010
48169,1,0,1,2010
48171,34,0,34,2010
48177,1,0,1,2010
48179,3,0,3,2010
48181,75,252,327,2010
48183,198,278,476,2010
48185,3,0,3,2010
48187,868,187,1055,2010
48189,13,0,13,2010
48191,0,0,0,2010
48193,0,0,0,2010
48195,0,0,0,2010
48197,0,0,0,2010
48199,87,0,87,2010
48201,11057,3982,15039,2010
48203,36,51,87,2010
48207,2,0,2,2010
48209,1130,1250,2380,2010
48211,0,0,0,2010
48213,60,0,60,2010
48215,3096,456,3552,2010
48217,9,0,9,2010
48219,8,0,8,2010
48221,76,0,76,2010
48223,8,6,14,2010
48225,2,0,2,2010
48227,2,0,2,2010
48231,37,10,47,2010
48233,0,0,0,2010
48237,4,0,4,2010
48239,12,0,12,2010
48241,40,0,40,2010
48245,959,152,1111,2010
48249,18,0,18,2010
48251,436,397,833,2010
48253,0,0,0,2010
48255,25,0,25,2010
48257,187,2,189,2010
48259,202,0,202,2010
48265,41,0,41,2010
48267,1,0,1,2010
48271,0,0,0,2010
48273,19,0,19,2010
48277,46,0,46,2010
48279,0,0,0,2010
48281,14,0,14,2010
48283,6,0,6,2010
48285,9,0,9,2010
48287,4,16,20,2010
48291,193,76,269,2010
48293,4,0,4,2010
48295,2,0,2,2010
48297,8,0,8,2010
48299,195,2,197,2010
48303,896,555,1451,2010
48305,1,0,1,2010
48307,0,0,0,2010
48309,442,160,602,2010
48313,19,0,19,2010
48315,5,0,5,2010
48317,9,0,9,2010
48319,9,0,9,2010
48321,68,0,68,2010
48323,156,49,205,2010
48325,12,0,12,2010
48329,394,0,394,2010
48331,3,0,3,2010
48335,1,0,1,2010
48337,0,0,0,2010
48339,2723,209,2932,2010
48341,12,0,12,2010
48343,0,0,0,2010
48347,38,212,250,2010
48349,10,99,109,2010
48351,0,0,0,2010
48353,1,0,1,2010
48355,699,300,999,2010
48357,1,0,1,2010
48359,4,0,4,2010
48361,210,16,226,2010
48363,16,80,96,2010
48365,10,0,10,2010
48367,144,3,147,2010
48369,0,0,0,2010
48371,6,0,6,2010
48373,346,0,346,2010
48375,510,345,855,2010
48377,2,0,2,2010
48379,0,0,0,2010
48381,61,10,71,2010
48383,0,0,0,2010
48385,0,0,0,2010
48387,11,0,11,2010
48389,1,0,1,2010
48391,3,0,3,2010
48395,6,0,6,2010
48397,489,124,613,2010
48399,1,0,1,2010
48401,0,0,0,2010
48403,5,0,5,2010
48405,0,0,0,2010
48407,2,0,2,2010
48409,126,0,126,2010
48411,0,0,0,2010
48413,0,0,0,2010
48415,50,34,84,2010
48419,8,0,8,2010
48421,6,2,8,2010
48423,201,65,266,2010
48425,8,0,8,2010
48429,3,0,3,2010
48435,0,0,0,2010
48437,0,0,0,2010
48439,4203,886,5089,2010
48441,270,118,388,2010
48445,0,48,48,2010
48449,4,0,4,2010
48451,177,0,177,2010
48453,3140,1257,4397,2010
48455,4,0,4,2010
48457,4,0,4,2010
48459,15,0,15,2010
48461,1,0,1,2010
48463,10,2,12,2010
48465,30,8,38,2010
48467,5,4,9,2010
48469,47,0,47,2010
48471,201,428,629,2010
48473,9,50,59,2010
48475,7,0,7,2010
48477,54,0,54,2010
48479,636,27,663,2010
48481,12,0,12,2010
48483,0,0,0,2010
48485,145,30,175,2010
48487,2,0,2,2010
48489,16,0,16,2010
48491,1889,48,1937,2010
48493,31,30,61,2010
48495,1,0,1,2010
48497,26,0,26,2010
48499,3,0,3,2010
48501,6,0,6,2010
48503,5,0,5,2010
48507,4,0,4,2010
49001,19,0,19,2010
49003,166,98,264,2010
49005,314,289,603,2010
49007,39,0,39,2010
49009,13,0,13,2010
49011,910,50,960,2010
49013,64,0,64,2010
49015,19,0,19,2010
49017,28,2,30,2010
49019,39,2,41,2010
49021,108,39,147,2010
49023,28,8,36,2010
49025,33,0,33,2010
49027,11,0,11,2010
49029,43,0,43,2010
49031,4,0,4,2010
49033,36,0,36,2010
49035,1606,866,2472,2010
49037,30,4,34,2010
49039,44,0,44,2010
49041,44,0,44,2010
49043,87,156,243,2010
49045,189,85,274,2010
49047,63,8,71,2010
49049,1525,424,1949,2010
49051,101,168,269,2010
49053,873,20,893,2010
49055,10,0,10,2010
49057,437,69,506,2010
50001,80,4,84,2010
50003,47,2,49,2010
50005,78,8,86,2010
50007,203,208,411,2010
50009,10,0,10,2010
50011,109,52,161,2010
50013,13,0,13,2010
50015,69,4,73,2010
50017,28,0,28,2010
50019,49,39,88,2010
50021,54,2,56,2010
50023,100,5,105,2010
50025,64,13,77,2010
50027,76,2,78,2010
51001,89,0,89,2010
51003,331,300,631,2010
51005,17,0,17,2010
51007,44,0,44,2010
51009,66,0,66,2010
51011,61,0,61,2010
51013,286,589,875,2010
51015,120,180,300,2010
51017,25,0,25,2010
51019,245,72,317,2010
51021,11,0,11,2010
51023,66,0,66,2010
51025,17,0,17,2010
51027,18,3,21,2010
51029,31,0,31,2010
51031,101,10,111,2010
51033,96,0,96,2010
51035,75,0,75,2010
51036,43,0,43,2010
51037,24,0,24,2010
51041,545,326,871,2010
51043,23,0,23,2010
51045,19,0,19,2010
51047,93,0,93,2010
51049,20,0,20,2010
51051,12,0,12,2010
51053,72,0,72,2010
51057,25,0,25,2010
51059,896,0,896,2010
51061,151,0,151,2010
51063,44,5,49,2010
51065,79,16,95,2010
51067,115,2,117,2010
51069,247,0,247,2010
51071,25,0,25,2010
51073,102,0,102,2010
51075,60,0,60,2010
51077,31,0,31,2010
51079,99,136,235,2010
51081,25,2,27,2010
51083,54,0,54,2010
51085,275,8,283,2010
51087,630,5,635,2010
51089,36,0,36,2010
51091,12,0,12,2010
51093,112,144,256,2010
51095,482,14,496,2010
51097,25,0,25,2010
51099,86,0,86,2010
51101,45,0,45,2010
51103,73,20,93,2010
51105,47,2,49,2010
51107,1840,201,2041,2010
51109,163,0,163,2010
51111,15,0,15,2010
51113,27,0,27,2010
51115,30,0,30,2010
51117,100,0,100,2010
51119,48,12,60,2010
51121,121,48,169,2010
51125,51,0,51,2010
51127,146,0,146,2010
51131,26,0,26,2010
51133,48,0,48,2010
51135,45,12,57,2010
51137,54,0,54,2010
51139,37,0,37,2010
51141,45,2,47,2010
51143,65,25,90,2010
51145,70,0,70,2010
51147,52,22,74,2010
51149,42,0,42,2010
51153,1602,490,2092,2010
51155,44,0,44,2010
51157,16,0,16,2010
51159,28,0,28,2010
51161,137,0,137,2010
51163,52,0,52,2010
51165,261,0,261,2010
51167,40,3,43,2010
51169,29,0,29,2010
51171,80,10,90,2010
51173,35,2,37,2010
51175,43,4,47,2010
51177,254,0,254,2010
51179,522,8,530,2010
51181,33,0,33,2010
51183,15,0,15,2010
51185,22,3,25,2010
51187,50,0,50,2010
51191,97,14,111,2010
51193,52,0,52,2010
51195,26,0,26,2010
51197,54,17,71,2010
51199,148,12,160,2010
51510,65,403,468,2010
51515,1,0,1,2010
51520,5,0,5,2010
51530,4,0,4,2010
51540,47,46,93,2010
51550,736,349,1085,2010
51570,6,0,6,2010
51580,2,0,2,2010
51590,70,0,70,2010
51595,13,0,13,2010
51600,22,0,22,2010
51610,24,0,24,2010
51620,1,0,1,2010
51630,114,232,346,2010
51640,6,0,6,2010
51650,130,4,134,2010
51660,131,70,201,2010
51670,30,6,36,2010
51678,0,0,0,2010
51680,120,24,144,2010
51683,52,0,52,2010
51685,0,0,0,2010
51690,7,0,7,2010
51700,129,59,188,2010
51710,171,133,304,2010
51720,6,0,6,2010
51730,19,158,177,2010
51735,14,0,14,2010
51740,66,0,66,2010
51750,13,17,30,2010
51760,126,481,607,2010
51770,47,30,77,2010
51775,20,0,20,2010
51790,41,0,41,2010
51800,295,2,297,2010
51810,529,100,629,2010
51820,25,10,35,2010
51830,34,0,34,2010
51840,37,0,37,2010
53001,33,0,33,2010
53003,27,0,27,2010
53005,937,322,1259,2010
53007,204,2,206,2010
53009,139,30,169,2010
53011,963,107,1070,2010
53013,4,0,4,2010
53015,116,15,131,2010
53017,109,5,114,2010
53019,22,0,22,2010
53021,636,127,763,2010
53023,4,0,4,2010
53025,205,23,228,2010
53027,163,3,166,2010
53029,219,0,219,2010
53031,97,0,97,2010
53033,2578,3442,6020,2010
53035,468,155,623,2010
53037,177,6,183,2010
53039,77,0,77,2010
53041,124,80,204,2010
53043,41,2,43,2010
53045,140,0,140,2010
53047,123,0,123,2010
53049,125,0,125,2010
53051,52,0,52,2010
53053,1708,192,1900,2010
53055,189,0,189,2010
53057,203,4,207,2010
53059,25,0,25,2010
53061,1853,267,2120,2010
53063,939,670,1609,2010
53065,66,6,72,2010
53067,1053,103,1156,2010
53069,11,0,11,2010
53071,66,62,128,2010
53073,401,57,458,2010
53075,62,28,90,2010
53077,343,281,624,2010
54001,8,0,8,2010
54003,400,0,400,2010
54005,19,35,54,2010
54007,1,0,1,2010
54009,12,0,12,2010
54011,64,60,124,2010
54015,24,0,24,2010
54019,31,8,39,2010
54021,0,0,0,2010
54023,18,10,28,2010
54025,62,40,102,2010
54027,62,0,62,2010
54029,9,0,9,2010
54031,33,8,41,2010
54033,116,0,116,2010
54035,2,0,2,2010
54037,159,0,159,2010
54039,131,17,148,2010
54041,0,0,0,2010
54043,13,0,13,2010
54045,3,10,13,2010
54047,0,0,0,2010
54049,5,0,5,2010
54051,3,0,3,2010
54053,2,0,2,2010
54055,3,5,8,2010
54057,39,0,39,2010
54059,0,0,0,2010
54061,20,280,300,2010
54063,0,0,0,2010
54065,43,0,43,2010
54067,4,0,4,2010
54069,17,5,22,2010
54071,20,6,26,2010
54073,9,0,9,2010
54075,0,0,0,2010
54077,1,0,1,2010
54079,101,18,119,2010
54081,110,0,110,2010
54083,12,0,12,2010
54085,0,0,0,2010
54087,30,0,30,2010
54089,20,0,20,2010
54091,1,0,1,2010
54093,10,2,12,2010
54095,0,0,0,2010
54097,42,0,42,2010
54099,45,40,85,2010
54101,0,0,0,2010
54103,2,8,10,2010
54105,11,0,11,2010
54107,79,47,126,2010
54109,0,0,0,2010
55001,62,0,62,2010
55003,19,0,19,2010
55005,78,2,80,2010
55007,59,0,59,2010
55009,475,513,988,2010
55011,25,0,25,2010
55013,62,0,62,2010
55015,55,2,57,2010
55017,118,12,130,2010
55019,35,4,39,2010
55021,94,8,102,2010
55023,38,10,48,2010
55025,666,394,1060,2010
55027,80,64,144,2010
55029,125,20,145,2010
55031,86,6,92,2010
55033,66,8,74,2010
55035,174,53,227,2010
55037,24,0,24,2010
55039,113,116,229,2010
55041,54,0,54,2010
55043,71,22,93,2010
55045,50,4,54,2010
55047,36,4,40,2010
55049,34,2,36,2010
55051,18,0,18,2010
55053,58,0,58,2010
55055,134,60,194,2010
55057,57,30,87,2010
55059,159,89,248,2010
55061,31,6,37,2010
55063,217,70,287,2010
55065,26,0,26,2010
55067,55,0,55,2010
55069,70,2,72,2010
55071,78,10,88,2010
55073,250,12,262,2010
55075,97,12,109,2010
55077,22,0,22,2010
55078,4,0,4,2010
55079,178,828,1006,2010
55081,73,101,174,2010
55083,105,4,109,2010
55085,134,2,136,2010
55087,358,172,530,2010
55089,105,16,121,2010
55091,16,2,18,2010
55093,80,41,121,2010
55095,83,8,91,2010
55097,123,15,138,2010
55099,48,0,48,2010
55101,156,84,240,2010
55103,41,0,41,2010
55105,101,10,111,2010
55107,50,0,50,2010
55109,126,24,150,2010
55111,116,3,119,2010
55113,101,0,101,2010
55115,64,0,64,2010
55117,65,4,69,2010
55119,25,0,25,2010
55121,66,26,92,2010
55123,61,16,77,2010
55125,131,0,131,2010
55127,105,6,111,2010
55129,51,8,59,2010
55131,242,86,328,2010
55133,442,44,486,2010
55135,70,2,72,2010
55137,62,6,68,2010
55139,257,102,359,2010
55141,77,32,109,2010
56001,140,32,172,2010
56003,14,0,14,2010
56005,269,48,317,2010
56007,18,0,18,2010
56009,23,0,23,2010
56011,4,0,4,2010
56013,21,0,21,2010
56015,6,0,6,2010
56017,1,0,1,2010
56019,1,11,12,2010
56021,238,0,238,2010
56023,49,0,49,2010
56025,264,543,807,2010
56027,4,0,4,2010
56029,102,16,118,2010
56031,12,7,19,2010
56033,117,4,121,2010
56035,40,2,42,2010
56037,100,47,147,2010
56039,73,42,115,2010
56041,45,0,45,2010
56043,1,0,1,2010
56045,4,0,4,2010
01001,106,0,106,2011
01003,738,18,756,2011
01005,15,40,55,2011
01007,11,0,11,2011
01009,2,0,2,2011
01011,0,0,0,2011
01013,11,0,11,2011
01015,73,10,83,2011
01017,2,0,2,2011
01019,9,40,49,2011
01021,17,0,17,2011
01023,0,0,0,2011
01025,4,0,4,2011
01027,0,0,0,2011
01029,1,0,1,2011
01031,96,120,216,2011
01033,80,47,127,2011
01035,0,0,0,2011
01037,0,0,0,2011
01039,17,0,17,2011
01041,8,0,8,2011
01043,67,2,69,2011
01045,26,0,26,2011
01047,76,0,76,2011
01049,26,0,26,2011
01051,80,62,142,2011
01053,11,0,11,2011
01055,82,17,99,2011
01057,3,0,3,2011
01059,32,3,35,2011
01061,11,0,11,2011
01063,3,0,3,2011
01065,6,0,6,2011
01067,41,0,41,2011
01069,236,0,236,2011
01071,37,0,37,2011
01073,1151,567,1718,2011
01075,1,0,1,2011
01077,57,56,113,2011
01079,0,0,0,2011
01081,739,218,957,2011
01083,95,0,95,2011
01085,3,0,3,2011
01087,5,0,5,2011
01089,1920,4,1924,2011
01091,4,0,4,2011
01093,8,0,8,2011
01095,44,2,46,2011
01097,706,835,1541,2011
01099,0,0,0,2011
01101,479,242,721,2011
01103,103,0,103,2011
01105,0,0,0,2011
01107,4,0,4,2011
01109,54,23,77,2011
01111,0,0,0,2011
01113,586,2,588,2011
01115,169,0,169,2011
01117,434,0,434,2011
01119,2,0,2,2011
01121,24,84,108,2011
01123,13,0,13,2011
01125,317,417,734,2011
01127,11,0,11,2011
01129,0,0,0,2011
01131,0,0,0,2011
01133,2,0,2,2011
02000,56,0,56,2011
02013,0,0,0,2011
02016,1,0,1,2011
02020,344,103,447,2011
02050,5,2,7,2011
02060,0,0,0,2011
02090,35,4,39,2011
02100,1,0,1,2011
02110,40,0,40,2011
02122,65,6,71,2011
02130,14,27,41,2011
02150,13,0,13,2011
02170,57,20,77,2011
02180,2,0,2,2011
02185,28,0,28,2011
02188,3,0,3,2011
02201,2,0,2,2011
02220,12,0,12,2011
02232,3,0,3,2011
02261,13,0,13,2011
02280,17,2,19,2011
02282,2,0,2,2011
02290,0,0,0,2011
04001,40,0,40,2011
04003,319,0,319,2011
04005,98,2,100,2011
04007,47,25,72,2011
04009,119,16,135,2011
04011,4,0,4,2011
04012,5,0,5,2011
04013,6323,1780,8103,2011
04015,194,2,196,2011
04017,96,4,100,2011
04019,1388,854,2242,2011
04021,974,4,978,2011
04023,51,0,51,2011
04025,290,12,302,2011
04027,358,2,360,2011
05001,9,4,13,2011
05003,0,0,0,2011
05005,4,0,4,2011
05007,713,40,753,2011
05009,13,4,17,2011
05011,5,0,5,2011
05013,1,0,1,2011
05015,11,0,11,2011
05017,10,0,10,2011
05019,10,4,14,2011
05021,6,4,10,2011
05023,11,5,16,2011
05025,0,0,0,2011
05027,3,0,3,2011
05029,4,6,10,2011
05031,334,417,751,2011
05033,93,20,113,2011
05035,43,0,43,2011
05037,42,0,42,2011
05039,1,0,1,2011
05041,0,0,0,2011
05043,6,16,22,2011
05045,231,14,245,2011
05047,8,0,8,2011
05049,0,0,0,2011
05051,37,0,37,2011
05053,6,45,51,2011
05055,85,59,144,2011
05057,1,48,49,2011
05059,3,0,3,2011
05061,3,0,3,2011
05063,7,11,18,2011
05065,1,0,1,2011
05067,3,0,3,2011
05069,35,32,67,2011
05071,14,2,16,2011
05073,0,0,0,2011
05075,0,0,0,2011
05077,1,0,1,2011
05079,2,0,2,2011
05081,9,0,9,2011
05083,9,12,21,2011
05085,254,0,254,2011
05087,0,0,0,2011
05089,10,0,10,2011
05091,35,10,45,2011
05093,29,0,29,2011
05095,1,0,1,2011
05099,2,0,2,2011
05101,1,0,1,2011
05103,7,0,7,2011
05105,0,0,0,2011
05107,29,0,29,2011
05111,14,0,14,2011
05113,22,0,22,2011
05115,64,17,81,2011
05117,5,0,5,2011
05119,684,1657,2341,2011
05121,11,0,11,2011
05123,3,40,43,2011
05125,339,0,339,2011
05127,1,2,3,2011
05129,5,0,5,2011
05131,263,100,363,2011
05133,5,0,5,2011
05135,3,0,3,2011
05137,3,2,5,2011
05139,6,0,6,2011
05141,3,0,3,2011
05143,441,8,449,2011
05145,120,80,200,2011
05147,4,0,4,2011
05149,3,0,3,2011
06001,820,1352,2172,2011
06003,3,0,3,2011
06005,80,0,80,2011
06007,202,38,240,2011
06009,29,0,29,2011
06011,14,0,14,2011
06013,729,132,861,2011
06015,25,64,89,2011
06017,141,0,141,2011
06019,1289,333,1622,2011
06021,26,0,26,2011
06023,146,117,263,2011
06025,129,128,257,2011
06027,6,0,6,2011
06029,712,257,969,2011
06031,142,80,222,2011
06033,43,0,43,2011
06035,21,0,21,2011
06037,2275,7620,9895,2011
06039,112,179,291,2011
06041,98,83,181,2011
06043,24,4,28,2011
06045,102,4,106,2011
06047,87,70,157,2011
06049,11,0,11,2011
06051,15,0,15,2011
06053,130,26,156,2011
06055,128,26,154,2011
06057,91,0,91,2011
06059,1822,2530,4352,2011
06061,812,0,812,2011
06063,42,0,42,2011
06065,2275,989,3264,2011
06067,737,549,1286,2011
06069,32,0,32,2011
06071,1103,369,1472,2011
06073,2245,3125,5370,2011
06075,31,1787,1818,2011
06077,781,152,933,2011
06079,266,40,306,2011
06081,245,506,751,2011
06083,134,97,231,2011
06085,970,2095,3065,2011
06087,99,109,208,2011
06089,97,41,138,2011
06091,6,0,6,2011
06093,50,2,52,2011
06095,387,0,387,2011
06097,449,183,632,2011
06099,113,51,164,2011
06101,21,56,77,2011
06103,48,0,48,2011
06105,25,0,25,2011
06107,718,204,922,2011
06109,46,0,46,2011
06111,281,287,568,2011
06113,183,69,252,2011
06115,57,12,69,2011
08001,546,19,565,2011
08003,31,22,53,2011
08005,614,192,806,2011
08007,36,0,36,2011
08009,0,2,2,2011
08011,1,0,1,2011
08013,390,271,661,2011
08014,229,0,229,2011
08015,69,0,69,2011
08017,0,0,0,2011
08019,16,0,16,2011
08021,13,0,13,2011
08023,22,0,22,2011
08025,2,0,2,2011
08027,66,0,66,2011
08029,9,41,50,2011
08031,703,1982,2685,2011
08033,0,0,0,2011
08035,963,332,1295,2011
08037,51,2,53,2011
08039,30,0,30,2011
08041,1561,659,2220,2011
08043,46,0,46,2011
08045,33,0,33,2011
08047,16,0,16,2011
08049,128,27,155,2011
08051,50,0,50,2011
08053,9,0,9,2011
08055,30,0,30,2011
08057,2,0,2,2011
08059,440,518,958,2011
08061,1,0,1,2011
08063,0,0,0,2011
08065,17,0,17,2011
08067,152,2,154,2011
08069,702,490,1192,2011
08071,22,0,22,2011
08073,4,0,4,2011
08075,13,0,13,2011
08077,289,70,359,2011
08079,9,0,9,2011
08081,10,0,10,2011
08083,9,0,9,2011
08085,51,0,51,2011
08087,10,0,10,2011
08089,3,0,3,2011
08091,19,0,19,2011
08093,73,0,73,2011
08095,2,0,2,2011
08097,29,4,33,2011
08099,2,0,2,2011
08101,114,4,118,2011
08103,16,0,16,2011
08105,14,0,14,2011
08107,40,2,42,2011
08109,25,0,25,2011
08111,1,0,1,2011
08113,25,3,28,2011
08115,0,0,0,2011
08117,116,38,154,2011
08119,55,0,55,2011
08121,1,0,1,2011
08123,792,97,889,2011
08125,1,2,3,2011
09001,583,354,937,2011
09003,476,124,600,2011
09005,111,0,111,2011
09007,172,18,190,2011
09009,422,267,689,2011
09011,195,14,209,2011
09013,111,222,333,2011
09015,92,12,104,2011
10001,540,140,680,2011
10003,590,105,695,2011
10005,1311,268,1579,2011
11001,227,4385,4612,2011
12001,276,168,444,2011
12003,29,0,29,2011
12005,268,75,343,2011
12007,18,0,18,2011
12009,855,27,882,2011
12011,1446,998,2444,2011
12013,6,0,6,2011
12015,302,10,312,2011
12017,142,0,142,2011
12019,468,7,475,2011
12021,920,400,1320,2011
12023,52,0,52,2011
12027,95,0,95,2011
12029,17,0,17,2011
12031,1027,562,1589,2011
12033,636,2,638,2011
12035,152,0,152,2011
12037,5,0,5,2011
12039,81,0,81,2011
12041,20,0,20,2011
12043,2,0,2,2011
12045,45,0,45,2011
12047,15,0,15,2011
12049,14,0,14,2011
12051,24,8,32,2011
12053,135,270,405,2011
12055,75,2,77,2011
12057,3075,1106,4181,2011
12059,19,0,19,2011
12061,320,52,372,2011
12063,41,2,43,2011
12065,28,0,28,2011
12067,4,0,4,2011
12069,501,16,517,2011
12071,1262,325,1587,2011
12073,419,464,883,2011
12075,54,0,54,2011
12077,12,0,12,2011
12079,27,0,27,2011
12081,1198,443,1641,2011
12083,356,5,361,2011
12085,205,19,224,2011
12086,962,1656,2618,2011
12087,99,36,135,2011
12089,309,18,327,2011
12091,747,2,749,2011
12093,42,0,42,2011
12095,2389,1694,4083,2011
12097,785,0,785,2011
12099,1895,575,2470,2011
12101,960,441,1401,2011
12103,341,14,355,2011
12105,1074,82,1156,2011
12107,36,0,36,2011
12109,1412,79,1491,2011
12111,266,49,315,2011
12113,567,0,567,2011
12115,640,104,744,2011
12117,858,262,1120,2011
12119,2653,2,2655,2011
12121,28,0,28,2011
12123,21,0,21,2011
12125,9,0,9,2011
12127,513,511,1024,2011
12129,47,0,47,2011
12131,552,0,552,2011
12133,23,0,23,2011
13001,2,0,2,2011
13003,4,0,4,2011
13005,0,0,0,2011
13007,0,0,0,2011
13009,34,48,82,2011
13011,1,0,1,2011
13013,47,72,119,2011
13015,77,0,77,2011
13017,16,0,16,2011
13019,31,0,31,2011
13021,86,222,308,2011
13023,10,0,10,2011
13025,17,0,17,2011
13027,24,0,24,2011
13029,260,174,434,2011
13031,149,377,526,2011
13033,23,0,23,2011
13035,5,0,5,2011
13037,1,0,1,2011
13039,90,0,90,2011
13043,1,2,3,2011
13045,102,102,204,2011
13047,81,3,84,2011
13049,9,0,9,2011
13051,655,402,1057,2011
13053,3,0,3,2011
13055,2,0,2,2011
13057,439,0,439,2011
13059,84,87,171,2011
13061,9,0,9,2011
13063,106,0,106,2011
13065,0,0,0,2011
13067,886,872,1758,2011
13069,40,0,40,2011
13071,64,2,66,2011
13073,1257,8,1265,2011
13075,21,0,21,2011
13077,329,0,329,2011
13079,14,0,14,2011
13081,15,0,15,2011
13083,1,0,1,2011
13085,37,0,37,2011
13087,27,0,27,2011
13089,295,285,580,2011
13091,13,0,13,2011
13093,0,0,0,2011
13095,30,24,54,2011
13097,54,0,54,2011
13099,7,0,7,2011
13101,3,0,3,2011
13103,134,0,134,2011
13105,21,16,37,2011
13107,3,4,7,2011
13109,2,6,8,2011
13111,107,0,107,2011
13113,70,0,70,2011
13115,32,77,109,2011
13117,1174,0,1174,2011
13119,3,0,3,2011
13121,961,993,1954,2011
13123,47,0,47,2011
13127,304,0,304,2011
13129,29,0,29,2011
13131,22,12,34,2011
13133,63,0,63,2011
13135,873,0,873,2011
13137,44,68,112,2011
13139,228,0,228,2011
13141,12,0,12,2011
13143,12,30,42,2011
13145,93,0,93,2011
13147,33,0,33,2011
13149,11,0,11,2011
13151,184,66,250,2011
13153,533,120,653,2011
13155,11,0,11,2011
13157,116,0,116,2011
13159,34,0,34,2011
13161,4,0,4,2011
13163,17,0,17,2011
13165,9,0,9,2011
13167,0,0,0,2011
13169,17,0,17,2011
13171,28,0,28,2011
13173,21,0,21,2011
13175,25,0,25,2011
13177,109,0,109,2011
13179,201,0,201,2011
13181,30,0,30,2011
13185,333,279,612,2011
13187,48,0,48,2011
13189,12,0,12,2011
13191,75,0,75,2011
13193,7,0,7,2011
13195,28,0,28,2011
13197,7,0,7,2011
13199,21,0,21,2011
13201,0,0,0,2011
13205,21,0,21,2011
13207,47,0,47,2011
13209,8,0,8,2011
13211,34,0,34,2011
13213,23,0,23,2011
13215,217,152,369,2011
13217,54,0,54,2011
13219,91,0,91,2011
13221,37,0,37,2011
13223,187,0,187,2011
13225,69,0,69,2011
13227,41,0,41,2011
13229,23,0,23,2011
13231,9,0,9,2011
13233,22,0,22,2011
13235,13,0,13,2011
13237,50,0,50,2011
13239,3,0,3,2011
13241,61,19,80,2011
13243,0,0,0,2011
13245,267,0,267,2011
13247,30,0,30,2011
13249,0,0,0,2011
13251,7,0,7,2011
13253,12,0,12,2011
13255,110,0,110,2011
13257,4,0,4,2011
13259,0,0,0,2011
13261,25,0,25,2011
13263,6,0,6,2011
13265,2,0,2,2011
13267,23,0,23,2011
13269,9,0,9,2011
13271,1,0,1,2011
13273,20,0,20,2011
13275,70,64,134,2011
13277,38,12,50,2011
13279,7,68,75,2011
13281,64,0,64,2011
13283,13,0,13,2011
13285,95,0,95,2011
13287,8,0,8,2011
13289,10,0,10,2011
13291,59,0,59,2011
13293,18,0,18,2011
13295,80,6,86,2011
13297,38,0,38,2011
13299,75,0,75,2011
13301,0,0,0,2011
13303,11,2,13,2011
13305,1,2,3,2011
13309,0,0,0,2011
13311,22,0,22,2011
13313,40,0,40,2011
13317,9,0,9,2011
13319,1,0,1,2011
13321,23,0,23,2011
15001,582,107,689,2011
15003,734,990,1724,2011
15007,120,0,120,2011
15009,196,14,210,2011
16001,1338,115,1453,2011
16003,7,0,7,2011
16005,75,0,75,2011
16007,27,0,27,2011
16009,9,0,9,2011
16011,51,14,65,2011
16013,29,24,53,2011
16015,28,0,28,2011
16017,0,51,51,2011
16019,217,4,221,2011
16021,26,0,26,2011
16023,4,0,4,2011
16025,6,0,6,2011
16027,187,144,331,2011
16029,8,0,8,2011
16031,33,0,33,2011
16033,2,0,2,2011
16035,20,0,20,2011
16037,3,0,3,2011
16039,15,0,15,2011
16041,34,0,34,2011
16043,31,0,31,2011
16045,14,0,14,2011
16047,9,0,9,2011
16049,1,6,7,2011
16051,48,3,51,2011
16053,47,0,47,2011
16055,421,202,623,2011
16057,57,34,91,2011
16059,21,0,21,2011
16061,2,0,2,2011
16063,2,0,2,2011
16065,24,34,58,2011
16067,44,12,56,2011
16069,45,4,49,2011
16071,10,0,10,2011
16073,11,3,14,2011
16075,32,0,32,2011
16077,6,2,8,2011
16079,7,0,7,2011
16081,11,0,11,2011
16083,159,0,159,2011
16085,23,0,23,2011
16087,19,0,19,2011
17001,48,2,50,2011
17003,1,0,1,2011
17005,24,0,24,2011
17007,24,2,26,2011
17009,0,0,0,2011
17011,22,0,22,2011
17013,11,0,11,2011
17015,23,0,23,2011
17017,3,0,3,2011
17019,190,297,487,2011
17021,34,0,34,2011
17023,4,0,4,2011
17025,6,0,6,2011
17027,90,8,98,2011
17029,16,8,24,2011
17031,778,2658,3436,2011
17033,38,0,38,2011
17035,1,0,1,2011
17037,29,11,40,2011
17039,14,0,14,2011
17041,12,0,12,2011
17043,587,18,605,2011
17045,3,0,3,2011
17049,28,4,32,2011
17051,3,0,3,2011
17053,12,6,18,2011
17055,10,0,10,2011
17057,39,0,39,2011
17061,1,0,1,2011
17063,60,55,115,2011
17065,0,0,0,2011
17067,2,0,2,2011
17069,0,0,0,2011
17071,6,0,6,2011
17073,35,6,41,2011
17075,21,4,25,2011
17077,12,71,83,2011
17079,0,0,0,2011
17081,0,0,0,2011
17083,26,50,76,2011
17085,34,0,34,2011
17087,1,2,3,2011
17089,439,38,477,2011
17091,54,8,62,2011
17093,169,0,169,2011
17095,31,0,31,2011
17097,412,216,628,2011
17099,47,70,117,2011
17101,0,0,0,2011
17103,11,58,69,2011
17105,22,2,24,2011
17107,14,2,16,2011
17109,2,17,19,2011
17111,307,112,419,2011
17113,241,379,620,2011
17115,70,14,84,2011
17117,28,2,30,2011
17119,278,249,527,2011
17121,4,0,4,2011
17123,11,0,11,2011
17125,8,0,8,2011
17127,2,0,2,2011
17129,22,0,22,2011
17131,13,0,13,2011
17133,92,2,94,2011
17135,26,0,26,2011
17137,5,0,5,2011
17139,23,9,32,2011
17141,20,8,28,2011
17143,201,18,219,2011
17145,51,0,51,2011
17147,13,0,13,2011
17149,16,0,16,2011
17151,0,0,0,2011
17153,4,0,4,2011
17155,14,0,14,2011
17157,29,40,69,2011
17159,8,0,8,2011
17161,101,6,107,2011
17163,479,194,673,2011
17165,0,0,0,2011
17167,247,122,369,2011
17173,27,0,27,2011
17175,2,0,2,2011
17177,10,0,10,2011
17179,155,0,155,2011
17181,14,0,14,2011
17183,10,2,12,2011
17185,1,0,1,2011
17187,11,0,11,2011
17189,30,4,34,2011
17191,0,0,0,2011
17193,0,0,0,2011
17195,45,0,45,2011
17197,526,12,538,2011
17199,79,126,205,2011
17201,85,57,142,2011
17203,77,6,83,2011
18001,38,0,38,2011
18003,637,20,657,2011
18005,178,0,178,2011
18007,7,0,7,2011
18009,5,0,5,2011
18011,358,172,530,2011
18013,35,4,39,2011
18015,39,0,39,2011
18017,16,0,16,2011
18019,252,19,271,2011
18021,20,40,60,2011
18023,29,4,33,2011
18025,0,0,0,2011
18027,19,22,41,2011
18029,36,0,36,2011
18031,26,0,26,2011
18033,50,0,50,2011
18035,72,10,82,2011
18037,78,2,80,2011
18039,146,0,146,2011
18041,4,0,4,2011
18043,101,0,101,2011
18045,6,0,6,2011
18047,30,0,30,2011
18049,19,0,19,2011
18051,48,0,48,2011
18053,31,2,33,2011
18057,1408,483,1891,2011
18059,144,64,208,2011
18061,48,0,48,2011
18063,534,280,814,2011
18065,23,0,23,2011
18067,22,0,22,2011
18069,34,0,34,2011
18071,67,47,114,2011
18073,54,18,72,2011
18075,13,0,13,2011
18077,40,4,44,2011
18079,44,0,44,2011
18081,408,6,414,2011
18083,25,4,29,2011
18085,141,84,225,2011
18087,106,0,106,2011
18089,439,187,626,2011
18091,119,24,143,2011
18093,8,4,12,2011
18095,73,2,75,2011
18097,578,607,1185,2011
18099,51,25,76,2011
18101,3,0,3,2011
18103,10,0,10,2011
18105,169,67,236,2011
18107,37,0,37,2011
18109,84,12,96,2011
18111,4,0,4,2011
18113,73,2,75,2011
18115,11,0,11,2011
18117,4,0,4,2011
18119,0,0,0,2011
18121,28,0,28,2011
18123,18,0,18,2011
18125,26,0,26,2011
18127,221,16,237,2011
18129,36,0,36,2011
18131,15,0,15,2011
18133,32,2,34,2011
18135,7,0,7,2011
18137,59,12,71,2011
18139,13,0,13,2011
18141,163,229,392,2011
18143,23,4,27,2011
18145,33,15,48,2011
18147,36,0,36,2011
18149,33,0,33,2011
18151,92,0,92,2011
18153,4,0,4,2011
18155,41,0,41,2011
18157,691,507,1198,2011
18159,14,3,17,2011
18161,9,0,9,2011
18163,214,12,226,2011
18165,10,0,10,2011
18167,80,269,349,2011
18169,23,0,23,2011
18171,14,0,14,2011
18173,175,8,183,2011
18175,26,0,26,2011
18177,33,0,33,2011
18179,29,0,29,2011
18181,17,0,17,2011
18183,55,2,57,2011
19001,1,0,1,2011
19003,4,0,4,2011
19005,25,0,25,2011
19007,4,0,4,2011
19009,5,0,5,2011
19011,18,0,18,2011
19013,276,64,340,2011
19015,36,6,42,2011
19017,53,0,53,2011
19019,17,2,19,2011
19021,15,0,15,2011
19023,18,0,18,2011
19025,7,0,7,2011
19027,30,0,30,2011
19029,2,10,12,2011
19031,28,0,28,2011
19033,30,6,36,2011
19035,11,0,11,2011
19037,3,17,20,2011
19039,1,0,1,2011
19041,7,0,7,2011
19043,41,0,41,2011
19045,38,2,40,2011
19047,17,0,17,2011
19049,210,2,212,2011
19051,1,0,1,2011
19053,4,24,28,2011
19055,8,10,18,2011
19057,14,0,14,2011
19059,128,0,128,2011
19061,281,129,410,2011
19063,6,3,9,2011
19065,18,11,29,2011
19067,13,0,13,2011
19069,3,0,3,2011
19071,11,0,11,2011
19073,11,0,11,2011
19075,17,0,17,2011
19077,11,0,11,2011
19079,4,0,4,2011
19081,8,0,8,2011
19083,10,0,10,2011
19085,18,0,18,2011
19087,14,0,14,2011
19089,4,0,4,2011
19091,7,2,9,2011
19093,8,0,8,2011
19095,5,8,13,2011
19097,25,0,25,2011
19099,28,0,28,2011
19101,2,0,2,2011
19103,431,316,747,2011
19105,14,0,14,2011
19107,5,0,5,2011
19109,13,0,13,2011
19111,5,14,19,2011
19113,545,154,699,2011
19115,19,0,19,2011
19117,1,0,1,2011
19119,38,0,38,2011
19121,39,0,39,2011
19123,9,6,15,2011
19125,38,4,42,2011
19127,16,2,18,2011
19129,7,0,7,2011
19131,22,0,22,2011
19133,30,0,30,2011
19135,15,0,15,2011
19137,2,0,2,2011
19139,25,4,29,2011
19141,8,0,8,2011
19143,1,0,1,2011
19145,13,30,43,2011
19147,5,0,5,2011
19149,41,2,43,2011
19151,3,0,3,2011
19153,1867,387,2254,2011
19155,135,2,137,2011
19157,21,0,21,2011
19159,9,0,9,2011
19161,6,0,6,2011
19163,428,46,474,2011
19165,30,10,40,2011
19167,69,0,69,2011
19169,99,358,457,2011
19171,15,0,15,2011
19173,0,0,0,2011
19175,6,0,6,2011
19177,0,0,0,2011
19179,14,0,14,2011
19181,122,2,124,2011
19183,13,2,15,2011
19185,2,0,2,2011
19187,15,0,15,2011
19189,12,0,12,2011
19191,41,2,43,2011
19193,62,14,76,2011
19195,3,0,3,2011
19197,5,0,5,2011
20001,30,12,42,2011
20003,11,0,11,2011
20005,6,0,6,2011
20007,0,0,0,2011
20009,9,0,9,2011
20011,1,0,1,2011
20013,0,0,0,2011
20015,131,6,137,2011
20017,0,0,0,2011
20019,0,0,0,2011
20021,4,0,4,2011
20023,0,0,0,2011
20025,2,0,2,2011
20027,10,0,10,2011
20029,0,0,0,2011
20031,24,0,24,2011
20033,0,0,0,2011
20035,36,24,60,2011
20037,41,18,59,2011
20039,0,0,0,2011
20041,94,4,98,2011
20043,7,0,7,2011
20045,127,363,490,2011
20047,0,0,0,2011
20051,39,57,96,2011
20053,0,0,0,2011
20055,10,35,45,2011
20057,29,54,83,2011
20059,25,0,25,2011
20061,114,73,187,2011
20063,0,0,0,2011
20065,0,0,0,2011
20067,3,0,3,2011
20069,7,0,7,2011
20071,0,0,0,2011
20073,0,0,0,2011
20075,0,0,0,2011
20077,4,0,4,2011
20079,37,2,39,2011
20081,0,14,14,2011
20085,14,0,14,2011
20087,24,0,24,2011
20089,0,0,0,2011
20091,872,559,1431,2011
20093,0,0,0,2011
20095,10,0,10,2011
20097,1,0,1,2011
20099,4,0,4,2011
20101,0,0,0,2011
20103,102,50,152,2011
20105,0,0,0,2011
20107,17,0,17,2011
20109,0,0,0,2011
20111,15,11,26,2011
20113,41,8,49,2011
20115,17,0,17,2011
20117,3,0,3,2011
20119,1,0,1,2011
20121,41,0,41,2011
20123,12,0,12,2011
20125,24,0,24,2011
20127,3,0,3,2011
20129,0,0,0,2011
20131,5,0,5,2011
20133,6,55,61,2011
20135,0,0,0,2011
20137,4,0,4,2011
20139,23,0,23,2011
20141,0,0,0,2011
20143,6,0,6,2011
20145,0,0,0,2011
20147,0,0,0,2011
20149,82,4,86,2011
20151,6,0,6,2011
20153,0,0,0,2011
20155,43,8,51,2011
20157,0,8,8,2011
20159,13,4,17,2011
20161,210,284,494,2011
20163,2,0,2,2011
20165,1,0,1,2011
20167,3,0,3,2011
20169,54,36,90,2011
20171,9,0,9,2011
20173,703,163,866,2011
20175,1,40,41,2011
20177,174,12,186,2011
20181,1,0,1,2011
20183,3,4,7,2011
20185,6,0,6,2011
20187,0,0,0,2011
20189,1,0,1,2011
20191,20,0,20,2011
20193,1,0,1,2011
20195,0,0,0,2011
20197,17,0,17,2011
20199,1,0,1,2011
20201,0,0,0,2011
20203,0,0,0,2011
20205,0,0,0,2011
20207,0,0,0,2011
20209,72,9,81,2011
21001,2,4,6,2011
21005,39,4,43,2011
21009,44,4,48,2011
21011,0,0,0,2011
21013,19,0,19,2011
21015,435,40,475,2011
21017,26,30,56,2011
21019,5,0,5,2011
21021,25,19,44,2011
21025,1,0,1,2011
21027,11,0,11,2011
21029,187,223,410,2011
21031,0,0,0,2011
21033,3,0,3,2011
21035,22,0,22,2011
21037,124,38,162,2011
21041,2,0,2,2011
21043,2,4,6,2011
21045,1,0,1,2011
21047,66,64,130,2011
21049,42,0,42,2011
21051,0,0,0,2011
21053,0,0,0,2011
21055,1,0,1,2011
21057,0,0,0,2011
21059,211,58,269,2011
21065,0,0,0,2011
21067,513,226,739,2011
21069,1,2,3,2011
21071,5,0,5,2011
21073,10,0,10,2011
21075,9,0,9,2011
21077,18,0,18,2011
21079,1,0,1,2011
21081,24,0,24,2011
21083,7,0,7,2011
21085,3,4,7,2011
21087,0,0,0,2011
21089,17,38,55,2011
21091,8,0,8,2011
21093,247,440,687,2011
21095,0,0,0,2011
21097,20,0,20,2011
21099,28,33,61,2011
21101,36,28,64,2011
21103,16,0,16,2011
21107,55,0,55,2011
21109,0,0,0,2011
21111,634,372,1006,2011
21113,167,0,167,2011
21115,10,0,10,2011
21117,178,63,241,2011
21121,0,0,0,2011
21123,23,4,27,2011
21125,2,0,2,2011
21133,2,6,8,2011
21137,20,0,20,2011
21141,2,20,22,2011
21143,6,0,6,2011
21145,106,50,156,2011
21147,0,0,0,2011
21149,1,0,1,2011
21151,107,132,239,2011
21155,4,0,4,2011
21157,11,51,62,2011
21161,12,0,12,2011
21163,82,20,102,2011
21167,29,8,37,2011
21173,22,2,24,2011
21175,0,0,0,2011
21177,3,0,3,2011
21179,125,24,149,2011
21181,0,0,0,2011
21183,4,6,10,2011
21185,144,0,144,2011
21187,0,13,13,2011
21191,0,0,0,2011
21193,8,4,12,2011
21195,11,22,33,2011
21199,9,2,11,2011
21205,0,0,0,2011
21207,2,4,6,2011
21209,209,236,445,2011
21211,73,2,75,2011
21213,22,60,82,2011
21215,49,0,49,2011
21217,12,47,59,2011
21219,1,0,1,2011
21221,20,0,20,2011
21225,38,2,40,2011
21227,291,552,843,2011
21229,1,16,17,2011
21231,0,0,0,2011
21233,2,0,2,2011
21235,13,12,25,2011
21239,52,0,52,2011
22001,142,7,149,2011
22003,3,0,3,2011
22005,719,0,719,2011
22007,35,6,41,2011
22009,33,0,33,2011
22011,11,0,11,2011
22013,0,0,0,2011
22015,844,264,1108,2011
22017,293,0,293,2011
22019,603,546,1149,2011
22021,8,0,8,2011
22023,46,0,46,2011
22025,2,0,2,2011
22027,0,0,0,2011
22029,9,0,9,2011
22031,0,0,0,2011
22033,812,407,1219,2011
22035,0,0,0,2011
22037,41,0,41,2011
22039,48,0,48,2011
22041,17,5,22,2011
22043,26,0,26,2011
22045,109,6,115,2011
22047,78,2,80,2011
22049,15,11,26,2011
22051,225,0,225,2011
22053,73,16,89,2011
22055,647,92,739,2011
22057,201,8,209,2011
22059,3,0,3,2011
22061,25,0,25,2011
22063,749,97,846,2011
22065,14,0,14,2011
22067,16,4,20,2011
22069,65,6,71,2011
22071,717,377,1094,2011
22073,292,91,383,2011
22075,62,0,62,2011
22077,46,0,46,2011
22079,254,96,350,2011
22081,0,0,0,2011
22083,34,4,38,2011
22085,124,0,124,2011
22087,23,2,25,2011
22089,83,0,83,2011
22091,0,0,0,2011
22093,126,2,128,2011
22095,50,0,50,2011
22097,143,0,143,2011
22099,120,0,120,2011
22101,49,0,49,2011
22103,785,4,789,2011
22105,488,87,575,2011
22107,5,0,5,2011
22109,181,0,181,2011
22111,20,2,22,2011
22113,149,72,221,2011
22115,5,0,5,2011
22117,86,0,86,2011
22119,21,0,21,2011
22121,168,0,168,2011
22123,0,0,0,2011
22125,16,0,16,2011
22127,0,0,0,2011
23000,69,0,69,2011
23001,146,2,148,2011
23003,41,2,43,2011
23005,495,34,529,2011
23007,64,0,64,2011
23009,125,44,169,2011
23011,181,79,260,2011
23013,113,11,124,2011
23015,72,0,72,2011
23017,123,0,123,2011
23019,213,156,369,2011
23021,24,0,24,2011
23023,60,0,60,2011
23025,45,0,45,2011
23027,56,9,65,2011
23029,51,6,57,2011
23031,401,122,523,2011
24001,64,6,70,2011
24003,829,1531,2360,2011
24005,487,0,487,2011
24009,223,0,223,2011
24011,29,0,29,2011
24013,183,0,183,2011
24015,291,13,304,2011
24017,585,132,717,2011
24019,52,0,52,2011
24021,594,50,644,2011
24023,93,0,93,2011
24025,556,245,801,2011
24027,991,186,1177,2011
24029,46,0,46,2011
24031,1031,1481,2512,2011
24033,984,243,1227,2011
24035,156,0,156,2011
24037,516,268,784,2011
24039,60,2,62,2011
24041,169,0,169,2011
24043,160,8,168,2011
24045,107,0,107,2011
24047,81,40,121,2011
24510,75,914,989,2011
25001,342,62,404,2011
25003,97,25,122,2011
25005,392,86,478,2011
25007,89,0,89,2011
25009,435,290,725,2011
25011,49,10,59,2011
25013,256,53,309,2011
25015,121,23,144,2011
25017,1186,637,1823,2011
25019,54,0,54,2011
25021,494,522,1016,2011
25023,623,186,809,2011
25025,35,867,902,2011
25027,726,65,791,2011
26000,68,0,68,2011
26001,19,0,19,2011
26003,37,0,37,2011
26005,125,20,145,2011
26007,11,0,11,2011
26009,42,0,42,2011
26011,7,0,7,2011
26013,8,0,8,2011
26015,71,0,71,2011
26017,67,24,91,2011
26019,35,3,38,2011
26021,130,6,136,2011
26023,17,0,17,2011
26025,33,16,49,2011
26027,75,0,75,2011
26029,43,46,89,2011
26031,42,0,42,2011
26033,43,0,43,2011
26035,35,0,35,2011
26037,99,5,104,2011
26039,40,0,40,2011
26041,43,0,43,2011
26043,37,4,41,2011
26045,67,0,67,2011
26047,35,0,35,2011
26049,66,0,66,2011
26051,31,0,31,2011
26053,24,0,24,2011
26055,207,26,233,2011
26057,22,0,22,2011
26059,28,0,28,2011
26061,32,10,42,2011
26063,38,0,38,2011
26065,208,37,245,2011
26067,23,0,23,2011
26069,28,0,28,2011
26071,35,0,35,2011
26073,32,38,70,2011
26075,55,2,57,2011
26077,268,14,282,2011
26079,27,0,27,2011
26081,721,40,761,2011
26083,9,0,9,2011
26085,40,0,40,2011
26087,34,0,34,2011
26089,59,0,59,2011
26091,94,0,94,2011
26093,168,6,174,2011
26095,13,0,13,2011
26097,26,2,28,2011
26099,852,258,1110,2011
26101,7,0,7,2011
26103,91,5,96,2011
26105,36,6,42,2011
26107,32,0,32,2011
26109,21,0,21,2011
26111,131,14,145,2011
26113,14,0,14,2011
26115,110,0,110,2011
26117,42,4,46,2011
26119,7,0,7,2011
26121,93,2,95,2011
26123,45,0,45,2011
26125,1266,11,1277,2011
26127,3,15,18,2011
26129,26,0,26,2011
26131,6,0,6,2011
26133,18,0,18,2011
26135,14,0,14,2011
26137,28,50,78,2011
26139,471,140,611,2011
26141,17,0,17,2011
26143,30,0,30,2011
26145,91,86,177,2011
26147,66,0,66,2011
26149,38,0,38,2011
26151,30,0,30,2011
26153,19,0,19,2011
26155,26,0,26,2011
26157,18,0,18,2011
26159,69,0,69,2011
26161,200,277,477,2011
26163,476,229,705,2011
26165,27,8,35,2011
27001,123,0,123,2011
27003,539,0,539,2011
27005,94,43,137,2011
27007,34,48,82,2011
27009,44,22,66,2011
27011,12,0,12,2011
27013,151,72,223,2011
27015,30,0,30,2011
27017,53,6,59,2011
27019,384,20,404,2011
27021,149,0,149,2011
27023,7,0,7,2011
27025,45,0,45,2011
27027,132,81,213,2011
27029,2,0,2,2011
27031,38,0,38,2011
27033,6,0,6,2011
27035,204,15,219,2011
27037,417,219,636,2011
27039,27,0,27,2011
27041,96,0,96,2011
27043,16,0,16,2011
27045,46,6,52,2011
27047,26,8,34,2011
27049,39,0,39,2011
27051,3,0,3,2011
27053,900,715,1615,2011
27055,20,2,22,2011
27057,18,0,18,2011
27059,23,12,35,2011
27061,89,0,89,2011
27063,20,0,20,2011
27065,19,0,19,2011
27067,59,4,63,2011
27069,3,0,3,2011
27071,14,0,14,2011
27073,5,0,5,2011
27075,47,0,47,2011
27077,12,0,12,2011
27079,35,0,35,2011
27081,13,0,13,2011
27083,33,26,59,2011
27085,21,0,21,2011
27087,0,0,0,2011
27089,2,0,2,2011
27091,16,0,16,2011
27093,37,0,37,2011
27095,30,4,34,2011
27097,47,6,53,2011
27099,36,0,36,2011
27101,18,0,18,2011
27103,34,24,58,2011
27105,9,5,14,2011
27107,12,0,12,2011
27109,252,24,276,2011
27111,34,81,115,2011
27113,15,2,17,2011
27115,34,0,34,2011
27117,10,0,10,2011
27119,46,2,48,2011
27121,19,8,27,2011
27123,113,264,377,2011
27125,0,0,0,2011
27127,17,0,17,2011
27129,8,0,8,2011
27131,54,0,54,2011
27133,4,4,8,2011
27135,2,2,4,2011
27137,209,99,308,2011
27139,387,0,387,2011
27141,69,17,86,2011
27143,11,0,11,2011
27145,202,100,302,2011
27147,25,40,65,2011
27149,7,0,7,2011
27151,15,0,15,2011
27153,41,4,45,2011
27155,7,0,7,2011
27157,29,0,29,2011
27159,24,0,24,2011
27161,18,0,18,2011
27163,552,80,632,2011
27165,7,5,12,2011
27167,5,0,5,2011
27169,46,87,133,2011
27171,167,0,167,2011
27173,15,0,15,2011
28001,2,0,2,2011
28003,7,14,21,2011
28005,0,0,0,2011
28007,6,0,6,2011
28009,0,0,0,2011
28011,60,16,76,2011
28013,1,0,1,2011
28017,1,0,1,2011
28019,0,0,0,2011
28021,0,0,0,2011
28023,1,0,1,2011
28025,7,0,7,2011
28027,12,0,12,2011
28029,4,0,4,2011
28031,2,0,2,2011
28033,451,10,461,2011
28035,38,16,54,2011
28037,0,0,0,2011
28039,3,0,3,2011
28041,0,0,0,2011
28043,16,0,16,2011
28045,276,121,397,2011
28047,965,295,1260,2011
28049,323,153,476,2011
28051,2,0,2,2011
28053,1,0,1,2011
28055,0,0,0,2011
28057,7,0,7,2011
28059,300,0,300,2011
28061,0,0,0,2011
28063,0,0,0,2011
28065,0,0,0,2011
28067,11,64,75,2011
28071,85,98,183,2011
28073,9,0,9,2011
28075,142,0,142,2011
28077,2,0,2,2011
28079,1,0,1,2011
28081,131,0,131,2011
28083,7,0,7,2011
28085,11,0,11,2011
28087,92,55,147,2011
28089,503,0,503,2011
28091,2,0,2,2011
28093,49,0,49,2011
28095,2,0,2,2011
28097,14,36,50,2011
28099,3,0,3,2011
28101,0,0,0,2011
28103,4,0,4,2011
28105,36,0,36,2011
28107,8,0,8,2011
28109,133,17,150,2011
28111,1,0,1,2011
28113,3,0,3,2011
28115,10,11,21,2011
28117,10,0,10,2011
28119,5,0,5,2011
28121,352,0,352,2011
28123,2,0,2,2011
28125,8,0,8,2011
28127,25,0,25,2011
28129,2,0,2,2011
28131,8,4,12,2011
28133,10,28,38,2011
28135,1,0,1,2011
28137,61,0,61,2011
28139,3,0,3,2011
28141,1,0,1,2011
28143,10,0,10,2011
28145,4,66,70,2011
28147,0,0,0,2011
28149,1,0,1,2011
28151,7,0,7,2011
28153,1,0,1,2011
28155,1,0,1,2011
28157,1,0,1,2011
28159,1,0,1,2011
28161,9,0,9,2011
28163,2,0,2,2011
29001,15,18,33,2011
29003,3,0,3,2011
29005,1,0,1,2011
29007,12,2,14,2011
29009,4,9,13,2011
29011,2,0,2,2011
29013,1,0,1,2011
29015,1,0,1,2011
29017,2,0,2,2011
29019,477,560,1037,2011
29021,76,32,108,2011
29023,23,0,23,2011
29025,19,0,19,2011
29027,38,6,44,2011
29029,9,0,9,2011
29031,91,28,119,2011
29033,9,0,9,2011
29035,2,0,2,2011
29037,131,38,169,2011
29039,5,0,5,2011
29041,1,0,1,2011
29043,198,102,300,2011
29045,4,0,4,2011
29047,102,0,102,2011
29049,20,0,20,2011
29051,144,22,166,2011
29053,0,0,0,2011
29055,19,0,19,2011
29057,1,0,1,2011
29059,1,0,1,2011
29061,4,0,4,2011
29063,0,0,0,2011
29065,0,18,18,2011
29067,0,0,0,2011
29069,14,0,14,2011
29071,206,20,226,2011
29073,3,4,7,2011
29075,4,0,4,2011
29077,411,488,899,2011
29079,6,0,6,2011
29081,0,0,0,2011
29083,5,10,15,2011
29087,1,0,1,2011
29089,1,14,15,2011
29091,8,67,75,2011
29093,0,0,0,2011
29095,800,260,1060,2011
29097,157,113,270,2011
29099,421,14,435,2011
29101,53,42,95,2011
29103,0,0,0,2011
29105,6,30,36,2011
29107,26,0,26,2011
29109,5,0,5,2011
29111,5,0,5,2011
29113,66,6,72,2011
29115,0,0,0,2011
29117,10,2,12,2011
29119,4,0,4,2011
29121,10,0,10,2011
29123,3,8,11,2011
29125,3,0,3,2011
29127,42,6,48,2011
29129,0,0,0,2011
29131,10,12,22,2011
29133,9,0,9,2011
29135,1,0,1,2011
29137,19,0,19,2011
29139,27,0,27,2011
29141,0,0,0,2011
29143,9,8,17,2011
29145,32,8,40,2011
29147,17,14,31,2011
29149,0,0,0,2011
29151,0,0,0,2011
29153,2,3,5,2011
29155,1,8,9,2011
29157,20,8,28,2011
29159,2,27,29,2011
29161,37,102,139,2011
29163,6,0,6,2011
29165,127,8,135,2011
29167,41,0,41,2011
29169,70,42,112,2011
29171,2,0,2,2011
29173,3,0,3,2011
29175,18,0,18,2011
29177,8,0,8,2011
29179,0,0,0,2011
29181,0,2,2,2011
29183,939,125,1064,2011
29185,0,0,0,2011
29186,0,0,0,2011
29187,49,282,331,2011
29189,511,217,728,2011
29195,5,5,10,2011
29197,1,0,1,2011
29199,0,0,0,2011
29201,36,16,52,2011
29203,0,0,0,2011
29205,1,0,1,2011
29207,8,22,30,2011
29209,97,0,97,2011
29211,1,0,1,2011
29213,83,108,191,2011
29215,1,0,1,2011
29217,10,4,14,2011
29219,75,52,127,2011
29221,4,0,4,2011
29225,49,14,63,2011
29227,0,0,0,2011
29229,2,0,2,2011
29510,41,177,218,2011
30001,3,0,3,2011
30003,0,0,0,2011
30005,0,0,0,2011
30007,2,0,2,2011
30009,6,6,12,2011
30011,2,0,2,2011
30013,106,38,144,2011
30015,1,0,1,2011
30017,6,0,6,2011
30019,1,0,1,2011
30021,2,0,2,2011
30023,15,0,15,2011
30025,1,4,5,2011
30027,1,0,1,2011
30029,88,10,98,2011
30031,346,41,387,2011
30033,2,0,2,2011
30035,0,4,4,2011
30037,0,0,0,2011
30039,0,0,0,2011
30041,2,22,24,2011
30043,1,0,1,2011
30045,0,0,0,2011
30047,20,0,20,2011
30049,83,73,156,2011
30051,0,0,0,2011
30053,3,0,3,2011
30055,0,0,0,2011
30057,3,0,3,2011
30059,0,0,0,2011
30061,2,0,2,2011
30063,132,431,563,2011
30065,1,0,1,2011
30067,9,6,15,2011
30069,0,0,0,2011
30071,0,0,0,2011
30073,1,0,1,2011
30075,0,0,0,2011
30077,1,0,1,2011
30079,0,0,0,2011
30081,4,37,41,2011
30083,51,8,59,2011
30085,2,2,4,2011
30087,4,0,4,2011
30089,0,0,0,2011
30091,5,0,5,2011
30093,43,8,51,2011
30095,4,0,4,2011
30097,0,0,0,2011
30099,0,6,6,2011
30101,2,0,2,2011
30103,0,0,0,2011
30105,3,0,3,2011
30107,0,0,0,2011
30109,0,0,0,2011
30111,250,10,260,2011
31001,62,64,126,2011
31003,10,0,10,2011
31011,3,0,3,2011
31013,0,0,0,2011
31015,0,0,0,2011
31017,1,0,1,2011
31019,116,5,121,2011
31021,8,0,8,2011
31023,4,6,10,2011
31025,52,0,52,2011
31027,3,0,3,2011
31029,1,0,1,2011
31031,3,7,10,2011
31033,11,0,11,2011
31035,4,0,4,2011
31037,23,2,25,2011
31039,12,0,12,2011
31041,0,0,0,2011
31043,22,0,22,2011
31045,6,0,6,2011
31047,16,4,20,2011
31049,0,0,0,2011
31051,9,0,9,2011
31053,27,14,41,2011
31055,1218,927,2145,2011
31057,0,0,0,2011
31059,3,0,3,2011
31061,2,0,2,2011
31063,4,0,4,2011
31065,3,0,3,2011
31067,6,2,8,2011
31069,2,0,2,2011
31071,0,0,0,2011
31073,8,0,8,2011
31077,1,0,1,2011
31079,86,45,131,2011
31081,23,0,23,2011
31083,11,0,11,2011
31085,0,0,0,2011
31087,0,0,0,2011
31089,9,0,9,2011
31091,2,0,2,2011
31093,18,12,30,2011
31095,3,0,3,2011
31097,3,0,3,2011
31099,21,0,21,2011
31101,13,0,13,2011
31103,0,0,0,2011
31105,0,0,0,2011
31107,29,0,29,2011
31109,643,379,1022,2011
31111,41,0,41,2011
31115,0,0,0,2011
31119,39,0,39,2011
31121,17,0,17,2011
31123,0,10,10,2011
31125,11,4,15,2011
31127,7,0,7,2011
31129,2,0,2,2011
31131,22,0,22,2011
31133,0,0,0,2011
31135,1,0,1,2011
31137,14,0,14,2011
31139,9,0,9,2011
31141,52,8,60,2011
31143,3,0,3,2011
31145,3,27,30,2011
31147,3,16,19,2011
31149,0,0,0,2011
31151,15,2,17,2011
31153,623,48,671,2011
31155,63,0,63,2011
31157,19,8,27,2011
31159,37,0,37,2011
31161,2,0,2,2011
31163,6,0,6,2011
31165,8,0,8,2011
31167,9,0,9,2011
31169,6,4,10,2011
31173,1,4,5,2011
31175,8,0,8,2011
31177,40,0,40,2011
31179,6,8,14,2011
31181,5,0,5,2011
31183,1,0,1,2011
31185,23,0,23,2011
32001,3,0,3,2011
32003,3817,1330,5147,2011
32005,34,2,36,2011
32007,177,102,279,2011
32013,25,22,47,2011
32015,19,0,19,2011
32017,11,0,11,2011
32019,48,0,48,2011
32021,2,0,2,2011
32027,1,0,1,2011
32029,6,0,6,2011
32031,528,22,550,2011
32033,1,0,1,2011
32510,9,4,13,2011
33001,140,4,144,2011
33003,128,32,160,2011
33005,67,12,79,2011
33007,28,8,36,2011
33009,122,67,189,2011
33011,334,368,702,2011
33013,113,6,119,2011
33015,440,70,510,2011
33017,181,173,354,2011
33019,53,0,53,2011
34001,337,53,390,2011
34003,498,1162,1660,2011
34005,346,319,665,2011
34007,214,388,602,2011
34009,317,135,452,2011
34011,182,0,182,2011
34013,183,392,575,2011
34015,463,129,592,2011
34017,45,1536,1581,2011
34019,171,116,287,2011
34021,135,265,400,2011
34023,724,501,1225,2011
34025,617,247,864,2011
34027,398,149,547,2011
34029,759,174,933,2011
34031,166,240,406,2011
34033,50,32,82,2011
34035,347,233,580,2011
34037,139,33,172,2011
34039,198,368,566,2011
34041,186,5,191,2011
35000,732,0,732,2011
35001,823,270,1093,2011
35005,33,0,33,2011
35007,11,3,14,2011
35009,126,65,191,2011
35013,616,28,644,2011
35015,65,224,289,2011
35025,20,8,28,2011
35027,45,0,45,2011
35028,7,0,7,2011
35029,18,0,18,2011
35031,2,0,2,2011
35035,1,0,1,2011
35039,0,0,0,2011
35041,63,0,63,2011
35043,453,10,463,2011
35045,153,60,213,2011
35049,94,0,94,2011
35051,3,0,3,2011
35053,0,0,0,2011
35055,56,0,56,2011
35061,78,0,78,2011
36001,186,174,360,2011
36003,50,0,50,2011
36005,1,1115,1116,2011
36007,41,4,45,2011
36009,85,0,85,2011
36011,69,0,69,2011
36013,88,41,129,2011
36015,34,104,138,2011
36017,29,39,68,2011
36019,68,26,94,2011
36021,59,3,62,2011
36023,37,0,37,2011
36025,60,0,60,2011
36027,266,31,297,2011
36029,643,443,1086,2011
36031,59,0,59,2011
36033,57,0,57,2011
36035,88,0,88,2011
36037,19,0,19,2011
36039,78,0,78,2011
36041,27,0,27,2011
36043,81,0,81,2011
36045,209,84,293,2011
36047,0,1522,1522,2011
36049,84,0,84,2011
36051,54,67,121,2011
36053,63,2,65,2011
36055,634,348,982,2011
36057,37,86,123,2011
36059,311,542,853,2011
36061,1,2534,2535,2011
36063,147,82,229,2011
36065,155,18,173,2011
36067,475,465,940,2011
36069,256,49,305,2011
36071,381,512,893,2011
36073,20,10,30,2011
36075,159,56,215,2011
36077,37,0,37,2011
36079,38,113,151,2011
36081,83,3099,3182,2011
36083,105,50,155,2011
36085,179,402,581,2011
36087,92,197,289,2011
36089,154,6,160,2011
36091,456,642,1098,2011
36093,118,5,123,2011
36095,25,3,28,2011
36097,35,0,35,2011
36099,26,43,69,2011
36101,96,214,310,2011
36103,759,97,856,2011
36105,233,6,239,2011
36107,72,0,72,2011
36109,102,51,153,2011
36111,128,102,230,2011
36113,125,8,133,2011
36115,97,12,109,2011
36117,85,0,85,2011
36119,192,758,950,2011
36121,21,8,29,2011
36123,31,2,33,2011
37001,399,157,556,2011
37003,49,0,49,2011
37005,34,0,34,2011
37007,21,0,21,2011
37009,70,0,70,2011
37011,47,8,55,2011
37013,244,64,308,2011
37015,29,0,29,2011
37017,49,0,49,2011
37019,914,0,914,2011
37021,543,2,545,2011
37023,84,0,84,2011
37025,643,67,710,2011
37027,76,42,118,2011
37029,15,0,15,2011
37031,245,362,607,2011
37033,29,0,29,2011
37035,127,2,129,2011
37037,293,36,329,2011
37039,87,0,87,2011
37041,11,0,11,2011
37043,40,0,40,2011
37045,95,42,137,2011
37047,30,48,78,2011
37049,326,12,338,2011
37051,1059,1342,2401,2011
37053,137,0,137,2011
37055,151,0,151,2011
37057,222,0,222,2011
37059,35,6,41,2011
37061,43,8,51,2011
37063,923,360,1283,2011
37065,25,2,27,2011
37067,802,486,1288,2011
37069,126,0,126,2011
37071,350,274,624,2011
37073,28,0,28,2011
37075,14,0,14,2011
37077,142,0,142,2011
37079,9,0,9,2011
37081,760,921,1681,2011
37083,48,0,48,2011
37085,824,0,824,2011
37087,143,9,152,2011
37089,196,58,254,2011
37091,2,0,2,2011
37093,406,0,406,2011
37095,10,0,10,2011
37097,307,0,307,2011
37099,99,51,150,2011
37101,588,0,588,2011
37103,25,0,25,2011
37105,104,0,104,2011
37107,35,55,90,2011
37109,137,10,147,2011
37111,111,0,111,2011
37113,77,0,77,2011
37115,50,0,50,2011
37117,0,0,0,2011
37119,1949,1145,3094,2011
37121,32,0,32,2011
37123,108,0,108,2011
37125,396,0,396,2011
37127,141,24,165,2011
37129,438,286,724,2011
37131,16,0,16,2011
37133,1871,160,2031,2011
37135,258,2,260,2011
37137,36,0,36,2011
37139,54,0,54,2011
37141,193,0,193,2011
37143,38,0,38,2011
37145,52,0,52,2011
37147,296,40,336,2011
37149,41,0,41,2011
37151,189,72,261,2011
37153,82,36,118,2011
37155,93,12,105,2011
37157,105,0,105,2011
37159,98,8,106,2011
37161,93,0,93,2011
37163,70,0,70,2011
37165,19,0,19,2011
37167,98,0,98,2011
37169,50,0,50,2011
37171,83,0,83,2011
37173,54,0,54,2011
37175,62,0,62,2011
37177,7,0,7,2011
37179,692,0,692,2011
37181,36,0,36,2011
37183,4039,1613,5652,2011
37185,25,0,25,2011
37187,12,0,12,2011
37189,106,77,183,2011
37191,205,0,205,2011
37193,96,32,128,2011
37195,83,4,87,2011
37197,33,0,33,2011
37199,26,6,32,2011
38001,0,2,2,2011
38003,12,0,12,2011
38005,0,0,0,2011
38007,14,0,14,2011
38009,3,10,13,2011
38011,11,0,11,2011
38013,7,4,11,2011
38015,523,69,592,2011
38017,477,846,1323,2011
38019,2,0,2,2011
38021,0,0,0,2011
38023,30,40,70,2011
38025,11,0,11,2011
38027,2,0,2,2011
38029,5,0,5,2011
38031,2,0,2,2011
38033,13,0,13,2011
38035,96,247,343,2011
38037,0,0,0,2011
38039,0,0,0,2011
38041,5,0,5,2011
38043,0,0,0,2011
38045,1,0,1,2011
38047,1,0,1,2011
38049,27,7,34,2011
38051,0,0,0,2011
38053,25,126,151,2011
38055,44,9,53,2011
38057,22,0,22,2011
38059,113,139,252,2011
38061,102,0,102,2011
38063,6,0,6,2011
38065,1,0,1,2011
38067,1,0,1,2011
38069,1,4,5,2011
38071,21,16,37,2011
38073,4,0,4,2011
38075,6,0,6,2011
38077,23,8,31,2011
38079,1,0,1,2011
38081,5,0,5,2011
38083,3,0,3,2011
38085,0,0,0,2011
38087,0,0,0,2011
38089,193,126,319,2011
38091,0,0,0,2011
38093,18,0,18,2011
38095,0,0,0,2011
38097,3,10,13,2011
38099,2,4,6,2011
38101,542,643,1185,2011
38103,1,8,9,2011
38105,534,970,1504,2011
39001,0,0,0,2011
39003,35,16,51,2011
39005,35,2,37,2011
39007,64,0,64,2011
39009,7,67,74,2011
39011,55,3,58,2011
39013,5,2,7,2011
39015,43,0,43,2011
39017,393,8,401,2011
39019,5,0,5,2011
39021,22,0,22,2011
39023,52,90,142,2011
39025,322,131,453,2011
39027,22,0,22,2011
39029,12,0,12,2011
39031,3,0,3,2011
39033,11,0,11,2011
39035,401,75,476,2011
39037,28,0,28,2011
39039,24,0,24,2011
39041,610,58,668,2011
39043,48,0,48,2011
39045,155,16,171,2011
39047,20,0,20,2011
39049,1200,2175,3375,2011
39051,19,0,19,2011
39053,2,0,2,2011
39055,102,0,102,2011
39057,277,0,277,2011
39059,28,0,28,2011
39061,423,188,611,2011
39063,78,0,78,2011
39065,30,64,94,2011
39067,0,0,0,2011
39069,17,0,17,2011
39071,17,0,17,2011
39073,7,0,7,2011
39075,1,38,39,2011
39077,29,2,31,2011
39079,38,0,38,2011
39081,3,0,3,2011
39083,110,0,110,2011
39085,222,4,226,2011
39087,15,0,15,2011
39089,281,49,330,2011
39091,50,11,61,2011
39093,487,103,590,2011
39095,210,61,271,2011
39097,24,0,24,2011
39099,117,0,117,2011
39101,41,20,61,2011
39103,373,0,373,2011
39105,7,0,7,2011
39107,26,0,26,2011
39109,74,3,77,2011
39111,0,0,0,2011
39113,361,12,373,2011
39115,3,24,27,2011
39117,23,0,23,2011
39119,2,40,42,2011
39121,0,0,0,2011
39123,79,0,79,2011
39125,6,2,8,2011
39127,16,4,20,2011
39129,23,12,35,2011
39131,56,0,56,2011
39133,161,434,595,2011
39135,25,0,25,2011
39137,41,0,41,2011
39139,42,0,42,2011
39141,18,0,18,2011
39143,51,0,51,2011
39145,1,60,61,2011
39147,18,0,18,2011
39149,78,0,78,2011
39151,206,45,251,2011
39153,476,51,527,2011
39155,53,0,53,2011
39157,28,14,42,2011
39159,104,0,104,2011
39161,20,46,66,2011
39163,0,0,0,2011
39165,484,380,864,2011
39167,6,8,14,2011
39169,105,24,129,2011
39171,9,0,9,2011
39173,134,100,234,2011
39175,11,0,11,2011
40001,30,0,30,2011
40003,0,0,0,2011
40005,6,0,6,2011
40007,0,0,0,2011
40009,30,10,40,2011
40011,5,0,5,2011
40013,66,36,102,2011
40015,14,2,16,2011
40017,154,2,156,2011
40019,97,4,101,2011
40021,51,84,135,2011
40023,4,0,4,2011
40025,0,0,0,2011
40027,623,39,662,2011
40029,0,0,0,2011
40031,256,24,280,2011
40033,4,0,4,2011
40035,3,0,3,2011
40037,55,0,55,2011
40039,60,16,76,2011
40041,19,0,19,2011
40043,0,0,0,2011
40045,1,0,1,2011
40047,26,2,28,2011
40049,6,0,6,2011
40051,66,0,66,2011
40053,0,0,0,2011
40055,4,0,4,2011
40059,0,0,0,2011
40061,5,0,5,2011
40063,26,0,26,2011
40065,33,0,33,2011
40067,0,6,6,2011
40069,5,0,5,2011
40071,8,0,8,2011
40073,19,0,19,2011
40075,0,0,0,2011
40077,0,3,3,2011
40079,62,0,62,2011
40081,11,0,11,2011
40083,14,6,20,2011
40085,0,0,0,2011
40087,175,16,191,2011
40089,10,8,18,2011
40091,10,4,14,2011
40093,0,2,2,2011
40095,7,0,7,2011
40097,8,0,8,2011
40099,9,4,13,2011
40101,27,0,27,2011
40103,0,0,0,2011
40105,0,0,0,2011
40107,15,0,15,2011
40109,2036,119,2155,2011
40111,3,0,3,2011
40113,102,24,126,2011
40115,8,0,8,2011
40117,8,0,8,2011
40119,73,218,291,2011
40121,24,0,24,2011
40123,5,0,5,2011
40125,70,153,223,2011
40127,1,0,1,2011
40129,0,0,0,2011
40131,260,0,260,2011
40133,26,11,37,2011
40135,34,10,44,2011
40137,33,0,33,2011
40139,10,0,10,2011
40141,1,0,1,2011
40143,1458,1508,2966,2011
40145,147,0,147,2011
40147,112,16,128,2011
40149,0,0,0,2011
40151,1,0,1,2011
40153,7,12,19,2011
41000,72,0,72,2011
41001,31,0,31,2011
41003,66,298,364,2011
41005,800,372,1172,2011
41007,91,38,129,2011
41009,27,0,27,2011
41011,16,0,16,2011
41013,57,0,57,2011
41015,21,0,21,2011
41017,457,2,459,2011
41019,96,4,100,2011
41025,4,0,4,2011
41027,58,14,72,2011
41029,254,108,362,2011
41031,15,0,15,2011
41033,68,2,70,2011
41035,57,0,57,2011
41037,10,0,10,2011
41039,351,319,670,2011
41041,94,0,94,2011
41043,130,50,180,2011
41045,13,0,13,2011
41047,260,112,372,2011
41049,7,40,47,2011
41051,502,915,1417,2011
41053,59,0,59,2011
41057,74,2,76,2011
41059,50,10,60,2011
41061,33,2,35,2011
41067,924,485,1409,2011
41071,157,36,193,2011
42001,146,2,148,2011
42003,1196,104,1300,2011
42005,41,2,43,2011
42007,169,6,175,2011
42009,54,64,118,2011
42011,267,39,306,2011
42013,69,6,75,2011
42015,87,0,87,2011
42017,416,38,454,2011
42019,429,80,509,2011
42021,62,0,62,2011
42023,0,0,0,2011
42025,97,0,97,2011
42027,207,52,259,2011
42029,783,151,934,2011
42031,29,15,44,2011
42033,62,0,62,2011
42035,27,8,35,2011
42037,71,18,89,2011
42039,60,0,60,2011
42041,503,149,652,2011
42043,373,12,385,2011
42045,190,0,190,2011
42047,20,0,20,2011
42049,140,171,311,2011
42051,159,0,159,2011
42053,7,0,7,2011
42055,211,16,227,2011
42057,17,0,17,2011
42059,37,0,37,2011
42061,65,10,75,2011
42063,31,42,73,2011
42065,61,0,61,2011
42067,22,7,29,2011
42069,148,19,167,2011
42071,731,473,1204,2011
42073,33,2,35,2011
42075,159,16,175,2011
42077,407,2,409,2011
42079,191,9,200,2011
42081,76,80,156,2011
42083,21,0,21,2011
42085,86,0,86,2011
42087,24,31,55,2011
42089,197,0,197,2011
42091,668,241,909,2011
42093,24,0,24,2011
42095,369,67,436,2011
42097,53,2,55,2011
42099,76,0,76,2011
42101,445,1107,1552,2011
42103,102,6,108,2011
42105,16,0,16,2011
42107,101,0,101,2011
42109,57,4,61,2011
42111,46,0,46,2011
42113,10,0,10,2011
42115,56,0,56,2011
42117,78,2,80,2011
42119,37,0,37,2011
42121,33,0,33,2011
42123,26,0,26,2011
42125,359,32,391,2011
42127,98,0,98,2011
42129,301,36,337,2011
42131,72,0,72,2011
42133,582,56,638,2011
44001,20,2,22,2011
44003,52,12,64,2011
44005,86,0,86,2011
44007,221,56,277,2011
44009,192,59,251,2011
45001,32,0,32,2011
45003,611,160,771,2011
45005,1,0,1,2011
45007,268,12,280,2011
45009,4,0,4,2011
45011,15,0,15,2011
45013,299,156,455,2011
45015,870,137,1007,2011
45017,15,2,17,2011
45019,1258,1088,2346,2011
45021,71,0,71,2011
45023,32,0,32,2011
45025,20,0,20,2011
45027,44,0,44,2011
45029,38,8,46,2011
45031,75,0,75,2011
45033,14,0,14,2011
45035,469,0,469,2011
45037,47,0,47,2011
45039,30,0,30,2011
45041,257,57,314,2011
45043,149,0,149,2011
45045,1337,88,1425,2011
45047,47,0,47,2011
45049,10,0,10,2011
45051,1481,295,1776,2011
45053,119,63,182,2011
45055,179,0,179,2011
45057,105,0,105,2011
45059,58,0,58,2011
45061,4,0,4,2011
45063,1162,216,1378,2011
45065,22,0,22,2011
45067,18,0,18,2011
45069,11,0,11,2011
45071,57,0,57,2011
45073,143,26,169,2011
45075,57,23,80,2011
45077,244,22,266,2011
45079,981,289,1270,2011
45081,23,0,23,2011
45083,532,0,532,2011
45085,345,0,345,2011
45087,17,0,17,2011
45089,24,0,24,2011
45091,1257,48,1305,2011
46003,10,0,10,2011
46005,30,46,76,2011
46007,0,0,0,2011
46009,12,0,12,2011
46011,92,42,134,2011
46013,121,80,201,2011
46015,6,0,6,2011
46019,19,0,19,2011
46021,0,0,0,2011
46023,3,0,3,2011
46025,14,11,25,2011
46027,18,30,48,2011
46029,51,50,101,2011
46031,0,0,0,2011
46033,52,0,52,2011
46035,30,2,32,2011
46037,22,0,22,2011
46039,7,0,7,2011
46041,0,0,0,2011
46043,5,0,5,2011
46045,10,12,22,2011
46047,2,0,2,2011
46049,3,0,3,2011
46051,12,0,12,2011
46053,9,0,9,2011
46055,0,0,0,2011
46057,21,0,21,2011
46059,4,0,4,2011
46061,0,0,0,2011
46063,0,0,0,2011
46065,42,14,56,2011
46067,8,0,8,2011
46069,0,0,0,2011
46071,0,0,0,2011
46073,4,0,4,2011
46075,3,4,7,2011
46077,11,0,11,2011
46079,12,4,16,2011
46081,88,20,108,2011
46083,95,48,143,2011
46085,3,0,3,2011
46087,8,0,8,2011
46089,1,0,1,2011
46091,11,12,23,2011
46093,63,0,63,2011
46095,2,0,2,2011
46097,7,10,17,2011
46099,599,361,960,2011
46101,12,0,12,2011
46103,247,102,349,2011
46105,0,0,0,2011
46107,0,0,0,2011
46109,20,0,20,2011
46111,7,0,7,2011
46115,20,0,20,2011
46117,11,0,11,2011
46119,6,0,6,2011
46121,0,0,0,2011
46123,2,0,2,2011
46125,14,4,18,2011
46127,69,0,69,2011
46129,1,0,1,2011
46135,42,0,42,2011
47001,64,0,64,2011
47003,50,8,58,2011
47005,2,48,50,2011
47009,140,48,188,2011
47011,203,71,274,2011
47013,132,0,132,2011
47015,9,0,9,2011
47017,6,0,6,2011
47019,75,5,80,2011
47021,38,7,45,2011
47023,11,0,11,2011
47025,51,38,89,2011
47029,4,0,4,2011
47031,62,0,62,2011
47033,0,0,0,2011
47035,154,22,176,2011
47037,1112,854,1966,2011
47039,0,0,0,2011
47041,5,0,5,2011
47043,80,8,88,2011
47045,48,0,48,2011
47047,125,0,125,2011
47049,0,0,0,2011
47051,77,48,125,2011
47053,159,2,161,2011
47055,4,0,4,2011
47057,0,0,0,2011
47059,105,2,107,2011
47061,0,0,0,2011
47063,58,0,58,2011
47065,732,363,1095,2011
47067,0,0,0,2011
47069,24,0,24,2011
47071,11,0,11,2011
47073,15,0,15,2011
47075,12,0,12,2011
47077,9,0,9,2011
47079,9,2,11,2011
47081,2,0,2,2011
47083,1,0,1,2011
47085,1,0,1,2011
47089,68,8,76,2011
47091,2,0,2,2011
47093,731,10,741,2011
47095,7,2,9,2011
47097,29,0,29,2011
47099,2,2,4,2011
47101,6,0,6,2011
47103,50,88,138,2011
47105,142,0,142,2011
47107,13,0,13,2011
47109,8,0,8,2011
47111,9,58,67,2011
47113,163,0,163,2011
47115,50,0,50,2011
47117,48,0,48,2011
47119,387,15,402,2011
47121,28,0,28,2011
47123,53,0,53,2011
47125,1340,510,1850,2011
47127,16,0,16,2011
47129,2,0,2,2011
47131,15,0,15,2011
47133,3,0,3,2011
47135,0,0,0,2011
47139,100,2,102,2011
47141,185,114,299,2011
47143,44,0,44,2011
47145,12,0,12,2011
47147,142,0,142,2011
47149,858,8,866,2011
47151,6,0,6,2011
47153,15,0,15,2011
47155,51,147,198,2011
47157,845,555,1400,2011
47159,25,0,25,2011
47161,1,0,1,2011
47163,173,21,194,2011
47165,422,0,422,2011
47167,61,0,61,2011
47169,24,0,24,2011
47171,2,0,2,2011
47173,45,0,45,2011
47177,40,2,42,2011
47179,280,37,317,2011
47181,1,0,1,2011
47183,35,0,35,2011
47185,5,0,5,2011
47187,751,310,1061,2011
47189,628,49,677,2011
48001,13,0,13,2011
48003,60,0,60,2011
48005,120,288,408,2011
48007,70,0,70,2011
48009,9,0,9,2011
48011,0,0,0,2011
48013,66,2,68,2011
48015,17,0,17,2011
48017,4,0,4,2011
48019,1,0,1,2011
48021,80,0,80,2011
48023,0,0,0,2011
48025,9,0,9,2011
48027,1646,379,2025,2011
48029,2442,2519,4961,2011
48031,2,0,2,2011
48035,3,0,3,2011
48037,46,270,316,2011
48039,1562,379,1941,2011
48041,601,825,1426,2011
48043,15,2,17,2011
48047,0,0,0,2011
48049,28,0,28,2011
48051,11,0,11,2011
48053,136,0,136,2011
48055,12,0,12,2011
48057,65,0,65,2011
48059,4,0,4,2011
48061,1053,83,1136,2011
48063,0,0,0,2011
48065,0,0,0,2011
48067,2,0,2,2011
48069,0,32,32,2011
48071,216,0,216,2011
48073,68,6,74,2011
48075,0,0,0,2011
48077,1,0,1,2011
48079,0,0,0,2011
48081,2,0,2,2011
48083,1,0,1,2011
48085,4396,1054,5450,2011
48087,0,0,0,2011
48089,8,0,8,2011
48091,1016,0,1016,2011
48093,0,0,0,2011
48097,15,0,15,2011
48099,164,14,178,2011
48101,0,0,0,2011
48103,0,0,0,2011
48107,6,0,6,2011
48109,1,0,1,2011
48111,16,0,16,2011
48113,2569,5983,8552,2011
48115,1,0,1,2011
48117,4,0,4,2011
48119,2,0,2,2011
48121,1414,1929,3343,2011
48123,4,0,4,2011
48127,5,0,5,2011
48129,0,0,0,2011
48133,2,0,2,2011
48135,336,404,740,2011
48139,503,228,731,2011
48141,3280,873,4153,2011
48143,36,12,48,2011
48145,2,0,2,2011
48147,6,0,6,2011
48149,7,0,7,2011
48151,0,0,0,2011
48153,0,0,0,2011
48157,5110,488,5598,2011
48159,2,0,2,2011
48161,10,0,10,2011
48163,11,0,11,2011
48165,17,6,23,2011
48167,1823,30,1853,2011
48169,0,0,0,2011
48171,33,0,33,2011
48177,1,0,1,2011
48179,3,0,3,2011
48181,62,14,76,2011
48183,222,208,430,2011
48185,13,0,13,2011
48187,647,176,823,2011
48189,5,0,5,2011
48191,0,0,0,2011
48193,1,0,1,2011
48195,0,0,0,2011
48197,0,0,0,2011
48199,73,0,73,2011
48201,11107,6231,17338,2011
48203,47,80,127,2011
48207,2,0,2,2011
48209,996,1478,2474,2011
48211,0,0,0,2011
48213,56,0,56,2011
48215,2922,183,3105,2011
48217,6,0,6,2011
48219,8,0,8,2011
48221,94,16,110,2011
48223,8,6,14,2011
48225,6,0,6,2011
48227,5,0,5,2011
48231,35,6,41,2011
48233,1,0,1,2011
48237,6,0,6,2011
48239,8,0,8,2011
48241,2,0,2,2011
48245,581,162,743,2011
48249,23,0,23,2011
48251,415,0,415,2011
48253,0,0,0,2011
48255,24,0,24,2011
48257,152,4,156,2011
48259,204,0,204,2011
48265,41,0,41,2011
48267,1,0,1,2011
48271,0,0,0,2011
48273,18,23,41,2011
48277,28,13,41,2011
48279,7,0,7,2011
48281,5,0,5,2011
48283,6,0,6,2011
48285,18,0,18,2011
48287,7,0,7,2011
48291,252,8,260,2011
48293,26,0,26,2011
48295,1,0,1,2011
48297,2,0,2,2011
48299,150,0,150,2011
48303,686,815,1501,2011
48305,3,0,3,2011
48307,0,0,0,2011
48309,441,82,523,2011
48313,16,0,16,2011
48315,2,0,2,2011
48317,2,0,2,2011
48319,6,0,6,2011
48321,63,0,63,2011
48323,66,70,136,2011
48325,22,0,22,2011
48329,539,0,539,2011
48331,1,0,1,2011
48335,0,0,0,2011
48337,1,0,1,2011
48339,2795,1214,4009,2011
48341,10,24,34,2011
48343,0,0,0,2011
48347,50,14,64,2011
48349,17,11,28,2011
48351,0,0,0,2011
48353,0,0,0,2011
48355,701,258,959,2011
48357,2,0,2,2011
48359,1,0,1,2011
48361,201,162,363,2011
48363,8,0,8,2011
48365,3,16,19,2011
48367,282,0,282,2011
48369,0,0,0,2011
48371,6,0,6,2011
48373,238,0,238,2011
48375,605,43,648,2011
48377,2,0,2,2011
48379,2,0,2,2011
48381,51,4,55,2011
48383,4,0,4,2011
48385,0,0,0,2011
48387,6,0,6,2011
48389,1,0,1,2011
48391,2,0,2,2011
48395,7,0,7,2011
48397,411,0,411,2011
48399,2,0,2,2011
48401,7,0,7,2011
48403,0,0,0,2011
48405,0,0,0,2011
48407,2,0,2,2011
48409,113,0,113,2011
48411,0,0,0,2011
48413,2,0,2,2011
48415,49,40,89,2011
48419,5,0,5,2011
48421,6,2,8,2011
48423,185,77,262,2011
48425,8,0,8,2011
48429,2,0,2,2011
48435,0,0,0,2011
48437,0,0,0,2011
48439,3837,1584,5421,2011
48441,149,6,155,2011
48445,0,0,0,2011
48449,7,0,7,2011
48451,145,0,145,2011
48453,3292,2469,5761,2011
48455,6,0,6,2011
48457,0,0,0,2011
48459,10,30,40,2011
48461,1,0,1,2011
48463,21,125,146,2011
48465,47,6,53,2011
48467,9,0,9,2011
48469,83,0,83,2011
48471,46,0,46,2011
48473,5,32,37,2011
48475,12,0,12,2011
48477,56,0,56,2011
48479,640,316,956,2011
48481,10,0,10,2011
48483,0,0,0,2011
48485,111,49,160,2011
48487,0,0,0,2011
48489,19,0,19,2011
48491,1851,61,1912,2011
48493,12,20,32,2011
48495,1,0,1,2011
48497,23,0,23,2011
48499,2,0,2,2011
48501,5,0,5,2011
48503,5,0,5,2011
48507,6,0,6,2011
49001,13,0,13,2011
49003,173,60,233,2011
49005,261,247,508,2011
49007,34,0,34,2011
49009,11,0,11,2011
49011,774,574,1348,2011
49013,77,12,89,2011
49015,22,0,22,2011
49017,25,2,27,2011
49019,60,124,184,2011
49021,62,6,68,2011
49023,12,0,12,2011
49025,30,0,30,2011
49027,13,0,13,2011
49029,34,5,39,2011
49031,3,0,3,2011
49033,24,0,24,2011
49035,1853,1284,3137,2011
49037,31,30,61,2011
49039,22,0,22,2011
49041,31,2,33,2011
49043,100,8,108,2011
49045,188,24,212,2011
49047,163,98,261,2011
49049,1440,480,1920,2011
49051,152,53,205,2011
49053,854,39,893,2011
49055,11,0,11,2011
49057,387,75,462,2011
50001,61,15,76,2011
50003,48,4,52,2011
50005,40,0,40,2011
50007,181,377,558,2011
50009,6,0,6,2011
50011,104,3,107,2011
50013,16,0,16,2011
50015,41,2,43,2011
50017,23,0,23,2011
50019,40,65,105,2011
50021,34,2,36,2011
50023,91,20,111,2011
50025,62,4,66,2011
50027,58,2,60,2011
51001,67,0,67,2011
51003,384,288,672,2011
51005,10,0,10,2011
51007,22,0,22,2011
51009,39,4,43,2011
51011,54,8,62,2011
51013,193,1752,1945,2011
51015,123,96,219,2011
51017,11,0,11,2011
51019,171,96,267,2011
51021,10,0,10,2011
51023,55,0,55,2011
51025,43,0,43,2011
51027,12,0,12,2011
51029,30,0,30,2011
51031,93,2,95,2011
51033,62,0,62,2011
51035,51,0,51,2011
51036,27,0,27,2011
51037,34,0,34,2011
51041,605,79,684,2011
51043,17,0,17,2011
51045,64,0,64,2011
51047,137,2,139,2011
51049,19,0,19,2011
51051,23,0,23,2011
51053,62,0,62,2011
51057,24,0,24,2011
51059,785,0,785,2011
51061,169,0,169,2011
51063,42,0,42,2011
51065,57,4,61,2011
51067,114,0,114,2011
51069,229,153,382,2011
51071,26,0,26,2011
51073,89,4,93,2011
51075,47,0,47,2011
51077,32,0,32,2011
51079,84,0,84,2011
51081,27,0,27,2011
51083,124,0,124,2011
51085,314,0,314,2011
51087,613,27,640,2011
51089,53,0,53,2011
51091,13,0,13,2011
51093,94,0,94,2011
51095,318,42,360,2011
51097,20,0,20,2011
51099,68,0,68,2011
51101,45,0,45,2011
51103,63,2,65,2011
51105,17,7,24,2011
51107,2350,720,3070,2011
51109,108,0,108,2011
51111,22,0,22,2011
51113,31,0,31,2011
51115,22,0,22,2011
51117,90,2,92,2011
51119,29,10,39,2011
51121,216,0,216,2011
51125,45,0,45,2011
51127,156,0,156,2011
51131,44,0,44,2011
51133,47,0,47,2011
51135,22,0,22,2011
51137,71,0,71,2011
51139,37,0,37,2011
51141,33,0,33,2011
51143,63,55,118,2011
51145,68,0,68,2011
51147,70,2,72,2011
51149,37,0,37,2011
51153,1251,294,1545,2011
51155,37,8,45,2011
51157,14,0,14,2011
51159,13,0,13,2011
51161,176,32,208,2011
51163,53,0,53,2011
51165,219,0,219,2011
51167,29,0,29,2011
51169,24,0,24,2011
51171,87,10,97,2011
51173,25,0,25,2011
51175,43,4,47,2011
51177,248,0,248,2011
51179,471,0,471,2011
51181,18,0,18,2011
51183,15,0,15,2011
51185,39,0,39,2011
51187,57,0,57,2011
51191,94,24,118,2011
51193,72,0,72,2011
51195,27,2,29,2011
51197,55,12,67,2011
51199,89,0,89,2011
51510,105,654,759,2011
51515,1,0,1,2011
51520,34,0,34,2011
51530,2,0,2,2011
51540,49,97,146,2011
51550,653,391,1044,2011
51570,6,0,6,2011
51580,2,0,2,2011
51590,24,0,24,2011
51595,10,9,19,2011
51600,52,0,52,2011
51610,10,0,10,2011
51620,2,0,2,2011
51630,110,302,412,2011
51640,3,0,3,2011
51650,164,278,442,2011
51660,29,0,29,2011
51670,24,0,24,2011
51678,1,4,5,2011
51680,61,0,61,2011
51683,44,0,44,2011
51685,3,0,3,2011
51690,5,0,5,2011
51700,146,639,785,2011
51710,225,294,519,2011
51720,3,6,9,2011
51730,10,0,10,2011
51735,17,0,17,2011
51740,153,0,153,2011
51750,8,35,43,2011
51760,92,251,343,2011
51770,46,6,52,2011
51775,17,0,17,2011
51790,25,0,25,2011
51800,265,13,278,2011
51810,535,944,1479,2011
51820,32,2,34,2011
51830,29,0,29,2011
51840,26,6,32,2011
53001,22,2,24,2011
53003,16,0,16,2011
53005,781,346,1127,2011
53007,154,0,154,2011
53009,114,40,154,2011
53011,688,273,961,2011
53013,2,2,4,2011
53015,113,0,113,2011
53017,92,0,92,2011
53019,13,0,13,2011
53021,558,12,570,2011
53023,2,0,2,2011
53025,171,16,187,2011
53027,104,10,114,2011
53029,164,0,164,2011
53031,80,6,86,2011
53033,2765,3378,6143,2011
53035,451,89,540,2011
53037,169,5,174,2011
53039,54,4,58,2011
53041,82,11,93,2011
53043,30,2,32,2011
53045,134,0,134,2011
53047,120,10,130,2011
53049,111,0,111,2011
53051,48,0,48,2011
53053,1494,1072,2566,2011
53055,105,0,105,2011
53057,179,0,179,2011
53059,34,0,34,2011
53061,1819,702,2521,2011
53063,740,1045,1785,2011
53065,52,2,54,2011
53067,858,170,1028,2011
53069,10,0,10,2011
53071,80,122,202,2011
53073,419,186,605,2011
53075,33,60,93,2011
53077,298,140,438,2011
54001,6,2,8,2011
54003,324,0,324,2011
54005,15,0,15,2011
54007,0,0,0,2011
54009,7,0,7,2011
54011,66,105,171,2011
54015,18,0,18,2011
54019,34,3,37,2011
54021,1,2,3,2011
54023,16,20,36,2011
54025,86,13,99,2011
54027,38,0,38,2011
54029,9,0,9,2011
54031,34,0,34,2011
54033,55,57,112,2011
54035,2,0,2,2011
54037,135,0,135,2011
54039,120,14,134,2011
54041,0,0,0,2011
54043,4,0,4,2011
54045,13,0,13,2011
54047,0,0,0,2011
54049,5,0,5,2011
54051,0,0,0,2011
54053,1,0,1,2011
54055,2,6,8,2011
54057,48,0,48,2011
54059,0,0,0,2011
54061,36,362,398,2011
54063,0,0,0,2011
54065,37,0,37,2011
54067,0,0,0,2011
54069,14,6,20,2011
54071,22,0,22,2011
54073,7,0,7,2011
54075,0,0,0,2011
54077,1,0,1,2011
54079,108,16,124,2011
54081,119,0,119,2011
54083,4,6,10,2011
54085,1,0,1,2011
54087,33,0,33,2011
54089,27,0,27,2011
54091,2,0,2,2011
54093,2,4,6,2011
54095,0,0,0,2011
54097,34,0,34,2011
54099,23,0,23,2011
54101,0,0,0,2011
54103,2,12,14,2011
54105,5,0,5,2011
54107,72,4,76,2011
54109,0,0,0,2011
55001,50,0,50,2011
55003,20,8,28,2011
55005,64,6,70,2011
55007,67,0,67,2011
55009,347,362,709,2011
55011,18,0,18,2011
55013,97,0,97,2011
55015,63,0,63,2011
55017,121,14,135,2011
55019,37,2,39,2011
55021,36,4,40,2011
55023,30,4,34,2011
55025,650,721,1371,2011
55027,79,34,113,2011
55029,96,36,132,2011
55031,71,6,77,2011
55033,64,12,76,2011
55035,124,105,229,2011
55037,22,0,22,2011
55039,86,151,237,2011
55041,34,0,34,2011
55043,34,62,96,2011
55045,17,0,17,2011
55047,30,8,38,2011
55049,32,0,32,2011
55051,25,0,25,2011
55053,52,0,52,2011
55055,83,2,85,2011
55057,89,6,95,2011
55059,120,107,227,2011
55061,26,8,34,2011
55063,232,46,278,2011
55065,18,0,18,2011
55067,33,0,33,2011
55069,57,0,57,2011
55071,58,36,94,2011
55073,200,76,276,2011
55075,80,0,80,2011
55077,20,2,22,2011
55078,3,0,3,2011
55079,231,571,802,2011
55081,103,54,157,2011
55083,111,26,137,2011
55085,142,0,142,2011
55087,235,350,585,2011
55089,110,22,132,2011
55091,15,0,15,2011
55093,37,29,66,2011
55095,46,0,46,2011
55097,83,48,131,2011
55099,46,0,46,2011
55101,99,8,107,2011
55103,22,0,22,2011
55105,95,4,99,2011
55107,45,0,45,2011
55109,123,36,159,2011
55111,68,50,118,2011
55113,80,0,80,2011
55115,52,2,54,2011
55117,51,22,73,2011
55119,19,18,37,2011
55121,44,20,64,2011
55123,43,2,45,2011
55125,121,2,123,2011
55127,93,29,122,2011
55129,49,2,51,2011
55131,133,69,202,2011
55133,441,16,457,2011
55135,66,30,96,2011
55137,47,0,47,2011
55139,200,185,385,2011
55141,67,24,91,2011
56001,145,318,463,2011
56003,12,0,12,2011
56005,201,0,201,2011
56007,28,0,28,2011
56009,27,20,47,2011
56011,14,0,14,2011
56013,19,2,21,2011
56015,2,0,2,2011
56017,1,0,1,2011
56019,3,0,3,2011
56021,275,4,279,2011
56023,40,0,40,2011
56025,256,146,402,2011
56027,3,0,3,2011
56029,101,12,113,2011
56031,10,0,10,2011
56033,101,57,158,2011
56035,13,12,25,2011
56037,102,20,122,2011
56039,60,58,118,2011
56041,34,0,34,2011
56043,2,12,14,2011
56045,4,0,4,2011
01001,129,256,385,2012
01003,1184,0,1184,2012
01005,2,0,2,2012
01007,16,0,16,2012
01009,6,0,6,2012
01011,0,0,0,2012
01013,9,0,9,2012
01015,71,0,71,2012
01017,9,0,9,2012
01019,9,0,9,2012
01021,17,0,17,2012
01023,1,0,1,2012
01025,8,0,8,2012
01027,0,0,0,2012
01029,1,0,1,2012
01031,91,0,91,2012
01033,96,70,166,2012
01035,1,0,1,2012
01037,0,0,0,2012
01039,13,0,13,2012
01041,4,0,4,2012
01043,48,0,48,2012
01045,71,0,71,2012
01047,11,0,11,2012
01049,23,0,23,2012
01051,126,90,216,2012
01053,4,0,4,2012
01055,90,0,90,2012
01057,0,0,0,2012
01059,5,3,8,2012
01061,7,0,7,2012
01063,4,0,4,2012
01065,14,0,14,2012
01067,22,0,22,2012
01069,206,319,525,2012
01071,17,0,17,2012
01073,1116,1214,2330,2012
01075,0,0,0,2012
01077,66,224,290,2012
01079,0,0,0,2012
01081,650,56,706,2012
01083,88,0,88,2012
01085,4,0,4,2012
01087,3,0,3,2012
01089,1839,420,2259,2012
01091,1,0,1,2012
01093,7,0,7,2012
01095,40,0,40,2012
01097,712,184,896,2012
01099,2,0,2,2012
01101,517,128,645,2012
01103,142,0,142,2012
01105,0,0,0,2012
01107,2,0,2,2012
01109,30,402,432,2012
01111,0,0,0,2012
01113,419,227,646,2012
01115,79,0,79,2012
01117,604,240,844,2012
01119,2,0,2,2012
01121,23,28,51,2012
01123,12,56,68,2012
01125,496,405,901,2012
01127,9,0,9,2012
01129,1,0,1,2012
01131,0,0,0,2012
01133,5,0,5,2012
02000,62,0,62,2012
02013,0,0,0,2012
02016,1,0,1,2012
02020,497,35,532,2012
02050,2,0,2,2012
02060,0,0,0,2012
02090,46,0,46,2012
02100,3,0,3,2012
02110,27,27,54,2012
02122,52,21,73,2012
02130,19,4,23,2012
02150,10,9,19,2012
02170,33,10,43,2012
02180,1,43,44,2012
02185,33,10,43,2012
02188,1,0,1,2012
02201,0,0,0,2012
02220,14,2,16,2012
02232,4,15,19,2012
02261,6,0,6,2012
02280,7,0,7,2012
02282,0,0,0,2012
02290,0,0,0,2012
04001,21,0,21,2012
04003,278,88,366,2012
04005,206,612,818,2012
04007,51,0,51,2012
04009,77,5,82,2012
04011,2,0,2,2012
04012,2,4,6,2012
04013,10189,3942,14131,2012
04015,323,22,345,2012
04017,91,2,93,2012
04019,2175,666,2841,2012
04021,1742,94,1836,2012
04023,34,0,34,2012
04025,444,8,452,2012
04027,554,94,648,2012
05001,19,3,22,2012
05003,1,0,1,2012
05005,42,0,42,2012
05007,1116,156,1272,2012
05009,17,0,17,2012
05011,3,0,3,2012
05013,0,0,0,2012
05015,14,0,14,2012
05017,2,0,2,2012
05019,8,36,44,2012
05021,8,4,12,2012
05023,14,0,14,2012
05025,0,0,0,2012
05027,8,2,10,2012
05029,4,6,10,2012
05031,443,538,981,2012
05033,97,16,113,2012
05035,62,12,74,2012
05037,12,0,12,2012
05039,0,0,0,2012
05041,14,4,18,2012
05043,4,7,11,2012
05045,301,184,485,2012
05047,2,0,2,2012
05049,0,0,0,2012
05051,44,0,44,2012
05053,14,0,14,2012
05055,122,44,166,2012
05057,1,0,1,2012
05059,1,0,1,2012
05061,3,0,3,2012
05063,23,16,39,2012
05065,1,0,1,2012
05067,6,0,6,2012
05069,34,72,106,2012
05071,41,0,41,2012
05073,0,0,0,2012
05075,1,0,1,2012
05077,0,0,0,2012
05079,1,24,25,2012
05081,2,0,2,2012
05083,11,0,11,2012
05085,275,311,586,2012
05087,0,0,0,2012
05089,3,0,3,2012
05091,38,54,92,2012
05093,30,44,74,2012
05095,3,0,3,2012
05099,0,0,0,2012
05101,1,0,1,2012
05103,2,0,2,2012
05105,1,0,1,2012
05107,30,0,30,2012
05111,7,0,7,2012
05113,4,0,4,2012
05115,64,27,91,2012
05117,3,0,3,2012
05119,823,955,1778,2012
05121,9,0,9,2012
05123,45,0,45,2012
05125,437,12,449,2012
05127,2,0,2,2012
05129,2,0,2,2012
05131,287,91,378,2012
05133,12,0,12,2012
05135,15,0,15,2012
05137,42,6,48,2012
05139,3,72,75,2012
05141,3,3,6,2012
05143,642,4,646,2012
05145,133,111,244,2012
05147,4,0,4,2012
05149,1,0,1,2012
06001,1373,1372,2745,2012
06003,1,0,1,2012
06005,110,0,110,2012
06007,213,138,351,2012
06009,29,0,29,2012
06011,16,0,16,2012
06013,1268,883,2151,2012
06015,32,0,32,2012
06017,182,79,261,2012
06019,1511,333,1844,2012
06021,39,0,39,2012
06023,93,84,177,2012
06025,211,76,287,2012
06027,8,0,8,2012
06029,1428,577,2005,2012
06031,272,0,272,2012
06033,38,50,88,2012
06035,9,3,12,2012
06037,2675,8690,11365,2012
06039,115,42,157,2012
06041,118,118,236,2012
06043,28,0,28,2012
06045,72,0,72,2012
06047,71,66,137,2012
06049,4,0,4,2012
06051,19,0,19,2012
06053,110,136,246,2012
06055,104,8,112,2012
06057,92,0,92,2012
06059,2271,3811,6082,2012
06061,1189,119,1308,2012
06063,23,0,23,2012
06065,3107,945,4052,2012
06067,1231,315,1546,2012
06069,41,0,41,2012
06071,1381,516,1897,2012
06073,2197,3469,5666,2012
06075,22,3067,3089,2012
06077,1006,0,1006,2012
06079,335,82,417,2012
06081,314,628,942,2012
06083,255,206,461,2012
06085,1460,4031,5491,2012
06087,169,68,237,2012
06089,192,13,205,2012
06091,3,0,3,2012
06093,56,0,56,2012
06095,479,59,538,2012
06097,312,248,560,2012
06099,183,102,285,2012
06101,23,15,38,2012
06103,58,0,58,2012
06105,5,0,5,2012
06107,544,129,673,2012
06109,37,0,37,2012
06111,278,288,566,2012
06113,246,47,293,2012
06115,78,0,78,2012
08001,793,222,1015,2012
08003,33,27,60,2012
08005,955,762,1717,2012
08007,53,0,53,2012
08009,0,0,0,2012
08011,1,0,1,2012
08013,471,824,1295,2012
08014,160,1850,2010,2012
08015,93,0,93,2012
08017,1,0,1,2012
08019,6,0,6,2012
08021,13,0,13,2012
08023,22,0,22,2012
08025,0,0,0,2012
08027,54,0,54,2012
08029,10,0,10,2012
08031,1056,4522,5578,2012
08033,1,0,1,2012
08035,1705,595,2300,2012
08037,89,6,95,2012
08039,45,0,45,2012
08041,2373,601,2974,2012
08043,50,2,52,2012
08045,36,60,96,2012
08047,8,0,8,2012
08049,137,45,182,2012
08051,45,2,47,2012
08053,4,0,4,2012
08055,24,0,24,2012
08057,0,0,0,2012
08059,807,203,1010,2012
08061,2,0,2,2012
08063,0,0,0,2012
08065,20,0,20,2012
08067,159,13,172,2012
08069,1139,729,1868,2012
08071,35,0,35,2012
08073,8,0,8,2012
08075,10,0,10,2012
08077,323,32,355,2012
08079,4,4,8,2012
08081,11,0,11,2012
08083,12,0,12,2012
08085,51,0,51,2012
08087,18,0,18,2012
08089,4,0,4,2012
08091,23,0,23,2012
08093,71,0,71,2012
08095,6,8,14,2012
08097,23,0,23,2012
08099,3,0,3,2012
08101,172,94,266,2012
08103,8,0,8,2012
08105,15,0,15,2012
08107,54,0,54,2012
08109,32,0,32,2012
08111,6,0,6,2012
08113,25,0,25,2012
08115,2,0,2,2012
08117,115,24,139,2012
08119,37,0,37,2012
08121,1,0,1,2012
08123,1182,59,1241,2012
08125,1,0,1,2012
09001,634,1504,2138,2012
09003,563,275,838,2012
09005,144,10,154,2012
09007,229,20,249,2012
09009,466,203,669,2012
09011,261,30,291,2012
09013,147,89,236,2012
09015,90,4,94,2012
10001,695,170,865,2012
10003,714,508,1222,2012
10005,1481,523,2004,2012
11001,271,3552,3823,2012
12001,362,227,589,2012
12003,29,0,29,2012
12005,400,40,440,2012
12007,23,0,23,2012
12009,1117,11,1128,2012
12011,1023,2533,3556,2012
12013,12,0,12,2012
12015,327,2,329,2012
12017,171,5,176,2012
12019,669,26,695,2012
12021,1296,316,1612,2012
12023,47,0,47,2012
12027,99,0,99,2012
12029,20,0,20,2012
12031,1422,2517,3939,2012
12033,655,0,655,2012
12035,243,0,243,2012
12037,5,0,5,2012
12039,63,2,65,2012
12041,35,0,35,2012
12043,5,0,5,2012
12045,47,0,47,2012
12047,12,0,12,2012
12049,17,0,17,2012
12051,23,0,23,2012
12053,168,0,168,2012
12055,32,0,32,2012
12057,4059,3036,7095,2012
12059,20,0,20,2012
12061,369,0,369,2012
12063,49,0,49,2012
12065,21,0,21,2012
12067,14,0,14,2012
12069,890,52,942,2012
12071,1806,237,2043,2012
12073,326,764,1090,2012
12075,50,0,50,2012
12077,9,0,9,2012
12079,28,0,28,2012
12081,1588,272,1860,2012
12083,397,4,401,2012
12085,299,21,320,2012
12086,1819,3250,5069,2012
12087,132,89,221,2012
12089,305,8,313,2012
12091,643,279,922,2012
12093,22,0,22,2012
12095,3909,3323,7232,2012
12097,1479,1016,2495,2012
12099,2247,2389,4636,2012
12101,1167,170,1337,2012
12103,489,1072,1561,2012
12105,1382,140,1522,2012
12107,36,0,36,2012
12109,2154,36,2190,2012
12111,279,36,315,2012
12113,805,34,839,2012
12115,1067,175,1242,2012
12117,1044,293,1337,2012
12119,3192,7,3199,2012
12121,25,0,25,2012
12123,21,0,21,2012
12125,13,0,13,2012
12127,760,0,760,2012
12129,58,0,58,2012
12131,861,250,1111,2012
12133,22,0,22,2012
13001,3,0,3,2012
13003,6,0,6,2012
13005,0,0,0,2012
13007,0,0,0,2012
13009,28,77,105,2012
13011,16,0,16,2012
13013,105,64,169,2012
13015,73,0,73,2012
13017,15,0,15,2012
13019,32,0,32,2012
13021,71,258,329,2012
13023,12,0,12,2012
13025,7,0,7,2012
13027,21,0,21,2012
13029,244,21,265,2012
13031,130,291,421,2012
13033,29,0,29,2012
13035,7,0,7,2012
13037,0,0,0,2012
13039,62,50,112,2012
13043,1,0,1,2012
13045,36,0,36,2012
13047,116,0,116,2012
13049,2,0,2,2012
13051,811,204,1015,2012
13053,3,0,3,2012
13055,0,0,0,2012
13057,741,472,1213,2012
13059,185,168,353,2012
13061,4,0,4,2012
13063,93,0,93,2012
13065,0,0,0,2012
13067,1193,1052,2245,2012
13069,13,0,13,2012
13071,65,4,69,2012
13073,1125,84,1209,2012
13075,28,0,28,2012
13077,403,0,403,2012
13079,25,0,25,2012
13081,16,0,16,2012
13083,1,0,1,2012
13085,35,72,107,2012
13087,21,0,21,2012
13089,208,465,673,2012
13091,13,3,16,2012
13093,0,0,0,2012
13095,34,28,62,2012
13097,139,0,139,2012
13099,7,0,7,2012
13101,6,0,6,2012
13103,208,52,260,2012
13105,10,9,19,2012
13107,3,4,7,2012
13109,23,0,23,2012
13111,149,0,149,2012
13113,184,8,192,2012
13115,32,11,43,2012
13117,1862,411,2273,2012
13119,3,2,5,2012
13121,1668,1764,3432,2012
13123,71,0,71,2012
13127,368,0,368,2012
13129,32,0,32,2012
13131,17,0,17,2012
13133,114,0,114,2012
13135,1564,905,2469,2012
13137,33,4,37,2012
13139,303,0,303,2012
13141,13,0,13,2012
13143,17,0,17,2012
13145,89,0,89,2012
13147,29,0,29,2012
13149,14,0,14,2012
13151,208,0,208,2012
13153,572,0,572,2012
13155,12,0,12,2012
13157,70,0,70,2012
13159,39,0,39,2012
13161,0,0,0,2012
13163,16,0,16,2012
13165,9,0,9,2012
13167,0,0,0,2012
13169,13,0,13,2012
13171,10,0,10,2012
13173,9,0,9,2012
13175,33,0,33,2012
13177,132,0,132,2012
13179,219,0,219,2012
13181,15,2,17,2012
13185,321,6,327,2012
13187,35,0,35,2012
13189,14,0,14,2012
13191,89,0,89,2012
13193,7,0,7,2012
13195,37,0,37,2012
13197,9,0,9,2012
13199,23,0,23,2012
13201,0,0,0,2012
13205,15,0,15,2012
13207,47,80,127,2012
13209,9,0,9,2012
13211,15,0,15,2012
13213,29,0,29,2012
13215,262,223,485,2012
13217,66,0,66,2012
13219,180,4,184,2012
13221,45,0,45,2012
13223,213,0,213,2012
13225,54,12,66,2012
13227,34,0,34,2012
13229,22,0,22,2012
13231,16,0,16,2012
13233,20,10,30,2012
13235,14,0,14,2012
13237,27,0,27,2012
13239,1,0,1,2012
13241,47,24,71,2012
13243,0,0,0,2012
13245,367,11,378,2012
13247,36,0,36,2012
13249,0,0,0,2012
13251,15,0,15,2012
13253,4,0,4,2012
13255,92,0,92,2012
13257,2,0,2,2012
13259,0,0,0,2012
13261,23,0,23,2012
13263,6,0,6,2012
13265,2,0,2,2012
13267,18,0,18,2012
13269,9,0,9,2012
13271,1,0,1,2012
13273,16,0,16,2012
13275,77,84,161,2012
13277,48,8,56,2012
13279,8,12,20,2012
13281,44,0,44,2012
13283,5,0,5,2012
13285,62,0,62,2012
13287,6,0,6,2012
13289,11,0,11,2012
13291,87,0,87,2012
13293,11,0,11,2012
13295,51,0,51,2012
13297,88,0,88,2012
13299,77,0,77,2012
13301,0,0,0,2012
13303,48,0,48,2012
13305,2,50,52,2012
13309,0,0,0,2012
13311,26,0,26,2012
13313,34,0,34,2012
13317,1,44,45,2012
13319,2,0,2,2012
13321,19,0,19,2012
15001,571,63,634,2012
15003,994,730,1724,2012
15007,129,0,129,2012
15009,246,260,506,2012
16001,2250,381,2631,2012
16003,6,0,6,2012
16005,136,0,136,2012
16007,28,0,28,2012
16009,9,0,9,2012
16011,57,10,67,2012
16013,21,10,31,2012
16015,25,0,25,2012
16017,19,55,74,2012
16019,325,0,325,2012
16021,35,0,35,2012
16023,2,0,2,2012
16025,2,0,2,2012
16027,578,288,866,2012
16029,8,0,8,2012
16031,36,2,38,2012
16033,5,0,5,2012
16035,15,0,15,2012
16037,2,6,8,2012
16039,49,0,49,2012
16041,37,0,37,2012
16043,59,0,59,2012
16045,18,0,18,2012
16047,14,0,14,2012
16049,2,0,2,2012
16051,54,0,54,2012
16053,63,0,63,2012
16055,560,318,878,2012
16057,49,137,186,2012
16059,13,0,13,2012
16061,5,0,5,2012
16063,3,0,3,2012
16065,47,8,55,2012
16067,56,4,60,2012
16069,10,4,14,2012
16071,10,0,10,2012
16073,16,0,16,2012
16075,45,4,49,2012
16077,9,0,9,2012
16079,3,0,3,2012
16081,10,0,10,2012
16083,272,2,274,2012
16085,59,0,59,2012
16087,14,0,14,2012
17001,81,57,138,2012
17003,0,0,0,2012
17005,19,5,24,2012
17007,49,0,49,2012
17009,0,0,0,2012
17011,17,0,17,2012
17013,8,0,8,2012
17015,15,0,15,2012
17017,11,0,11,2012
17019,259,383,642,2012
17021,36,0,36,2012
17023,5,0,5,2012
17025,3,0,3,2012
17027,88,0,88,2012
17029,17,17,34,2012
17031,1070,2255,3325,2012
17033,8,0,8,2012
17035,1,0,1,2012
17037,43,0,43,2012
17039,13,0,13,2012
17041,19,0,19,2012
17043,784,9,793,2012
17045,5,0,5,2012
17049,16,0,16,2012
17051,4,0,4,2012
17053,13,8,21,2012
17055,10,0,10,2012
17057,46,40,86,2012
17061,1,0,1,2012
17063,56,77,133,2012
17065,0,0,0,2012
17067,4,0,4,2012
17069,0,0,0,2012
17071,8,0,8,2012
17073,31,6,37,2012
17075,23,4,27,2012
17077,9,82,91,2012
17079,0,0,0,2012
17081,10,4,14,2012
17083,30,77,107,2012
17085,45,0,45,2012
17087,0,0,0,2012
17089,788,220,1008,2012
17091,66,6,72,2012
17093,198,0,198,2012
17095,23,0,23,2012
17097,502,25,527,2012
17099,56,86,142,2012
17101,40,0,40,2012
17103,14,8,22,2012
17105,24,2,26,2012
17107,12,0,12,2012
17109,4,41,45,2012
17111,301,412,713,2012
17113,284,251,535,2012
17115,61,18,79,2012
17117,49,2,51,2012
17119,310,150,460,2012
17121,6,2,8,2012
17123,11,0,11,2012
17125,11,0,11,2012
17127,2,36,38,2012
17129,12,0,12,2012
17131,50,0,50,2012
17133,102,4,106,2012
17135,34,0,34,2012
17137,9,22,31,2012
17139,26,11,37,2012
17141,30,2,32,2012
17143,311,14,325,2012
17145,48,0,48,2012
17147,21,50,71,2012
17149,13,0,13,2012
17151,0,0,0,2012
17153,1,0,1,2012
17155,14,0,14,2012
17157,65,0,65,2012
17159,5,0,5,2012
17161,83,75,158,2012
17163,481,155,636,2012
17165,0,0,0,2012
17167,236,65,301,2012
17173,38,2,40,2012
17175,2,0,2,2012
17177,24,0,24,2012
17179,236,61,297,2012
17181,21,0,21,2012
17183,9,4,13,2012
17185,2,0,2,2012
17187,8,0,8,2012
17189,27,0,27,2012
17191,1,0,1,2012
17193,2,0,2,2012
17195,42,0,42,2012
17197,711,374,1085,2012
17199,141,73,214,2012
17201,62,24,86,2012
17203,78,14,92,2012
18001,48,18,66,2012
18003,616,536,1152,2012
18005,200,0,200,2012
18007,1,0,1,2012
18009,2,2,4,2012
18011,368,130,498,2012
18013,34,2,36,2012
18015,0,0,0,2012
18017,9,0,9,2012
18019,433,66,499,2012
18021,13,2,15,2012
18023,0,0,0,2012
18025,0,0,0,2012
18027,15,0,15,2012
18029,44,0,44,2012
18031,29,0,29,2012
18033,64,0,64,2012
18035,44,216,260,2012
18037,49,35,84,2012
18039,221,0,221,2012
18041,4,0,4,2012
18043,138,2,140,2012
18045,4,2,6,2012
18047,23,0,23,2012
18049,13,0,13,2012
18051,56,0,56,2012
18053,34,2,36,2012
18057,1644,493,2137,2012
18059,193,16,209,2012
18061,73,10,83,2012
18063,561,85,646,2012
18065,16,0,16,2012
18067,32,130,162,2012
18069,37,48,85,2012
18071,49,71,120,2012
18073,68,6,74,2012
18075,17,0,17,2012
18077,46,0,46,2012
18079,37,0,37,2012
18081,514,80,594,2012
18083,29,4,33,2012
18085,124,101,225,2012
18087,122,0,122,2012
18089,675,144,819,2012
18091,122,184,306,2012
18093,7,4,11,2012
18095,66,2,68,2012
18097,513,91,604,2012
18099,48,2,50,2012
18101,2,0,2,2012
18103,13,0,13,2012
18105,172,249,421,2012
18107,40,0,40,2012
18109,112,8,120,2012
18111,13,0,13,2012
18113,67,0,67,2012
18115,11,0,11,2012
18117,4,0,4,2012
18119,0,0,0,2012
18121,2,0,2,2012
18123,23,0,23,2012
18125,19,0,19,2012
18127,302,96,398,2012
18129,46,52,98,2012
18131,18,0,18,2012
18133,34,66,100,2012
18135,15,0,15,2012
18137,65,14,79,2012
18139,11,0,11,2012
18141,159,423,582,2012
18143,28,0,28,2012
18145,31,19,50,2012
18147,42,0,42,2012
18149,45,0,45,2012
18151,107,0,107,2012
18153,1,0,1,2012
18155,49,0,49,2012
18157,508,34,542,2012
18159,11,4,15,2012
18161,7,0,7,2012
18163,279,24,303,2012
18165,1,0,1,2012
18167,80,143,223,2012
18169,20,0,20,2012
18171,0,0,0,2012
18173,148,53,201,2012
18175,46,0,46,2012
18177,24,0,24,2012
18179,25,0,25,2012
18181,24,0,24,2012
18183,53,0,53,2012
19001,5,0,5,2012
19003,6,0,6,2012
19005,29,0,29,2012
19007,4,0,4,2012
19009,7,0,7,2012
19011,22,0,22,2012
19013,298,194,492,2012
19015,29,8,37,2012
19017,74,27,101,2012
19019,16,26,42,2012
19021,13,2,15,2012
19023,30,0,30,2012
19025,12,0,12,2012
19027,27,0,27,2012
19029,7,0,7,2012
19031,29,0,29,2012
19033,52,48,100,2012
19035,15,0,15,2012
19037,3,2,5,2012
19039,2,0,2,2012
19041,31,8,39,2012
19043,27,0,27,2012
19045,39,44,83,2012
19047,12,4,16,2012
19049,220,206,426,2012
19051,2,2,4,2012
19053,2,0,2,2012
19055,8,2,10,2012
19057,33,2,35,2012
19059,103,2,105,2012
19061,296,99,395,2012
19063,5,0,5,2012
19065,8,0,8,2012
19067,10,0,10,2012
19069,5,0,5,2012
19071,14,0,14,2012
19073,6,0,6,2012
19075,14,2,16,2012
19077,11,0,11,2012
19079,2,0,2,2012
19081,10,0,10,2012
19083,15,0,15,2012
19085,16,17,33,2012
19087,19,0,19,2012
19089,4,2,6,2012
19091,11,0,11,2012
19093,9,0,9,2012
19095,9,10,19,2012
19097,38,0,38,2012
19099,28,2,30,2012
19101,7,0,7,2012
19103,556,224,780,2012
19105,11,2,13,2012
19107,1,0,1,2012
19109,17,0,17,2012
19111,4,4,8,2012
19113,584,169,753,2012
19115,11,0,11,2012
19117,0,0,0,2012
19119,44,4,48,2012
19121,55,0,55,2012
19123,11,4,15,2012
19125,37,6,43,2012
19127,10,2,12,2012
19129,4,0,4,2012
19131,20,6,26,2012
19133,15,0,15,2012
19135,12,0,12,2012
19137,6,2,8,2012
19139,32,0,32,2012
19141,8,0,8,2012
19143,5,0,5,2012
19145,18,0,18,2012
19147,6,0,6,2012
19149,43,0,43,2012
19151,2,0,2,2012
19153,2402,1107,3509,2012
19155,171,0,171,2012
19157,18,0,18,2012
19159,1,0,1,2012
19161,8,0,8,2012
19163,381,60,441,2012
19165,8,0,8,2012
19167,105,8,113,2012
19169,152,295,447,2012
19171,19,0,19,2012
19173,6,0,6,2012
19175,16,0,16,2012
19177,0,0,0,2012
19179,15,4,19,2012
19181,121,45,166,2012
19183,13,2,15,2012
19185,0,0,0,2012
19187,31,0,31,2012
19189,1,0,1,2012
19191,39,2,41,2012
19193,95,32,127,2012
19195,0,0,0,2012
19197,6,0,6,2012
20001,13,2,15,2012
20003,8,2,10,2012
20005,5,0,5,2012
20007,1,0,1,2012
20009,9,0,9,2012
20011,1,0,1,2012
20013,1,0,1,2012
20015,102,37,139,2012
20017,1,0,1,2012
20019,0,0,0,2012
20021,0,0,0,2012
20023,0,0,0,2012
20025,0,0,0,2012
20027,15,0,15,2012
20029,2,0,2,2012
20031,20,4,24,2012
20033,0,0,0,2012
20035,32,2,34,2012
20037,70,24,94,2012
20039,0,0,0,2012
20041,94,6,100,2012
20043,4,0,4,2012
20045,165,306,471,2012
20047,1,0,1,2012
20051,45,24,69,2012
20053,1,0,1,2012
20055,13,9,22,2012
20057,53,32,85,2012
20059,25,0,25,2012
20061,118,7,125,2012
20063,0,12,12,2012
20065,0,0,0,2012
20067,0,0,0,2012
20069,10,20,30,2012
20071,0,0,0,2012
20073,0,0,0,2012
20075,2,0,2,2012
20077,15,56,71,2012
20079,67,2,69,2012
20081,0,0,0,2012
20085,15,0,15,2012
20087,36,0,36,2012
20089,1,0,1,2012
20091,1242,423,1665,2012
20093,1,0,1,2012
20095,17,0,17,2012
20097,1,0,1,2012
20099,18,0,18,2012
20101,2,0,2,2012
20103,132,0,132,2012
20105,0,0,0,2012
20107,20,0,20,2012
20109,16,0,16,2012
20111,16,0,16,2012
20113,70,10,80,2012
20115,10,2,12,2012
20117,7,0,7,2012
20119,1,4,5,2012
20121,27,30,57,2012
20123,7,0,7,2012
20125,26,0,26,2012
20127,1,0,1,2012
20129,0,0,0,2012
20131,8,0,8,2012
20133,7,65,72,2012
20135,2,0,2,2012
20137,2,0,2,2012
20139,16,0,16,2012
20141,0,0,0,2012
20143,7,0,7,2012
20145,0,0,0,2012
20147,1,12,13,2012
20149,107,36,143,2012
20151,0,0,0,2012
20153,5,0,5,2012
20155,41,40,81,2012
20157,2,0,2,2012
20159,6,0,6,2012
20161,220,187,407,2012
20163,1,0,1,2012
20165,2,0,2,2012
20167,3,0,3,2012
20169,72,0,72,2012
20171,4,0,4,2012
20173,660,422,1082,2012
20175,11,0,11,2012
20177,190,42,232,2012
20181,0,0,0,2012
20183,2,4,6,2012
20185,7,0,7,2012
20187,0,0,0,2012
20189,2,0,2,2012
20191,16,4,20,2012
20193,1,0,1,2012
20195,1,0,1,2012
20197,13,0,13,2012
20199,0,0,0,2012
20201,3,0,3,2012
20203,0,0,0,2012
20205,13,0,13,2012
20207,2,0,2,2012
20209,134,306,440,2012
21001,0,4,4,2012
21005,35,0,35,2012
21009,41,10,51,2012
21011,0,0,0,2012
21013,14,0,14,2012
21015,325,209,534,2012
21017,33,2,35,2012
21019,2,0,2,2012
21021,19,34,53,2012
21025,0,0,0,2012
21027,5,0,5,2012
21029,259,30,289,2012
21031,1,0,1,2012
21033,3,0,3,2012
21035,30,59,89,2012
21037,103,46,149,2012
21041,0,4,4,2012
21043,6,0,6,2012
21045,1,0,1,2012
21047,75,88,163,2012
21049,24,0,24,2012
21051,0,0,0,2012
21053,0,0,0,2012
21055,1,0,1,2012
21057,0,0,0,2012
21059,248,8,256,2012
21065,2,0,2,2012
21067,750,1066,1816,2012
21069,0,0,0,2012
21071,6,0,6,2012
21073,20,22,42,2012
21075,3,0,3,2012
21077,8,0,8,2012
21079,1,0,1,2012
21081,29,0,29,2012
21083,2,0,2,2012
21085,3,8,11,2012
21087,0,0,0,2012
21089,19,0,19,2012
21091,5,0,5,2012
21093,248,218,466,2012
21095,0,0,0,2012
21097,18,0,18,2012
21099,29,47,76,2012
21101,38,48,86,2012
21103,23,2,25,2012
21107,58,2,60,2012
21109,0,0,0,2012
21111,859,1185,2044,2012
21113,107,16,123,2012
21115,1,0,1,2012
21117,230,83,313,2012
21121,0,0,0,2012
21123,35,6,41,2012
21125,2,0,2,2012
21133,0,6,6,2012
21137,41,0,41,2012
21141,5,8,13,2012
21143,6,0,6,2012
21145,113,32,145,2012
21147,0,0,0,2012
21149,3,0,3,2012
21151,112,106,218,2012
21155,8,6,14,2012
21157,18,88,106,2012
21161,14,31,45,2012
21163,75,9,84,2012
21167,33,18,51,2012
21173,33,2,35,2012
21175,37,0,37,2012
21177,2,0,2,2012
21179,112,0,112,2012
21181,0,0,0,2012
21183,4,6,10,2012
21185,167,0,167,2012
21187,0,0,0,2012
21191,0,0,0,2012
21193,9,4,13,2012
21195,11,32,43,2012
21199,11,4,15,2012
21205,5,11,16,2012
21207,2,0,2,2012
21209,238,16,254,2012
21211,132,2,134,2012
21213,18,38,56,2012
21215,48,0,48,2012
21217,55,0,55,2012
21219,1,6,7,2012
21221,2,0,2,2012
21225,39,2,41,2012
21227,385,531,916,2012
21229,1,20,21,2012
21231,0,0,0,2012
21233,5,0,5,2012
21235,6,12,18,2012
21239,66,0,66,2012
22001,142,3,145,2012
22003,5,0,5,2012
22005,871,0,871,2012
22007,32,0,32,2012
22009,59,0,59,2012
22011,32,0,32,2012
22013,0,0,0,2012
22015,877,396,1273,2012
22017,288,0,288,2012
22019,523,25,548,2012
22021,13,0,13,2012
22023,57,0,57,2012
22025,2,0,2,2012
22027,0,0,0,2012
22029,13,0,13,2012
22031,16,0,16,2012
22033,1070,0,1070,2012
22035,0,0,0,2012
22037,39,0,39,2012
22039,72,10,82,2012
22041,18,2,20,2012
22043,35,0,35,2012
22045,95,4,99,2012
22047,104,11,115,2012
22049,18,2,20,2012
22051,186,0,186,2012
22053,61,0,61,2012
22055,1084,145,1229,2012
22057,280,8,288,2012
22059,2,0,2,2012
22061,70,68,138,2012
22063,885,132,1017,2012
22065,57,0,57,2012
22067,20,4,24,2012
22069,43,0,43,2012
22071,690,276,966,2012
22073,388,198,586,2012
22075,40,2,42,2012
22077,42,0,42,2012
22079,304,143,447,2012
22081,0,0,0,2012
22083,33,0,33,2012
22085,58,0,58,2012
22087,16,0,16,2012
22089,98,0,98,2012
22091,0,0,0,2012
22093,47,0,47,2012
22095,43,0,43,2012
22097,120,0,120,2012
22099,114,0,114,2012
22101,52,0,52,2012
22103,942,0,942,2012
22105,526,61,587,2012
22107,6,0,6,2012
22109,281,0,281,2012
22111,25,2,27,2012
22113,161,0,161,2012
22115,156,0,156,2012
22117,66,0,66,2012
22119,15,0,15,2012
22121,172,0,172,2012
22123,1,0,1,2012
22125,61,0,61,2012
22127,0,0,0,2012
23000,65,0,65,2012
23001,125,4,129,2012
23003,53,33,86,2012
23005,593,98,691,2012
23007,66,0,66,2012
23009,117,13,130,2012
23011,158,116,274,2012
23013,108,34,142,2012
23015,66,0,66,2012
23017,136,0,136,2012
23019,197,116,313,2012
23021,16,0,16,2012
23023,67,0,67,2012
23025,47,3,50,2012
23027,67,0,67,2012
23029,71,0,71,2012
23031,544,88,632,2012
24001,38,0,38,2012
24003,943,652,1595,2012
24005,676,19,695,2012
24009,276,0,276,2012
24011,28,0,28,2012
24013,307,8,315,2012
24015,233,468,701,2012
24017,671,0,671,2012
24019,25,54,79,2012
24021,730,274,1004,2012
24023,114,0,114,2012
24025,683,68,751,2012
24027,938,748,1686,2012
24029,29,2,31,2012
24031,1174,2807,3981,2012
24033,878,75,953,2012
24035,184,0,184,2012
24037,605,0,605,2012
24039,15,0,15,2012
24041,176,0,176,2012
24043,163,4,167,2012
24045,87,240,327,2012
24047,95,0,95,2012
24510,164,566,730,2012
25001,410,182,592,2012
25003,89,0,89,2012
25005,479,151,630,2012
25007,90,0,90,2012
25009,645,524,1169,2012
25011,40,12,52,2012
25013,282,48,330,2012
25015,144,35,179,2012
25017,1416,1512,2928,2012
25019,58,0,58,2012
25021,639,392,1031,2012
25023,707,166,873,2012
25025,54,1911,1965,2012
25027,867,258,1125,2012
26000,57,0,57,2012
26001,20,0,20,2012
26003,22,0,22,2012
26005,205,0,205,2012
26007,20,2,22,2012
26009,51,0,51,2012
26011,17,0,17,2012
26013,13,0,13,2012
26015,86,0,86,2012
26017,47,48,95,2012
26019,54,0,54,2012
26021,145,6,151,2012
26023,2,0,2,2012
26025,36,101,137,2012
26027,60,0,60,2012
26029,62,2,64,2012
26031,35,0,35,2012
26033,39,0,39,2012
26035,36,0,36,2012
26037,108,5,113,2012
26039,22,0,22,2012
26041,32,0,32,2012
26043,30,0,30,2012
26045,87,38,125,2012
26047,62,0,62,2012
26049,122,0,122,2012
26051,44,0,44,2012
26053,13,0,13,2012
26055,252,21,273,2012
26057,17,0,17,2012
26059,35,8,43,2012
26061,56,4,60,2012
26063,38,0,38,2012
26065,217,144,361,2012
26067,30,0,30,2012
26069,31,0,31,2012
26071,34,0,34,2012
26073,48,8,56,2012
26075,78,0,78,2012
26077,363,38,401,2012
26079,15,0,15,2012
26081,939,188,1127,2012
26083,11,0,11,2012
26085,45,0,45,2012
26087,29,0,29,2012
26089,70,0,70,2012
26091,131,0,131,2012
26093,307,56,363,2012
26095,18,0,18,2012
26097,22,0,22,2012
26099,1141,156,1297,2012
26101,2,0,2,2012
26103,107,73,180,2012
26105,42,4,46,2012
26107,45,0,45,2012
26109,23,0,23,2012
26111,194,2,196,2012
26113,16,0,16,2012
26115,136,0,136,2012
26117,49,2,51,2012
26119,12,0,12,2012
26121,136,2,138,2012
26123,43,0,43,2012
26125,1880,21,1901,2012
26127,7,25,32,2012
26129,26,0,26,2012
26131,8,0,8,2012
26133,13,0,13,2012
26135,18,0,18,2012
26137,24,42,66,2012
26139,622,149,771,2012
26141,22,0,22,2012
26143,41,0,41,2012
26145,109,103,212,2012
26147,78,0,78,2012
26149,28,2,30,2012
26151,16,0,16,2012
26153,24,0,24,2012
26155,19,0,19,2012
26157,17,0,17,2012
26159,69,0,69,2012
26161,262,14,276,2012
26163,672,185,857,2012
26165,20,9,29,2012
27001,69,0,69,2012
27003,716,335,1051,2012
27005,120,0,120,2012
27007,62,65,127,2012
27009,51,134,185,2012
27011,5,0,5,2012
27013,149,303,452,2012
27015,31,0,31,2012
27017,72,0,72,2012
27019,514,22,536,2012
27021,157,0,157,2012
27023,16,0,16,2012
27025,106,0,106,2012
27027,152,62,214,2012
27029,3,0,3,2012
27031,49,4,53,2012
27033,8,24,32,2012
27035,270,40,310,2012
27037,800,222,1022,2012
27039,50,0,50,2012
27041,89,0,89,2012
27043,14,0,14,2012
27045,69,0,69,2012
27047,28,10,38,2012
27049,53,0,53,2012
27051,1,0,1,2012
27053,1346,4159,5505,2012
27055,33,2,35,2012
27057,18,0,18,2012
27059,38,0,38,2012
27061,94,7,101,2012
27063,15,0,15,2012
27065,17,0,17,2012
27067,64,6,70,2012
27069,9,0,9,2012
27071,12,0,12,2012
27073,12,0,12,2012
27075,52,0,52,2012
27077,21,0,21,2012
27079,44,0,44,2012
27081,14,0,14,2012
27083,22,42,64,2012
27085,20,0,20,2012
27087,0,0,0,2012
27089,4,0,4,2012
27091,13,2,15,2012
27093,47,5,52,2012
27095,25,0,25,2012
27097,63,6,69,2012
27099,30,0,30,2012
27101,18,4,22,2012
27103,59,18,77,2012
27105,17,0,17,2012
27107,6,0,6,2012
27109,369,62,431,2012
27111,51,64,115,2012
27113,14,0,14,2012
27115,36,2,38,2012
27117,13,0,13,2012
27119,70,2,72,2012
27121,41,8,49,2012
27123,232,745,977,2012
27125,2,0,2,2012
27127,14,0,14,2012
27129,13,0,13,2012
27131,57,0,57,2012
27133,12,4,16,2012
27135,5,2,7,2012
27137,196,134,330,2012
27139,524,66,590,2012
27141,149,0,149,2012
27143,10,0,10,2012
27145,265,122,387,2012
27147,33,23,56,2012
27149,9,4,13,2012
27151,7,0,7,2012
27153,69,0,69,2012
27155,7,0,7,2012
27157,45,0,45,2012
27159,49,18,67,2012
27161,19,0,19,2012
27163,691,137,828,2012
27165,7,6,13,2012
27167,9,0,9,2012
27169,46,27,73,2012
27171,351,0,351,2012
27173,15,0,15,2012
28001,2,0,2,2012
28003,5,4,9,2012
28005,0,0,0,2012
28007,4,0,4,2012
28009,1,0,1,2012
28011,59,24,83,2012
28013,1,0,1,2012
28017,2,0,2,2012
28019,1,0,1,2012
28021,0,0,0,2012
28023,1,0,1,2012
28025,7,0,7,2012
28027,6,0,6,2012
28029,5,0,5,2012
28031,1,0,1,2012
28033,698,0,698,2012
28035,34,170,204,2012
28037,0,0,0,2012
28039,7,0,7,2012
28041,0,0,0,2012
28043,17,0,17,2012
28045,290,161,451,2012
28047,765,290,1055,2012
28049,224,0,224,2012
28051,4,4,8,2012
28053,1,0,1,2012
28055,1,0,1,2012
28057,7,0,7,2012
28059,343,0,343,2012
28061,0,0,0,2012
28063,0,0,0,2012
28065,0,0,0,2012
28067,9,2,11,2012
28071,358,45,403,2012
28073,22,0,22,2012
28075,113,0,113,2012
28077,2,0,2,2012
28079,1,0,1,2012
28081,86,95,181,2012
28083,17,0,17,2012
28085,11,0,11,2012
28087,96,53,149,2012
28089,600,36,636,2012
28091,4,0,4,2012
28093,40,0,40,2012
28095,3,0,3,2012
28097,15,60,75,2012
28099,1,0,1,2012
28101,0,0,0,2012
28103,2,0,2,2012
28105,121,43,164,2012
28107,9,0,9,2012
28109,142,28,170,2012
28111,2,0,2,2012
28113,1,0,1,2012
28115,17,17,34,2012
28117,9,0,9,2012
28119,8,0,8,2012
28121,529,0,529,2012
28123,0,0,0,2012
28125,0,26,26,2012
28127,27,0,27,2012
28129,2,0,2,2012
28131,10,4,14,2012
28133,5,0,5,2012
28135,0,0,0,2012
28137,77,0,77,2012
28139,6,0,6,2012
28141,1,0,1,2012
28143,14,0,14,2012
28145,5,98,103,2012
28147,0,0,0,2012
28149,0,0,0,2012
28151,9,0,9,2012
28153,3,0,3,2012
28155,1,0,1,2012
28157,0,0,0,2012
28159,1,0,1,2012
28161,9,0,9,2012
28163,5,0,5,2012
29001,44,28,72,2012
29003,10,0,10,2012
29005,1,0,1,2012
29007,6,8,14,2012
29009,7,4,11,2012
29011,4,2,6,2012
29013,3,0,3,2012
29015,5,0,5,2012
29017,5,0,5,2012
29019,914,312,1226,2012
29021,87,12,99,2012
29023,17,11,28,2012
29025,16,0,16,2012
29027,44,4,48,2012
29029,12,0,12,2012
29031,122,103,225,2012
29033,8,0,8,2012
29035,3,0,3,2012
29037,160,0,160,2012
29039,7,0,7,2012
29041,0,0,0,2012
29043,280,0,280,2012
29045,6,0,6,2012
29047,206,11,217,2012
29049,21,0,21,2012
29051,162,15,177,2012
29053,5,0,5,2012
29055,18,14,32,2012
29057,0,0,0,2012
29059,2,0,2,2012
29061,1,0,1,2012
29063,0,0,0,2012
29065,0,0,0,2012
29067,0,0,0,2012
29069,21,0,21,2012
29071,185,14,199,2012
29073,2,0,2,2012
29075,2,0,2,2012
29077,549,660,1209,2012
29079,6,0,6,2012
29081,0,0,0,2012
29083,5,4,9,2012
29087,0,0,0,2012
29089,2,0,2,2012
29091,19,2,21,2012
29093,0,2,2,2012
29095,1061,868,1929,2012
29097,147,91,238,2012
29099,468,2,470,2012
29101,61,44,105,2012
29103,0,0,0,2012
29105,9,36,45,2012
29107,17,0,17,2012
29109,30,0,30,2012
29111,2,0,2,2012
29113,63,2,65,2012
29115,1,0,1,2012
29117,25,0,25,2012
29119,5,0,5,2012
29121,5,0,5,2012
29123,7,0,7,2012
29125,0,0,0,2012
29127,43,2,45,2012
29129,0,0,0,2012
29131,22,4,26,2012
29133,9,0,9,2012
29135,1,0,1,2012
29137,22,0,22,2012
29139,21,0,21,2012
29141,0,0,0,2012
29143,20,0,20,2012
29145,29,12,41,2012
29147,17,52,69,2012
29149,1,0,1,2012
29151,0,0,0,2012
29153,3,4,7,2012
29155,0,0,0,2012
29157,22,16,38,2012
29159,0,32,32,2012
29161,22,50,72,2012
29163,6,0,6,2012
29165,220,44,264,2012
29167,48,0,48,2012
29169,49,346,395,2012
29171,3,0,3,2012
29173,1,0,1,2012
29175,13,0,13,2012
29177,15,0,15,2012
29179,0,0,0,2012
29181,0,0,0,2012
29183,1378,418,1796,2012
29185,1,0,1,2012
29186,2,48,50,2012
29187,51,301,352,2012
29189,684,125,809,2012
29195,3,12,15,2012
29197,3,0,3,2012
29199,1,0,1,2012
29201,45,20,65,2012
29203,0,0,0,2012
29205,2,0,2,2012
29207,14,24,38,2012
29209,103,0,103,2012
29211,1,0,1,2012
29213,69,19,88,2012
29215,1,0,1,2012
29217,8,0,8,2012
29219,65,0,65,2012
29221,0,0,0,2012
29225,27,0,27,2012
29227,0,0,0,2012
29229,1,0,1,2012
29510,84,521,605,2012
30001,2,6,8,2012
30003,1,0,1,2012
30005,0,0,0,2012
30007,2,0,2,2012
30009,3,6,9,2012
30011,0,0,0,2012
30013,121,8,129,2012
30015,2,0,2,2012
30017,7,34,41,2012
30019,9,0,9,2012
30021,3,80,83,2012
30023,4,0,4,2012
30025,5,11,16,2012
30027,1,2,3,2012
30029,105,59,164,2012
30031,524,215,739,2012
30033,0,0,0,2012
30035,1,6,7,2012
30037,0,0,0,2012
30039,0,0,0,2012
30041,4,0,4,2012
30043,1,0,1,2012
30045,0,0,0,2012
30047,24,2,26,2012
30049,75,106,181,2012
30051,0,0,0,2012
30053,3,0,3,2012
30055,1,0,1,2012
30057,2,0,2,2012
30059,0,0,0,2012
30061,0,0,0,2012
30063,179,158,337,2012
30065,1,0,1,2012
30067,12,10,22,2012
30069,0,0,0,2012
30071,2,0,2,2012
30073,1,0,1,2012
30075,0,0,0,2012
30077,0,0,0,2012
30079,0,0,0,2012
30081,3,8,11,2012
30083,129,35,164,2012
30085,3,0,3,2012
30087,2,0,2,2012
30089,0,0,0,2012
30091,8,22,30,2012
30093,55,24,79,2012
30095,12,0,12,2012
30097,0,0,0,2012
30099,4,0,4,2012
30101,5,14,19,2012
30103,0,0,0,2012
30105,1,0,1,2012
30107,0,0,0,2012
30109,1,0,1,2012
30111,416,196,612,2012
31001,61,10,71,2012
31003,14,0,14,2012
31011,7,0,7,2012
31013,3,0,3,2012
31015,0,0,0,2012
31017,1,0,1,2012
31019,146,54,200,2012
31021,11,0,11,2012
31023,1,4,5,2012
31025,50,0,50,2012
31027,9,0,9,2012
31029,1,0,1,2012
31031,13,0,13,2012
31033,21,0,21,2012
31035,7,0,7,2012
31037,29,0,29,2012
31039,11,2,13,2012
31041,0,0,0,2012
31043,25,0,25,2012
31045,1,0,1,2012
31047,23,4,27,2012
31049,1,0,1,2012
31051,12,0,12,2012
31053,45,4,49,2012
31055,1375,634,2009,2012
31057,0,0,0,2012
31059,14,2,16,2012
31061,1,0,1,2012
31063,6,0,6,2012
31065,3,0,3,2012
31067,12,0,12,2012
31069,0,0,0,2012
31071,2,0,2,2012
31073,3,0,3,2012
31077,0,0,0,2012
31079,103,250,353,2012
31081,35,0,35,2012
31083,9,0,9,2012
31085,0,0,0,2012
31087,0,0,0,2012
31089,6,0,6,2012
31091,2,0,2,2012
31093,23,0,23,2012
31095,9,0,9,2012
31097,0,0,0,2012
31099,9,0,9,2012
31101,6,0,6,2012
31103,0,0,0,2012
31105,2,0,2,2012
31107,72,0,72,2012
31109,820,390,1210,2012
31111,38,0,38,2012
31115,9,0,9,2012
31119,60,2,62,2012
31121,31,0,31,2012
31123,0,0,0,2012
31125,13,8,21,2012
31127,6,0,6,2012
31129,2,0,2,2012
31131,30,0,30,2012
31133,4,0,4,2012
31135,1,0,1,2012
31137,17,0,17,2012
31139,10,0,10,2012
31141,62,42,104,2012
31143,3,0,3,2012
31145,5,27,32,2012
31147,1,0,1,2012
31149,1,0,1,2012
31151,14,20,34,2012
31153,764,332,1096,2012
31155,63,0,63,2012
31157,13,2,15,2012
31159,39,0,39,2012
31161,1,0,1,2012
31163,9,0,9,2012
31165,4,0,4,2012
31167,9,0,9,2012
31169,3,4,7,2012
31173,2,3,5,2012
31175,6,0,6,2012
31177,36,0,36,2012
31179,17,6,23,2012
31181,2,0,2,2012
31183,0,0,0,2012
31185,37,0,37,2012
32001,8,0,8,2012
32003,6108,1267,7375,2012
32005,47,0,47,2012
32007,287,187,474,2012
32013,102,70,172,2012
32015,25,0,25,2012
32017,12,0,12,2012
32019,52,0,52,2012
32021,3,0,3,2012
32027,2,0,2,2012
32029,6,0,6,2012
32031,771,68,839,2012
32033,5,0,5,2012
32510,11,40,51,2012
33001,115,3,118,2012
33003,147,0,147,2012
33005,43,50,93,2012
33007,37,33,70,2012
33009,152,36,188,2012
33011,365,255,620,2012
33013,115,12,127,2012
33015,493,201,694,2012
33017,172,19,191,2012
33019,43,5,48,2012
34001,372,69,441,2012
34003,643,1892,2535,2012
34005,410,303,713,2012
34007,234,664,898,2012
34009,332,159,491,2012
34011,185,5,190,2012
34013,248,1086,1334,2012
34015,475,59,534,2012
34017,46,2630,2676,2012
34019,100,81,181,2012
34021,110,334,444,2012
34023,738,569,1307,2012
34025,690,344,1034,2012
34027,577,301,878,2012
34029,937,188,1125,2012
34031,162,366,528,2012
34033,54,7,61,2012
34035,404,765,1169,2012
34037,164,103,267,2012
34039,256,673,929,2012
34041,142,62,204,2012
35000,460,0,460,2012
35001,545,744,1289,2012
35005,20,0,20,2012
35007,11,0,11,2012
35009,146,36,182,2012
35013,703,248,951,2012
35015,106,272,378,2012
35025,38,45,83,2012
35027,49,0,49,2012
35028,1,2,3,2012
35029,5,24,29,2012
35031,7,0,7,2012
35035,5,0,5,2012
35039,0,0,0,2012
35041,42,0,42,2012
35043,607,81,688,2012
35045,176,0,176,2012
35049,130,0,130,2012
35051,0,0,0,2012
35053,0,0,0,2012
35055,62,0,62,2012
35061,107,0,107,2012
36001,246,215,461,2012
36003,43,0,43,2012
36005,8,2544,2552,2012
36007,44,0,44,2012
36009,65,0,65,2012
36011,74,24,98,2012
36013,102,59,161,2012
36015,53,86,139,2012
36017,26,68,94,2012
36019,61,49,110,2012
36021,69,36,105,2012
36023,40,0,40,2012
36025,63,0,63,2012
36027,328,65,393,2012
36029,718,272,990,2012
36031,76,96,172,2012
36033,62,0,62,2012
36035,57,116,173,2012
36037,23,8,31,2012
36039,70,0,70,2012
36041,31,0,31,2012
36043,120,0,120,2012
36045,110,247,357,2012
36047,1,3352,3353,2012
36049,86,0,86,2012
36051,53,15,68,2012
36053,90,4,94,2012
36055,790,262,1052,2012
36057,40,98,138,2012
36059,375,276,651,2012
36061,4,2324,2328,2012
36063,197,65,262,2012
36065,169,37,206,2012
36067,519,724,1243,2012
36069,233,135,368,2012
36071,477,565,1042,2012
36073,24,2,26,2012
36075,162,0,162,2012
36077,47,15,62,2012
36079,37,2,39,2012
36081,76,1352,1428,2012
36083,147,149,296,2012
36085,191,482,673,2012
36087,76,172,248,2012
36089,215,0,215,2012
36091,621,559,1180,2012
36093,104,154,258,2012
36095,31,0,31,2012
36097,64,12,76,2012
36099,26,64,90,2012
36101,74,0,74,2012
36103,815,246,1061,2012
36105,158,4,162,2012
36107,60,12,72,2012
36109,112,157,269,2012
36111,144,70,214,2012
36113,137,0,137,2012
36115,98,61,159,2012
36117,84,2,86,2012
36119,189,335,524,2012
36121,19,0,19,2012
36123,46,0,46,2012
37001,358,0,358,2012
37003,34,40,74,2012
37005,20,0,20,2012
37007,25,3,28,2012
37009,86,0,86,2012
37011,40,44,84,2012
37013,317,64,381,2012
37015,21,0,21,2012
37017,43,0,43,2012
37019,1169,80,1249,2012
37021,646,6,652,2012
37023,71,0,71,2012
37025,770,474,1244,2012
37027,64,0,64,2012
37029,16,0,16,2012
37031,264,13,277,2012
37033,43,0,43,2012
37035,124,2,126,2012
37037,365,0,365,2012
37039,101,0,101,2012
37041,10,0,10,2012
37043,32,0,32,2012
37045,90,15,105,2012
37047,74,48,122,2012
37049,296,0,296,2012
37051,982,1548,2530,2012
37053,203,2,205,2012
37055,221,0,221,2012
37057,226,2,228,2012
37059,43,0,43,2012
37061,51,14,65,2012
37063,947,1719,2666,2012
37065,16,2,18,2012
37067,686,450,1136,2012
37069,182,0,182,2012
37071,419,23,442,2012
37073,21,0,21,2012
37075,21,0,21,2012
37077,167,0,167,2012
37079,11,0,11,2012
37081,944,535,1479,2012
37083,46,0,46,2012
37085,770,0,770,2012
37087,95,0,95,2012
37089,462,0,462,2012
37091,20,0,20,2012
37093,394,116,510,2012
37095,21,0,21,2012
37097,464,0,464,2012
37099,125,0,125,2012
37101,826,0,826,2012
37103,18,0,18,2012
37105,76,0,76,2012
37107,35,2,37,2012
37109,142,43,185,2012
37111,98,0,98,2012
37113,66,16,82,2012
37115,61,0,61,2012
37117,0,0,0,2012
37119,3200,4812,8012,2012
37121,30,0,30,2012
37123,112,0,112,2012
37125,414,12,426,2012
37127,125,2,127,2012
37129,659,934,1593,2012
37131,11,0,11,2012
37133,2007,253,2260,2012
37135,232,0,232,2012
37137,44,0,44,2012
37139,68,0,68,2012
37141,217,4,221,2012
37143,28,0,28,2012
37145,51,0,51,2012
37147,316,454,770,2012
37149,43,0,43,2012
37151,138,126,264,2012
37153,85,52,137,2012
37155,113,7,120,2012
37157,101,43,144,2012
37159,147,0,147,2012
37161,100,6,106,2012
37163,88,0,88,2012
37165,12,44,56,2012
37167,88,38,126,2012
37169,67,0,67,2012
37171,74,0,74,2012
37173,38,0,38,2012
37175,73,0,73,2012
37177,14,0,14,2012
37179,1158,0,1158,2012
37181,35,0,35,2012
37183,5417,6501,11918,2012
37185,36,0,36,2012
37187,10,0,10,2012
37189,190,130,320,2012
37191,201,62,263,2012
37193,85,0,85,2012
37195,116,0,116,2012
37197,35,0,35,2012
37199,29,6,35,2012
38001,0,0,0,2012
38003,21,0,21,2012
38005,0,0,0,2012
38007,8,0,8,2012
38009,7,5,12,2012
38011,6,0,6,2012
38013,13,4,17,2012
38015,803,586,1389,2012
38017,885,1112,1997,2012
38019,6,0,6,2012
38021,0,0,0,2012
38023,20,36,56,2012
38025,42,35,77,2012
38027,0,0,0,2012
38029,3,0,3,2012
38031,2,0,2,2012
38033,14,0,14,2012
38035,149,294,443,2012
38037,0,0,0,2012
38039,0,0,0,2012
38041,8,0,8,2012
38043,0,0,0,2012
38045,4,8,12,2012
38047,1,3,4,2012
38049,39,14,53,2012
38051,1,0,1,2012
38053,40,192,232,2012
38055,92,0,92,2012
38057,44,17,61,2012
38059,359,206,565,2012
38061,71,63,134,2012
38063,4,0,4,2012
38065,2,0,2,2012
38067,1,0,1,2012
38069,2,0,2,2012
38071,13,26,39,2012
38073,5,0,5,2012
38075,1,2,3,2012
38077,32,9,41,2012
38079,2,0,2,2012
38081,13,4,17,2012
38083,4,0,4,2012
38085,0,0,0,2012
38087,0,0,0,2012
38089,672,884,1556,2012
38091,3,0,3,2012
38093,20,0,20,2012
38095,0,0,0,2012
38097,4,2,6,2012
38099,5,2,7,2012
38101,657,845,1502,2012
38103,2,0,2,2012
38105,460,1451,1911,2012
39001,0,0,0,2012
39003,40,40,80,2012
39005,40,2,42,2012
39007,76,9,85,2012
39009,6,5,11,2012
39011,56,7,63,2012
39013,11,0,11,2012
39015,51,0,51,2012
39017,488,8,496,2012
39019,1,0,1,2012
39021,26,0,26,2012
39023,39,76,115,2012
39025,337,166,503,2012
39027,29,0,29,2012
39029,18,0,18,2012
39031,3,0,3,2012
39033,11,0,11,2012
39035,488,146,634,2012
39037,30,0,30,2012
39039,29,6,35,2012
39041,794,82,876,2012
39043,40,4,44,2012
39045,223,303,526,2012
39047,20,0,20,2012
39049,1372,3492,4864,2012
39051,28,0,28,2012
39053,3,0,3,2012
39055,116,0,116,2012
39057,245,202,447,2012
39059,39,3,42,2012
39061,435,418,853,2012
39063,87,0,87,2012
39065,22,4,26,2012
39067,0,0,0,2012
39069,20,0,20,2012
39071,13,0,13,2012
39073,11,0,11,2012
39075,3,0,3,2012
39077,23,0,23,2012
39079,44,0,44,2012
39081,3,4,7,2012
39083,100,0,100,2012
39085,280,174,454,2012
39087,6,2,8,2012
39089,255,17,272,2012
39091,54,5,59,2012
39093,639,87,726,2012
39095,255,83,338,2012
39097,35,4,39,2012
39099,117,0,117,2012
39101,26,20,46,2012
39103,402,0,402,2012
39105,5,0,5,2012
39107,41,11,52,2012
39109,114,9,123,2012
39111,0,0,0,2012
39113,530,14,544,2012
39115,5,0,5,2012
39117,35,0,35,2012
39119,36,48,84,2012
39121,27,3,30,2012
39123,114,0,114,2012
39125,6,0,6,2012
39127,20,4,24,2012
39129,25,0,25,2012
39131,60,0,60,2012
39133,174,4,178,2012
39135,22,0,22,2012
39137,49,2,51,2012
39139,51,2,53,2012
39141,12,16,28,2012
39143,12,0,12,2012
39145,3,92,95,2012
39147,13,0,13,2012
39149,94,2,96,2012
39151,353,117,470,2012
39153,437,3,440,2012
39155,59,8,67,2012
39157,48,14,62,2012
39159,174,0,174,2012
39161,23,64,87,2012
39163,0,0,0,2012
39165,557,33,590,2012
39167,6,0,6,2012
39169,119,12,131,2012
39171,13,2,15,2012
39173,154,182,336,2012
39175,14,0,14,2012
40001,25,0,25,2012
40003,0,0,0,2012
40005,10,0,10,2012
40007,0,0,0,2012
40009,63,30,93,2012
40011,2,0,2,2012
40013,86,13,99,2012
40015,16,0,16,2012
40017,201,8,209,2012
40019,73,4,77,2012
40021,31,4,35,2012
40023,0,0,0,2012
40025,0,0,0,2012
40027,680,971,1651,2012
40029,0,0,0,2012
40031,261,26,287,2012
40033,2,0,2,2012
40035,0,0,0,2012
40037,68,0,68,2012
40039,117,32,149,2012
40041,12,0,12,2012
40043,0,0,0,2012
40045,3,0,3,2012
40047,29,0,29,2012
40049,2,0,2,2012
40051,76,44,120,2012
40053,0,0,0,2012
40055,4,0,4,2012
40059,0,0,0,2012
40061,6,0,6,2012
40063,27,0,27,2012
40065,29,0,29,2012
40067,0,6,6,2012
40069,5,0,5,2012
40071,16,0,16,2012
40073,15,2,17,2012
40075,0,0,0,2012
40077,1,0,1,2012
40079,81,0,81,2012
40081,15,0,15,2012
40083,53,0,53,2012
40085,0,0,0,2012
40087,191,0,191,2012
40089,19,0,19,2012
40091,30,0,30,2012
40093,0,0,0,2012
40095,35,0,35,2012
40097,10,0,10,2012
40099,13,2,15,2012
40101,30,19,49,2012
40103,2,0,2,2012
40105,4,0,4,2012
40107,0,0,0,2012
40109,4258,80,4338,2012
40111,3,3,6,2012
40113,112,6,118,2012
40115,3,0,3,2012
40117,1,0,1,2012
40119,90,163,253,2012
40121,70,15,85,2012
40123,7,18,25,2012
40125,82,61,143,2012
40127,1,0,1,2012
40129,0,0,0,2012
40131,316,0,316,2012
40133,4,0,4,2012
40135,41,10,51,2012
40137,29,0,29,2012
40139,2,0,2,2012
40141,0,0,0,2012
40143,1965,728,2693,2012
40145,234,0,234,2012
40147,58,2,60,2012
40149,1,0,1,2012
40151,1,0,1,2012
40153,38,24,62,2012
41000,80,0,80,2012
41001,22,0,22,2012
41003,86,226,312,2012
41005,1142,439,1581,2012
41007,78,8,86,2012
41009,28,0,28,2012
41011,18,0,18,2012
41013,52,0,52,2012
41015,19,0,19,2012
41017,741,60,801,2012
41019,102,58,160,2012
41025,7,0,7,2012
41027,74,4,78,2012
41029,368,181,549,2012
41031,19,0,19,2012
41033,79,2,81,2012
41035,62,0,62,2012
41037,10,0,10,2012
41039,417,385,802,2012
41041,109,0,109,2012
41043,152,76,228,2012
41045,24,0,24,2012
41047,316,324,640,2012
41049,13,2,15,2012
41051,721,1656,2377,2012
41053,79,2,81,2012
41057,63,2,65,2012
41059,44,2,46,2012
41061,20,18,38,2012
41067,1239,817,2056,2012
41071,158,4,162,2012
42001,167,0,167,2012
42003,1274,226,1500,2012
42005,35,0,35,2012
42007,224,16,240,2012
42009,35,0,35,2012
42011,253,36,289,2012
42013,81,16,97,2012
42015,125,0,125,2012
42017,554,104,658,2012
42019,395,199,594,2012
42021,71,0,71,2012
42023,0,0,0,2012
42025,65,0,65,2012
42027,489,373,862,2012
42029,845,274,1119,2012
42031,29,12,41,2012
42033,74,0,74,2012
42035,29,0,29,2012
42037,91,0,91,2012
42039,54,0,54,2012
42041,680,354,1034,2012
42043,488,347,835,2012
42045,175,0,175,2012
42047,28,0,28,2012
42049,216,272,488,2012
42051,198,0,198,2012
42053,4,0,4,2012
42055,188,185,373,2012
42057,20,0,20,2012
42059,50,0,50,2012
42061,49,8,57,2012
42063,41,325,366,2012
42065,45,0,45,2012
42067,25,6,31,2012
42069,158,8,166,2012
42071,781,379,1160,2012
42073,39,2,41,2012
42075,212,12,224,2012
42077,300,2,302,2012
42079,253,12,265,2012
42081,129,49,178,2012
42083,19,0,19,2012
42085,79,0,79,2012
42087,38,0,38,2012
42089,154,2,156,2012
42091,915,99,1014,2012
42093,36,0,36,2012
42095,322,176,498,2012
42097,58,0,58,2012
42099,47,0,47,2012
42101,566,1609,2175,2012
42103,78,14,92,2012
42105,11,0,11,2012
42107,104,2,106,2012
42109,64,0,64,2012
42111,46,4,50,2012
42113,20,0,20,2012
42115,50,22,72,2012
42117,140,0,140,2012
42119,51,2,53,2012
42121,25,0,25,2012
42123,30,0,30,2012
42125,468,42,510,2012
42127,84,0,84,2012
42129,324,65,389,2012
42131,39,0,39,2012
42133,695,110,805,2012
44001,27,0,27,2012
44003,92,10,102,2012
44005,99,11,110,2012
44007,199,9,208,2012
44009,248,36,284,2012
45001,23,0,23,2012
45003,572,6,578,2012
45005,0,0,0,2012
45007,404,16,420,2012
45009,12,0,12,2012
45011,17,0,17,2012
45013,391,0,391,2012
45015,877,78,955,2012
45017,23,0,23,2012
45019,1613,1255,2868,2012
45021,72,2,74,2012
45023,31,0,31,2012
45025,40,0,40,2012
45027,49,2,51,2012
45029,37,0,37,2012
45031,75,0,75,2012
45033,17,0,17,2012
45035,642,128,770,2012
45037,59,0,59,2012
45039,34,0,34,2012
45041,210,28,238,2012
45043,182,48,230,2012
45045,1974,19,1993,2012
45047,121,60,181,2012
45049,7,0,7,2012
45051,2029,279,2308,2012
45053,121,87,208,2012
45055,185,40,225,2012
45057,124,58,182,2012
45059,60,73,133,2012
45061,8,0,8,2012
45063,1340,264,1604,2012
45065,19,0,19,2012
45067,15,0,15,2012
45069,9,0,9,2012
45071,78,0,78,2012
45073,177,0,177,2012
45075,71,3,74,2012
45077,212,60,272,2012
45079,1178,634,1812,2012
45081,31,0,31,2012
45083,727,0,727,2012
45085,251,48,299,2012
45087,16,0,16,2012
45089,24,0,24,2012
45091,1131,232,1363,2012
46003,7,3,10,2012
46005,32,6,38,2012
46007,0,0,0,2012
46009,10,0,10,2012
46011,123,169,292,2012
46013,125,199,324,2012
46015,17,8,25,2012
46019,28,0,28,2012
46021,0,0,0,2012
46023,4,0,4,2012
46025,15,12,27,2012
46027,24,46,70,2012
46029,84,24,108,2012
46031,0,0,0,2012
46033,65,4,69,2012
46035,26,40,66,2012
46037,22,0,22,2012
46039,11,0,11,2012
46041,2,0,2,2012
46043,6,0,6,2012
46045,14,4,18,2012
46047,0,0,0,2012
46049,10,5,15,2012
46051,9,2,11,2012
46053,5,0,5,2012
46055,1,0,1,2012
46057,20,12,32,2012
46059,9,0,9,2012
46061,0,0,0,2012
46063,3,0,3,2012
46065,34,63,97,2012
46067,10,6,16,2012
46069,0,0,0,2012
46071,0,0,0,2012
46073,2,0,2,2012
46075,4,4,8,2012
46077,13,0,13,2012
46079,32,2,34,2012
46081,137,68,205,2012
46083,101,0,101,2012
46085,7,0,7,2012
46087,10,0,10,2012
46089,8,3,11,2012
46091,9,14,23,2012
46093,87,12,99,2012
46095,2,0,2,2012
46097,9,0,9,2012
46099,980,481,1461,2012
46101,11,0,11,2012
46103,410,178,588,2012
46105,0,0,0,2012
46107,3,0,3,2012
46109,24,0,24,2012
46111,15,0,15,2012
46115,18,9,27,2012
46117,15,0,15,2012
46119,12,0,12,2012
46121,0,0,0,2012
46123,0,8,8,2012
46125,13,2,15,2012
46127,96,0,96,2012
46129,4,0,4,2012
46135,50,6,56,2012
47001,70,0,70,2012
47003,66,0,66,2012
47005,2,0,2,2012
47009,245,90,335,2012
47011,230,59,289,2012
47013,131,0,131,2012
47015,11,0,11,2012
47017,2,0,2,2012
47019,41,20,61,2012
47021,49,0,49,2012
47023,19,0,19,2012
47025,50,0,50,2012
47029,0,0,0,2012
47031,89,0,89,2012
47033,0,0,0,2012
47035,160,22,182,2012
47037,1342,1621,2963,2012
47039,0,0,0,2012
47041,6,0,6,2012
47043,98,48,146,2012
47045,56,0,56,2012
47047,187,0,187,2012
47049,0,0,0,2012
47051,94,6,100,2012
47053,102,2,104,2012
47055,8,0,8,2012
47057,0,0,0,2012
47059,88,40,128,2012
47061,2,0,2,2012
47063,66,23,89,2012
47065,948,134,1082,2012
47067,2,0,2,2012
47069,26,0,26,2012
47071,6,52,58,2012
47073,17,0,17,2012
47075,101,0,101,2012
47077,2,28,30,2012
47079,12,2,14,2012
47081,6,0,6,2012
47083,2,0,2,2012
47085,4,0,4,2012
47089,76,2,78,2012
47091,2,0,2,2012
47093,916,383,1299,2012
47095,5,2,7,2012
47097,31,0,31,2012
47099,5,2,7,2012
47101,0,0,0,2012
47103,4,0,4,2012
47105,133,0,133,2012
47107,8,0,8,2012
47109,17,0,17,2012
47111,8,7,15,2012
47113,214,287,501,2012
47115,57,0,57,2012
47117,57,0,57,2012
47119,542,0,542,2012
47121,21,0,21,2012
47123,59,0,59,2012
47125,1308,421,1729,2012
47127,17,0,17,2012
47129,0,0,0,2012
47131,7,0,7,2012
47133,5,0,5,2012
47135,0,0,0,2012
47139,121,0,121,2012
47141,242,20,262,2012
47143,44,0,44,2012
47145,15,0,15,2012
47147,131,2,133,2012
47149,1275,684,1959,2012
47151,3,0,3,2012
47153,8,0,8,2012
47155,64,91,155,2012
47157,1050,1275,2325,2012
47159,33,0,33,2012
47161,2,0,2,2012
47163,203,86,289,2012
47165,589,3,592,2012
47167,91,0,91,2012
47169,16,0,16,2012
47171,1,52,53,2012
47173,67,0,67,2012
47177,40,0,40,2012
47179,288,202,490,2012
47181,1,0,1,2012
47183,36,0,36,2012
47185,5,0,5,2012
47187,1047,485,1532,2012
47189,735,57,792,2012
48001,3,0,3,2012
48003,54,0,54,2012
48005,55,2,57,2012
48007,89,0,89,2012
48009,4,0,4,2012
48011,0,0,0,2012
48013,58,8,66,2012
48015,21,0,21,2012
48017,6,0,6,2012
48019,0,0,0,2012
48021,44,0,44,2012
48023,0,0,0,2012
48025,9,0,9,2012
48027,1846,484,2330,2012
48029,2873,2822,5695,2012
48031,2,26,28,2012
48035,2,0,2,2012
48037,73,55,128,2012
48039,1920,438,2358,2012
48041,727,1236,1963,2012
48043,7,6,13,2012
48047,0,0,0,2012
48049,20,0,20,2012
48051,35,0,35,2012
48053,168,0,168,2012
48055,6,4,10,2012
48057,64,8,72,2012
48059,7,8,15,2012
48061,1012,142,1154,2012
48063,2,4,6,2012
48065,0,0,0,2012
48067,8,0,8,2012
48069,0,0,0,2012
48071,293,0,293,2012
48073,18,2,20,2012
48075,0,0,0,2012
48077,1,0,1,2012
48079,0,0,0,2012
48081,1,0,1,2012
48083,1,0,1,2012
48085,5740,3504,9244,2012
48087,0,0,0,2012
48089,15,0,15,2012
48091,1130,26,1156,2012
48093,1,0,1,2012
48097,36,0,36,2012
48099,206,104,310,2012
48101,0,0,0,2012
48103,4,0,4,2012
48107,8,0,8,2012
48109,1,0,1,2012
48111,17,0,17,2012
48113,3531,8394,11925,2012
48115,6,0,6,2012
48117,1,2,3,2012
48119,4,0,4,2012
48121,1839,1636,3475,2012
48123,4,0,4,2012
48127,5,0,5,2012
48129,0,0,0,2012
48133,0,0,0,2012
48135,581,428,1009,2012
48139,643,92,735,2012
48141,3176,1179,4355,2012
48143,46,8,54,2012
48145,6,0,6,2012
48147,17,0,17,2012
48149,4,0,4,2012
48151,0,0,0,2012
48153,7,0,7,2012
48157,6516,208,6724,2012
48159,0,0,0,2012
48161,10,0,10,2012
48163,31,0,31,2012
48165,13,6,19,2012
48167,1784,183,1967,2012
48169,1,0,1,2012
48171,34,0,34,2012
48177,1,0,1,2012
48179,2,0,2,2012
48181,70,6,76,2012
48183,228,426,654,2012
48185,25,0,25,2012
48187,730,0,730,2012
48189,8,0,8,2012
48191,0,0,0,2012
48193,2,0,2,2012
48195,7,0,7,2012
48197,0,0,0,2012
48199,94,0,94,2012
48201,14550,12604,27154,2012
48203,36,6,42,2012
48207,2,0,2,2012
48209,1426,1901,3327,2012
48211,0,65,65,2012
48213,142,16,158,2012
48215,2833,659,3492,2012
48217,2,0,2,2012
48219,8,0,8,2012
48221,112,16,128,2012
48223,9,160,169,2012
48225,5,0,5,2012
48227,15,0,15,2012
48231,26,0,26,2012
48233,0,0,0,2012
48237,10,0,10,2012
48239,10,0,10,2012
48241,5,0,5,2012
48245,539,456,995,2012
48249,35,0,35,2012
48251,558,376,934,2012
48253,0,0,0,2012
48255,61,0,61,2012
48257,216,0,216,2012
48259,271,0,271,2012
48265,43,0,43,2012
48267,0,0,0,2012
48271,0,0,0,2012
48273,19,32,51,2012
48277,11,24,35,2012
48279,1,0,1,2012
48281,6,0,6,2012
48283,5,102,107,2012
48285,17,0,17,2012
48287,47,16,63,2012
48291,165,4,169,2012
48293,1,0,1,2012
48295,1,0,1,2012
48297,13,0,13,2012
48299,37,10,47,2012
48303,744,715,1459,2012
48305,4,0,4,2012
48307,0,0,0,2012
48309,487,189,676,2012
48313,34,0,34,2012
48315,4,4,8,2012
48317,4,0,4,2012
48319,3,0,3,2012
48321,71,0,71,2012
48323,75,4,79,2012
48325,13,12,25,2012
48329,599,410,1009,2012
48331,3,0,3,2012
48335,4,0,4,2012
48337,1,0,1,2012
48339,3364,1162,4526,2012
48341,5,72,77,2012
48343,1,0,1,2012
48347,38,206,244,2012
48349,22,6,28,2012
48351,0,0,0,2012
48353,1,0,1,2012
48355,1014,223,1237,2012
48357,7,0,7,2012
48359,3,0,3,2012
48361,184,0,184,2012
48363,9,0,9,2012
48365,9,0,9,2012
48367,189,96,285,2012
48369,0,0,0,2012
48371,6,0,6,2012
48373,348,4,352,2012
48375,593,966,1559,2012
48377,3,2,5,2012
48379,2,0,2,2012
48381,60,8,68,2012
48383,2,0,2,2012
48385,0,0,0,2012
48387,7,0,7,2012
48389,2,0,2,2012
48391,10,0,10,2012
48395,5,0,5,2012
48397,675,118,793,2012
48399,0,0,0,2012
48401,4,0,4,2012
48403,0,0,0,2012
48405,0,0,0,2012
48407,7,0,7,2012
48409,170,0,170,2012
48411,0,0,0,2012
48413,5,0,5,2012
48415,51,40,91,2012
48419,13,0,13,2012
48421,6,2,8,2012
48423,228,125,353,2012
48425,6,0,6,2012
48429,3,0,3,2012
48435,0,0,0,2012
48437,0,0,0,2012
48439,4640,2732,7372,2012
48441,234,206,440,2012
48445,2,0,2,2012
48449,13,2,15,2012
48451,229,176,405,2012
48453,4423,8059,12482,2012
48455,3,0,3,2012
48457,1,0,1,2012
48459,13,24,37,2012
48461,7,0,7,2012
48463,21,32,53,2012
48465,29,48,77,2012
48467,4,0,4,2012
48469,111,32,143,2012
48471,47,24,71,2012
48473,8,63,71,2012
48475,10,0,10,2012
48477,35,0,35,2012
48479,750,756,1506,2012
48481,15,0,15,2012
48483,0,0,0,2012
48485,118,146,264,2012
48487,0,0,0,2012
48489,37,0,37,2012
48491,2330,1370,3700,2012
48493,27,34,61,2012
48495,2,0,2,2012
48497,29,4,33,2012
48499,5,16,21,2012
48501,5,0,5,2012
48503,29,0,29,2012
48507,7,0,7,2012
49001,6,0,6,2012
49003,135,84,219,2012
49005,301,503,804,2012
49007,31,15,46,2012
49009,6,0,6,2012
49011,1324,696,2020,2012
49013,117,16,133,2012
49015,21,0,21,2012
49017,29,4,33,2012
49019,44,35,79,2012
49021,92,4,96,2012
49023,6,0,6,2012
49025,19,0,19,2012
49027,6,0,6,2012
49029,142,0,142,2012
49031,6,0,6,2012
49033,22,0,22,2012
49035,2458,1053,3511,2012
49037,28,29,57,2012
49039,42,0,42,2012
49041,35,0,35,2012
49043,115,25,140,2012
49045,253,0,253,2012
49047,551,130,681,2012
49049,2220,213,2433,2012
49051,196,40,236,2012
49053,1317,75,1392,2012
49055,11,0,11,2012
49057,436,116,552,2012
50001,85,4,89,2012
50003,41,0,41,2012
50005,49,0,49,2012
50007,238,222,460,2012
50009,5,0,5,2012
50011,109,64,173,2012
50013,14,0,14,2012
50015,31,22,53,2012
50017,28,0,28,2012
50019,38,89,127,2012
50021,49,0,49,2012
50023,89,11,100,2012
50025,65,0,65,2012
50027,48,0,48,2012
51001,101,0,101,2012
51003,331,0,331,2012
51005,15,0,15,2012
51007,25,0,25,2012
51009,33,22,55,2012
51011,47,0,47,2012
51013,156,2051,2207,2012
51015,183,0,183,2012
51017,10,0,10,2012
51019,223,54,277,2012
51021,6,0,6,2012
51023,74,0,74,2012
51025,29,0,29,2012
51027,10,4,14,2012
51029,33,0,33,2012
51031,125,153,278,2012
51033,103,8,111,2012
51035,63,0,63,2012
51036,18,0,18,2012
51037,18,0,18,2012
51041,786,618,1404,2012
51043,20,0,20,2012
51045,5,0,5,2012
51047,147,0,147,2012
51049,18,0,18,2012
51051,16,0,16,2012
51053,54,0,54,2012
51057,23,4,27,2012
51059,706,728,1434,2012
51061,164,2,166,2012
51063,58,0,58,2012
51065,73,4,77,2012
51067,95,36,131,2012
51069,266,0,266,2012
51071,22,0,22,2012
51073,114,2,116,2012
51075,88,0,88,2012
51077,26,0,26,2012
51079,76,0,76,2012
51081,19,0,19,2012
51083,49,0,49,2012
51085,402,84,486,2012
51087,660,0,660,2012
51089,45,0,45,2012
51091,12,0,12,2012
51093,91,0,91,2012
51095,345,122,467,2012
51097,16,0,16,2012
51099,109,0,109,2012
51101,32,0,32,2012
51103,40,0,40,2012
51105,13,12,25,2012
51107,2980,835,3815,2012
51109,150,0,150,2012
51111,18,0,18,2012
51113,28,0,28,2012
51115,25,0,25,2012
51117,69,0,69,2012
51119,31,0,31,2012
51121,141,111,252,2012
51125,43,0,43,2012
51127,141,0,141,2012
51131,17,0,17,2012
51133,54,0,54,2012
51135,27,2,29,2012
51137,67,100,167,2012
51139,46,2,48,2012
51141,31,0,31,2012
51143,103,49,152,2012
51145,91,0,91,2012
51147,31,38,69,2012
51149,41,0,41,2012
51153,1397,608,2005,2012
51155,45,5,50,2012
51157,18,0,18,2012
51159,16,0,16,2012
51161,149,0,149,2012
51163,56,0,56,2012
51165,267,0,267,2012
51167,24,3,27,2012
51169,29,0,29,2012
51171,67,18,85,2012
51173,14,0,14,2012
51175,23,2,25,2012
51177,300,0,300,2012
51179,638,20,658,2012
51181,24,0,24,2012
51183,26,0,26,2012
51185,36,0,36,2012
51187,66,0,66,2012
51191,79,6,85,2012
51193,65,0,65,2012
51195,20,0,20,2012
51197,58,11,69,2012
51199,108,32,140,2012
51510,151,221,372,2012
51515,8,0,8,2012
51520,5,14,19,2012
51530,0,4,4,2012
51540,60,625,685,2012
51550,746,703,1449,2012
51570,5,0,5,2012
51580,3,0,3,2012
51590,9,0,9,2012
51595,10,3,13,2012
51600,59,0,59,2012
51610,16,0,16,2012
51620,1,0,1,2012
51630,87,251,338,2012
51640,3,0,3,2012
51650,137,10,147,2012
51660,52,325,377,2012
51670,57,0,57,2012
51678,1,0,1,2012
51680,117,119,236,2012
51683,91,0,91,2012
51685,13,0,13,2012
51690,2,0,2,2012
51700,161,126,287,2012
51710,311,185,496,2012
51720,6,0,6,2012
51730,8,0,8,2012
51735,14,0,14,2012
51740,55,84,139,2012
51750,8,5,13,2012
51760,119,721,840,2012
51770,39,4,43,2012
51775,26,0,26,2012
51790,24,0,24,2012
51800,593,60,653,2012
51810,594,523,1117,2012
51820,33,2,35,2012
51830,13,0,13,2012
51840,7,51,58,2012
53001,26,3,29,2012
53003,19,0,19,2012
53005,897,197,1094,2012
53007,205,2,207,2012
53009,168,0,168,2012
53011,1190,368,1558,2012
53013,2,0,2,2012
53015,132,0,132,2012
53017,92,0,92,2012
53019,15,0,15,2012
53021,374,157,531,2012
53023,3,0,3,2012
53025,251,24,275,2012
53027,125,0,125,2012
53029,176,2,178,2012
53031,83,0,83,2012
53033,3864,7750,11614,2012
53035,634,170,804,2012
53037,180,15,195,2012
53039,78,0,78,2012
53041,97,24,121,2012
53043,27,0,27,2012
53045,121,0,121,2012
53047,103,0,103,2012
53049,130,0,130,2012
53051,36,0,36,2012
53053,2009,470,2479,2012
53055,92,0,92,2012
53057,227,2,229,2012
53059,23,0,23,2012
53061,2174,1399,3573,2012
53063,963,390,1353,2012
53065,67,4,71,2012
53067,959,53,1012,2012
53069,5,0,5,2012
53071,102,48,150,2012
53073,488,149,637,2012
53075,70,213,283,2012
53077,301,170,471,2012
54001,4,2,6,2012
54003,409,117,526,2012
54005,17,0,17,2012
54007,0,0,0,2012
54009,3,0,3,2012
54011,71,128,199,2012
54015,8,0,8,2012
54019,38,0,38,2012
54021,0,0,0,2012
54023,19,25,44,2012
54025,73,2,75,2012
54027,59,0,59,2012
54029,10,0,10,2012
54031,26,0,26,2012
54033,132,4,136,2012
54035,2,0,2,2012
54037,136,0,136,2012
54039,109,0,109,2012
54041,0,0,0,2012
54043,21,0,21,2012
54045,4,0,4,2012
54047,9,0,9,2012
54049,5,0,5,2012
54051,2,0,2,2012
54053,3,0,3,2012
54055,7,6,13,2012
54057,50,0,50,2012
54059,3,0,3,2012
54061,24,598,622,2012
54063,0,0,0,2012
54065,30,0,30,2012
54067,0,0,0,2012
54069,17,6,23,2012
54071,23,0,23,2012
54073,7,0,7,2012
54075,0,0,0,2012
54077,1,0,1,2012
54079,114,8,122,2012
54081,90,0,90,2012
54083,8,5,13,2012
54085,1,0,1,2012
54087,31,0,31,2012
54089,13,0,13,2012
54091,2,0,2,2012
54093,2,0,2,2012
54095,1,0,1,2012
54097,39,4,43,2012
54099,36,18,54,2012
54101,0,0,0,2012
54103,5,12,17,2012
54105,13,0,13,2012
54107,85,20,105,2012
54109,1,0,1,2012
55001,49,0,49,2012
55003,12,2,14,2012
55005,66,10,76,2012
55007,63,0,63,2012
55009,500,275,775,2012
55011,31,0,31,2012
55013,75,0,75,2012
55015,69,2,71,2012
55017,139,90,229,2012
55019,34,0,34,2012
55021,52,0,52,2012
55023,34,7,41,2012
55025,774,1577,2351,2012
55027,85,74,159,2012
55029,140,34,174,2012
55031,72,0,72,2012
55033,48,18,66,2012
55035,162,214,376,2012
55037,27,0,27,2012
55039,83,166,249,2012
55041,59,0,59,2012
55043,111,62,173,2012
55045,30,0,30,2012
55047,23,0,23,2012
55049,39,0,39,2012
55051,18,0,18,2012
55053,47,0,47,2012
55055,84,2,86,2012
55057,90,0,90,2012
55059,147,81,228,2012
55061,26,0,26,2012
55063,248,55,303,2012
55065,16,0,16,2012
55067,21,0,21,2012
55069,68,0,68,2012
55071,50,74,124,2012
55073,233,64,297,2012
55075,101,49,150,2012
55077,22,0,22,2012
55078,9,0,9,2012
55079,164,490,654,2012
55081,85,10,95,2012
55083,122,0,122,2012
55085,149,0,149,2012
55087,306,456,762,2012
55089,113,10,123,2012
55091,16,0,16,2012
55093,55,4,59,2012
55095,68,0,68,2012
55097,103,34,137,2012
55099,48,0,48,2012
55101,143,20,163,2012
55103,24,0,24,2012
55105,121,4,125,2012
55107,45,0,45,2012
55109,228,53,281,2012
55111,101,6,107,2012
55113,82,6,88,2012
55115,48,0,48,2012
55117,61,2,63,2012
55119,30,6,36,2012
55121,46,24,70,2012
55123,51,2,53,2012
55125,117,0,117,2012
55127,132,22,154,2012
55129,48,0,48,2012
55131,206,36,242,2012
55133,581,193,774,2012
55135,61,10,71,2012
55137,59,0,59,2012
55139,231,42,273,2012
55141,97,57,154,2012
56001,103,87,190,2012
56003,13,0,13,2012
56005,179,0,179,2012
56007,27,0,27,2012
56009,41,13,54,2012
56011,7,0,7,2012
56013,18,40,58,2012
56015,6,32,38,2012
56017,0,0,0,2012
56019,4,0,4,2012
56021,347,24,371,2012
56023,28,0,28,2012
56025,347,160,507,2012
56027,2,0,2,2012
56029,104,20,124,2012
56031,25,18,43,2012
56033,138,8,146,2012
56035,26,0,26,2012
56037,116,16,132,2012
56039,91,31,122,2012
56041,38,0,38,2012
56043,1,0,1,2012
56045,0,0,0,2012
01001,120,0,120,2013
01003,1217,110,1327,2013
01005,5,0,5,2013
01007,19,0,19,2013
01009,4,0,4,2013
01011,0,0,0,2013
01013,3,0,3,2013
01015,59,0,59,2013
01017,4,0,4,2013
01019,6,0,6,2013
01021,17,0,17,2013
01023,0,0,0,2013
01025,13,0,13,2013
01027,1,0,1,2013
01029,1,0,1,2013
01031,83,0,83,2013
01033,112,59,171,2013
01035,1,0,1,2013
01037,0,0,0,2013
01039,21,0,21,2013
01041,5,0,5,2013
01043,67,6,73,2013
01045,18,0,18,2013
01047,7,56,63,2013
01049,31,0,31,2013
01051,145,110,255,2013
01053,6,0,6,2013
01055,75,0,75,2013
01057,2,0,2,2013
01059,8,6,14,2013
01061,9,0,9,2013
01063,4,0,4,2013
01065,7,0,7,2013
01067,17,0,17,2013
01069,227,136,363,2013
01071,34,0,34,2013
01073,1119,700,1819,2013
01075,0,0,0,2013
01077,96,66,162,2013
01079,0,0,0,2013
01081,676,50,726,2013
01083,89,0,89,2013
01085,5,0,5,2013
01087,4,0,4,2013
01089,1855,306,2161,2013
01091,2,0,2,2013
01093,3,0,3,2013
01095,41,0,41,2013
01097,624,248,872,2013
01099,3,0,3,2013
01101,474,0,474,2013
01103,140,0,140,2013
01105,0,0,0,2013
01107,3,0,3,2013
01109,41,30,71,2013
01111,0,0,0,2013
01113,280,58,338,2013
01115,88,60,148,2013
01117,759,0,759,2013
01119,3,0,3,2013
01121,25,43,68,2013
01123,12,0,12,2013
01125,574,441,1015,2013
01127,10,0,10,2013
01129,0,0,0,2013
01131,0,0,0,2013
01133,4,0,4,2013
02000,74,0,74,2013
02013,0,0,0,2013
02016,1,0,1,2013
02020,475,58,533,2013
02050,6,0,6,2013
02060,3,0,3,2013
02070,3,0,3,2013
02090,56,0,56,2013
02100,7,0,7,2013
02110,54,65,119,2013
02122,77,17,94,2013
02130,24,16,40,2013
02150,13,4,17,2013
02170,25,18,43,2013
02180,4,2,6,2013
02185,16,0,16,2013
02188,0,0,0,2013
02220,8,13,21,2013
02261,14,0,14,2013
02270,0,0,0,2013
02282,0,0,0,2013
02290,0,0,0,2013
04001,31,0,31,2013
04003,172,28,200,2013
04005,294,65,359,2013
04007,72,2,74,2013
04009,77,44,121,2013
04011,2,0,2,2013
04012,3,0,3,2013
04013,10835,5758,16593,2013
04015,454,10,464,2013
04017,144,0,144,2013
04019,2623,868,3491,2013
04021,2124,20,2144,2013
04023,44,4,48,2013
04025,841,20,861,2013
04027,670,4,674,2013
05001,13,0,13,2013
05003,2,22,24,2013
05005,15,40,55,2013
05007,1457,123,1580,2013
05009,18,0,18,2013
05011,3,0,3,2013
05013,0,0,0,2013
05015,11,0,11,2013
05017,1,0,1,2013
05019,9,28,37,2013
05021,8,6,14,2013
05023,8,5,13,2013
05025,0,0,0,2013
05027,4,2,6,2013
05029,5,8,13,2013
05031,359,272,631,2013
05033,65,16,81,2013
05035,63,51,114,2013
05037,20,0,20,2013
05039,3,0,3,2013
05041,54,12,66,2013
05043,9,2,11,2013
05045,248,154,402,2013
05047,5,4,9,2013
05049,0,0,0,2013
05051,41,0,41,2013
05053,8,0,8,2013
05055,88,49,137,2013
05057,0,0,0,2013
05059,0,2,2,2013
05061,8,0,8,2013
05063,19,28,47,2013
05065,1,0,1,2013
05067,8,0,8,2013
05069,100,36,136,2013
05071,12,0,12,2013
05073,0,0,0,2013
05075,4,0,4,2013
05077,0,0,0,2013
05079,1,0,1,2013
05081,2,0,2,2013
05083,10,4,14,2013
05085,299,2,301,2013
05087,0,0,0,2013
05089,3,11,14,2013
05091,37,16,53,2013
05093,27,4,31,2013
05095,0,0,0,2013
05099,0,0,0,2013
05101,1,0,1,2013
05103,0,0,0,2013
05105,1,0,1,2013
05107,36,0,36,2013
05111,26,0,26,2013
05113,5,0,5,2013
05115,140,14,154,2013
05117,3,0,3,2013
05119,720,650,1370,2013
05121,5,0,5,2013
05123,5,0,5,2013
05125,405,8,413,2013
05127,4,0,4,2013
05129,0,0,0,2013
05131,187,188,375,2013
05133,9,0,9,2013
05135,3,0,3,2013
05137,3,0,3,2013
05139,4,71,75,2013
05141,5,0,5,2013
05143,792,8,800,2013
05145,110,124,234,2013
05147,0,0,0,2013
05149,9,0,9,2013
06001,1391,1690,3081,2013
06003,0,0,0,2013
06005,14,0,14,2013
06007,307,213,520,2013
06009,43,0,43,2013
06011,49,0,49,2013
06013,1681,218,1899,2013
06015,18,0,18,2013
06017,206,0,206,2013
06019,2350,422,2772,2013
06021,28,0,28,2013
06023,113,57,170,2013
06025,297,6,303,2013
06027,6,0,6,2013
06029,1795,523,2318,2013
06031,250,5,255,2013
06033,48,0,48,2013
06035,4,3,7,2013
06037,3839,10937,14776,2013
06039,215,4,219,2013
06041,170,348,518,2013
06043,24,0,24,2013
06045,111,0,111,2013
06047,99,55,154,2013
06049,8,0,8,2013
06051,20,0,20,2013
06053,190,246,436,2013
06055,63,152,215,2013
06057,174,0,174,2013
06059,3670,6752,10422,2013
06061,1266,3,1269,2013
06063,27,0,27,2013
06065,4432,1492,5924,2013
06067,1762,139,1901,2013
06069,141,2,143,2013
06071,2040,1384,3424,2013
06073,2565,5699,8264,2013
06075,54,4420,4474,2013
06077,1062,72,1134,2013
06079,495,152,647,2013
06081,363,587,950,2013
06083,370,35,405,2013
06085,1729,5892,7621,2013
06087,173,121,294,2013
06089,204,0,204,2013
06091,0,0,0,2013
06093,18,9,27,2013
06095,540,235,775,2013
06097,453,593,1046,2013
06099,280,39,319,2013
06101,55,0,55,2013
06103,70,0,70,2013
06105,14,0,14,2013
06107,870,76,946,2013
06109,34,0,34,2013
06111,430,571,1001,2013
06113,305,508,813,2013
06115,99,48,147,2013
08001,1032,308,1340,2013
08003,31,39,70,2013
08005,1206,1854,3060,2013
08007,61,0,61,2013
08009,0,0,0,2013
08011,0,0,0,2013
08013,591,1034,1625,2013
08014,338,558,896,2013
08015,99,5,104,2013
08017,0,0,0,2013
08019,11,0,11,2013
08021,15,0,15,2013
08023,27,0,27,2013
08025,2,0,2,2013
08027,47,0,47,2013
08029,13,0,13,2013
08031,1284,4586,5870,2013
08033,0,0,0,2013
08035,1988,446,2434,2013
08037,104,26,130,2013
08039,79,0,79,2013
08041,2839,702,3541,2013
08043,51,2,53,2013
08045,60,5,65,2013
08047,14,0,14,2013
08049,161,79,240,2013
08051,63,0,63,2013
08053,6,0,6,2013
08055,27,0,27,2013
08057,0,0,0,2013
08059,957,758,1715,2013
08061,0,0,0,2013
08063,24,0,24,2013
08065,0,0,0,2013
08067,267,7,274,2013
08069,1489,888,2377,2013
08071,37,0,37,2013
08073,5,0,5,2013
08075,21,0,21,2013
08077,440,2,442,2013
08079,14,0,14,2013
08081,9,0,9,2013
08083,10,0,10,2013
08085,68,0,68,2013
08087,19,0,19,2013
08089,6,0,6,2013
08091,29,0,29,2013
08093,56,0,56,2013
08095,6,0,6,2013
08097,45,0,45,2013
08099,0,0,0,2013
08101,158,0,158,2013
08103,14,0,14,2013
08105,12,0,12,2013
08107,40,20,60,2013
08109,30,5,35,2013
08111,0,0,0,2013
08113,22,0,22,2013
08115,2,0,2,2013
08117,179,100,279,2013
08119,46,0,46,2013
08121,2,0,2,2013
08123,1616,319,1935,2013
08125,0,2,2,2013
09001,870,1631,2501,2013
09003,601,462,1063,2013
09005,145,13,158,2013
09007,202,32,234,2013
09009,460,355,815,2013
09011,326,46,372,2013
09013,156,26,182,2013
09015,95,4,99,2013
10001,823,66,889,2013
10003,994,470,1464,2013
10005,1942,532,2474,2013
11001,333,2922,3255,2013
12001,528,242,770,2013
12003,57,0,57,2013
12005,488,104,592,2013
12007,27,0,27,2013
12009,1349,24,1373,2013
12011,1434,3036,4470,2013
12013,15,0,15,2013
12015,549,4,553,2013
12017,201,0,201,2013
12019,948,12,960,2013
12021,1760,918,2678,2013
12023,65,0,65,2013
12027,117,0,117,2013
12029,24,0,24,2013
12031,2002,994,2996,2013
12033,820,10,830,2013
12035,439,114,553,2013
12037,5,0,5,2013
12039,44,0,44,2013
12041,30,0,30,2013
12043,8,0,8,2013
12045,73,0,73,2013
12047,9,0,9,2013
12049,19,0,19,2013
12051,22,17,39,2013
12053,249,2,251,2013
12055,58,4,62,2013
12057,4798,2074,6872,2013
12059,24,0,24,2013
12061,546,5,551,2013
12063,38,0,38,2013
12065,15,0,15,2013
12067,4,0,4,2013
12069,1546,184,1730,2013
12071,2531,645,3176,2013
12073,474,652,1126,2013
12075,57,0,57,2013
12077,9,0,9,2013
12079,34,0,34,2013
12081,2284,1324,3608,2013
12083,588,42,630,2013
12085,474,11,485,2013
12086,2266,8050,10316,2013
12087,143,36,179,2013
12089,481,63,544,2013
12091,645,400,1045,2013
12093,35,0,35,2013
12095,4364,4669,9033,2013
12097,2403,328,2731,2013
12099,2669,2466,5135,2013
12101,1553,421,1974,2013
12103,714,2341,3055,2013
12105,1994,40,2034,2013
12107,50,0,50,2013
12109,2793,8,2801,2013
12111,587,45,632,2013
12113,1045,256,1301,2013
12115,1495,320,1815,2013
12117,909,1160,2069,2013
12119,3857,0,3857,2013
12121,28,0,28,2013
12123,18,0,18,2013
12125,15,0,15,2013
12127,1290,308,1598,2013
12129,95,0,95,2013
12131,1149,38,1187,2013
12133,25,0,25,2013
13001,3,0,3,2013
13003,0,0,0,2013
13005,0,0,0,2013
13007,0,0,0,2013
13009,12,64,76,2013
13011,16,0,16,2013
13013,239,72,311,2013
13015,150,0,150,2013
13017,6,0,6,2013
13019,7,0,7,2013
13021,72,251,323,2013
13023,19,0,19,2013
13025,9,0,9,2013
13027,19,0,19,2013
13029,251,20,271,2013
13031,170,25,195,2013
13033,43,0,43,2013
13035,8,0,8,2013
13037,0,0,0,2013
13039,69,0,69,2013
13043,0,0,0,2013
13045,93,277,370,2013
13047,123,26,149,2013
13049,7,0,7,2013
13051,901,149,1050,2013
13053,1,0,1,2013
13055,0,0,0,2013
13057,1403,0,1403,2013
13059,143,351,494,2013
13061,5,0,5,2013
13063,134,0,134,2013
13065,5,0,5,2013
13067,1594,1082,2676,2013
13069,25,6,31,2013
13071,72,2,74,2013
13073,1241,0,1241,2013
13075,26,0,26,2013
13077,724,248,972,2013
13079,10,0,10,2013
13081,23,0,23,2013
13083,1,0,1,2013
13085,84,0,84,2013
13087,24,0,24,2013
13089,336,876,1212,2013
13091,9,0,9,2013
13093,0,0,0,2013
13095,42,35,77,2013
13097,207,0,207,2013
13099,9,0,9,2013
13101,8,0,8,2013
13103,365,64,429,2013
13105,15,0,15,2013
13107,3,6,9,2013
13109,21,0,21,2013
13111,168,0,168,2013
13113,390,0,390,2013
13115,53,9,62,2013
13117,2560,215,2775,2013
13119,2,0,2,2013
13121,2121,6137,8258,2013
13123,80,0,80,2013
13127,409,0,409,2013
13129,49,60,109,2013
13131,27,0,27,2013
13133,109,0,109,2013
13135,2924,423,3347,2013
13137,34,0,34,2013
13139,552,0,552,2013
13141,16,0,16,2013
13143,25,0,25,2013
13145,143,0,143,2013
13147,34,0,34,2013
13149,16,0,16,2013
13151,634,60,694,2013
13153,565,224,789,2013
13155,18,0,18,2013
13157,292,56,348,2013
13159,48,0,48,2013
13161,1,0,1,2013
13163,16,0,16,2013
13165,11,0,11,2013
13167,0,0,0,2013
13169,14,0,14,2013
13171,8,0,8,2013
13173,26,0,26,2013
13175,13,0,13,2013
13177,161,0,161,2013
13179,192,0,192,2013
13181,24,0,24,2013
13185,352,32,384,2013
13187,166,0,166,2013
13189,15,0,15,2013
13191,26,0,26,2013
13193,9,0,9,2013
13195,45,0,45,2013
13197,10,0,10,2013
13199,26,0,26,2013
13201,0,0,0,2013
13205,19,0,19,2013
13207,64,24,88,2013
13209,12,0,12,2013
13211,40,0,40,2013
13213,22,0,22,2013
13215,318,229,547,2013
13217,82,28,110,2013
13219,482,30,512,2013
13221,28,0,28,2013
13223,543,55,598,2013
13225,60,60,120,2013
13227,60,0,60,2013
13229,36,0,36,2013
13231,17,0,17,2013
13233,14,60,74,2013
13235,17,0,17,2013
13237,41,0,41,2013
13239,6,0,6,2013
13241,48,0,48,2013
13243,0,0,0,2013
13245,445,9,454,2013
13247,81,0,81,2013
13249,0,0,0,2013
13251,11,0,11,2013
13253,8,0,8,2013
13255,114,0,114,2013
13257,20,0,20,2013
13259,0,0,0,2013
13261,62,0,62,2013
13263,8,0,8,2013
13265,2,0,2,2013
13267,21,0,21,2013
13269,11,0,11,2013
13271,0,0,0,2013
13273,3,0,3,2013
13275,77,0,77,2013
13277,40,28,68,2013
13279,8,14,22,2013
13281,59,12,71,2013
13283,3,0,3,2013
13285,118,0,118,2013
13287,10,0,10,2013
13289,13,0,13,2013
13291,99,0,99,2013
13293,10,0,10,2013
13295,99,45,144,2013
13297,203,0,203,2013
13299,91,0,91,2013
13301,0,0,0,2013
13303,58,0,58,2013
13305,1,0,1,2013
13309,0,0,0,2013
13311,27,0,27,2013
13313,47,0,47,2013
13317,3,0,3,2013
13319,2,0,2,2013
13321,16,0,16,2013
15001,729,0,729,2013
15003,1137,1504,2641,2013
15007,159,0,159,2013
15009,333,20,353,2013
16001,2540,741,3281,2013
16003,1,0,1,2013
16005,162,0,162,2013
16007,28,0,28,2013
16009,11,0,11,2013
16011,74,6,80,2013
16013,60,0,60,2013
16015,21,0,21,2013
16017,55,8,63,2013
16019,399,50,449,2013
16021,40,0,40,2013
16023,4,0,4,2013
16025,1,0,1,2013
16027,913,102,1015,2013
16029,8,0,8,2013
16031,55,6,61,2013
16033,0,0,0,2013
16035,35,0,35,2013
16037,0,0,0,2013
16039,56,0,56,2013
16041,30,0,30,2013
16043,71,0,71,2013
16045,34,0,34,2013
16047,13,0,13,2013
16049,1,0,1,2013
16051,82,0,82,2013
16053,64,0,64,2013
16055,826,451,1277,2013
16057,48,50,98,2013
16059,20,0,20,2013
16061,4,0,4,2013
16063,4,0,4,2013
16065,49,238,287,2013
16067,44,10,54,2013
16069,39,13,52,2013
16071,8,0,8,2013
16073,14,0,14,2013
16075,68,53,121,2013
16077,10,0,10,2013
16079,11,0,11,2013
16081,29,0,29,2013
16083,329,20,349,2013
16085,85,2,87,2013
16087,14,0,14,2013
17001,44,0,44,2013
17003,0,0,0,2013
17005,11,2,13,2013
17007,43,0,43,2013
17009,0,0,0,2013
17011,16,2,18,2013
17013,10,0,10,2013
17015,15,0,15,2013
17017,6,0,6,2013
17019,261,364,625,2013
17021,46,0,46,2013
17023,12,0,12,2013
17025,3,0,3,2013
17027,81,0,81,2013
17029,12,17,29,2013
17031,1396,3249,4645,2013
17033,5,0,5,2013
17035,1,0,1,2013
17037,44,25,69,2013
17039,20,0,20,2013
17041,12,0,12,2013
17043,1001,326,1327,2013
17045,2,0,2,2013
17049,22,13,35,2013
17051,0,0,0,2013
17053,15,50,65,2013
17055,7,0,7,2013
17057,32,2,34,2013
17061,2,0,2,2013
17063,60,105,165,2013
17065,0,0,0,2013
17067,5,0,5,2013
17069,0,0,0,2013
17071,11,0,11,2013
17073,51,8,59,2013
17075,25,3,28,2013
17077,8,34,42,2013
17079,0,0,0,2013
17081,6,6,12,2013
17083,27,0,27,2013
17085,39,0,39,2013
17087,0,0,0,2013
17089,1068,143,1211,2013
17091,112,0,112,2013
17093,320,0,320,2013
17095,6,2,8,2013
17097,635,104,739,2013
17099,73,0,73,2013
17101,41,0,41,2013
17103,25,4,29,2013
17105,28,4,32,2013
17107,12,0,12,2013
17109,9,0,9,2013
17111,358,80,438,2013
17113,393,281,674,2013
17115,67,12,79,2013
17117,50,2,52,2013
17119,385,140,525,2013
17121,1,0,1,2013
17123,6,0,6,2013
17125,7,0,7,2013
17127,2,0,2,2013
17129,12,0,12,2013
17131,14,0,14,2013
17133,121,0,121,2013
17135,16,7,23,2013
17137,2,2,4,2013
17139,26,12,38,2013
17141,24,0,24,2013
17143,221,6,227,2013
17145,35,0,35,2013
17147,24,0,24,2013
17149,14,15,29,2013
17151,0,0,0,2013
17153,3,0,3,2013
17155,20,0,20,2013
17157,21,71,92,2013
17159,4,0,4,2013
17161,74,83,157,2013
17163,448,194,642,2013
17165,0,0,0,2013
17167,264,64,328,2013
17173,28,0,28,2013
17175,7,0,7,2013
17177,18,0,18,2013
17179,222,64,286,2013
17181,18,6,24,2013
17183,2,19,21,2013
17185,2,0,2,2013
17187,7,0,7,2013
17189,16,2,18,2013
17191,0,0,0,2013
17193,0,0,0,2013
17195,82,48,130,2013
17197,955,22,977,2013
17199,85,73,158,2013
17201,53,0,53,2013
17203,82,10,92,2013
18001,56,0,56,2013
18003,830,63,893,2013
18005,241,0,241,2013
18007,5,0,5,2013
18009,2,0,2,2013
18011,488,352,840,2013
18013,41,7,48,2013
18015,0,0,0,2013
18017,12,0,12,2013
18019,372,161,533,2013
18021,16,2,18,2013
18023,28,0,28,2013
18025,0,0,0,2013
18027,13,10,23,2013
18029,68,0,68,2013
18031,36,0,36,2013
18033,79,0,79,2013
18035,58,226,284,2013
18037,91,16,107,2013
18039,283,20,303,2013
18041,11,0,11,2013
18043,153,0,153,2013
18045,4,0,4,2013
18047,35,0,35,2013
18049,14,0,14,2013
18051,101,0,101,2013
18053,48,0,48,2013
18057,2046,1589,3635,2013
18059,271,56,327,2013
18061,92,0,92,2013
18063,692,347,1039,2013
18065,13,0,13,2013
18067,48,103,151,2013
18069,50,0,50,2013
18071,75,95,170,2013
18073,58,0,58,2013
18075,20,2,22,2013
18077,31,0,31,2013
18079,46,0,46,2013
18081,644,54,698,2013
18083,36,12,48,2013
18085,148,114,262,2013
18087,129,0,129,2013
18089,786,199,985,2013
18091,97,16,113,2013
18093,7,20,27,2013
18095,93,0,93,2013
18097,638,671,1309,2013
18099,72,26,98,2013
18101,3,0,3,2013
18103,12,0,12,2013
18105,172,344,516,2013
18107,47,0,47,2013
18109,102,4,106,2013
18111,21,0,21,2013
18113,76,6,82,2013
18115,4,0,4,2013
18117,4,0,4,2013
18119,0,0,0,2013
18121,25,0,25,2013
18123,52,0,52,2013
18125,20,0,20,2013
18127,406,63,469,2013
18129,45,0,45,2013
18131,13,0,13,2013
18133,49,34,83,2013
18135,15,0,15,2013
18137,65,16,81,2013
18139,10,0,10,2013
18141,190,232,422,2013
18143,28,2,30,2013
18145,43,23,66,2013
18147,34,0,34,2013
18149,37,0,37,2013
18151,113,0,113,2013
18153,2,0,2,2013
18155,47,0,47,2013
18157,466,614,1080,2013
18159,15,0,15,2013
18161,4,2,6,2013
18163,278,24,302,2013
18165,5,60,65,2013
18167,82,102,184,2013
18169,24,0,24,2013
18171,16,0,16,2013
18173,160,162,322,2013
18175,45,0,45,2013
18177,26,0,26,2013
18179,37,12,49,2013
18181,26,0,26,2013
18183,93,0,93,2013
19001,5,0,5,2013
19003,3,0,3,2013
19005,51,0,51,2013
19007,7,0,7,2013
19009,7,0,7,2013
19011,28,0,28,2013
19013,259,58,317,2013
19015,32,6,38,2013
19017,66,22,88,2013
19019,18,0,18,2013
19021,56,34,90,2013
19023,25,0,25,2013
19025,12,0,12,2013
19027,27,6,33,2013
19029,11,0,11,2013
19031,42,2,44,2013
19033,47,40,87,2013
19035,25,0,25,2013
19037,1,0,1,2013
19039,2,0,2,2013
19041,48,0,48,2013
19043,27,0,27,2013
19045,43,39,82,2013
19047,42,0,42,2013
19049,338,0,338,2013
19051,3,0,3,2013
19053,6,0,6,2013
19055,14,13,27,2013
19057,33,6,39,2013
19059,106,40,146,2013
19061,325,14,339,2013
19063,7,2,9,2013
19065,8,0,8,2013
19067,28,0,28,2013
19069,3,0,3,2013
19071,8,0,8,2013
19073,4,0,4,2013
19075,20,6,26,2013
19077,15,0,15,2013
19079,6,0,6,2013
19081,7,0,7,2013
19083,15,0,15,2013
19085,17,14,31,2013
19087,28,0,28,2013
19089,5,0,5,2013
19091,18,3,21,2013
19093,9,0,9,2013
19095,14,9,23,2013
19097,35,0,35,2013
19099,37,2,39,2013
19101,10,0,10,2013
19103,497,550,1047,2013
19105,14,6,20,2013
19107,5,0,5,2013
19109,9,12,21,2013
19111,8,0,8,2013
19113,583,318,901,2013
19115,7,0,7,2013
19117,0,0,0,2013
19119,38,0,38,2013
19121,57,0,57,2013
19123,10,2,12,2013
19125,57,8,65,2013
19127,11,6,17,2013
19129,3,0,3,2013
19131,13,12,25,2013
19133,9,0,9,2013
19135,16,0,16,2013
19137,5,0,5,2013
19139,37,60,97,2013
19141,6,8,14,2013
19143,2,0,2,2013
19145,7,2,9,2013
19147,3,12,15,2013
19149,58,2,60,2013
19151,0,0,0,2013
19153,2648,1554,4202,2013
19155,149,0,149,2013
19157,25,5,30,2013
19159,2,0,2,2013
19161,5,0,5,2013
19163,371,16,387,2013
19165,12,0,12,2013
19167,98,10,108,2013
19169,246,290,536,2013
19171,17,0,17,2013
19173,4,0,4,2013
19175,3,0,3,2013
19177,1,0,1,2013
19179,20,14,34,2013
19181,249,60,309,2013
19183,18,4,22,2013
19185,1,0,1,2013
19187,41,0,41,2013
19189,10,0,10,2013
19191,50,2,52,2013
19193,138,30,168,2013
19195,5,0,5,2013
19197,7,0,7,2013
20001,36,0,36,2013
20003,15,2,17,2013
20005,4,2,6,2013
20007,1,0,1,2013
20009,33,0,33,2013
20011,1,0,1,2013
20013,0,0,0,2013
20015,148,4,152,2013
20017,2,0,2,2013
20019,0,0,0,2013
20021,0,0,0,2013
20023,0,0,0,2013
20025,0,0,0,2013
20027,15,0,15,2013
20029,0,0,0,2013
20031,16,0,16,2013
20033,0,0,0,2013
20035,35,4,39,2013
20037,58,14,72,2013
20039,0,0,0,2013
20041,31,0,31,2013
20043,5,0,5,2013
20045,215,374,589,2013
20047,1,0,1,2013
20051,45,34,79,2013
20053,2,0,2,2013
20055,34,76,110,2013
20057,38,0,38,2013
20059,28,0,28,2013
20061,141,0,141,2013
20063,0,15,15,2013
20065,0,0,0,2013
20067,1,0,1,2013
20069,18,0,18,2013
20071,5,0,5,2013
20073,0,0,0,2013
20075,1,0,1,2013
20077,7,0,7,2013
20079,45,6,51,2013
20081,0,0,0,2013
20085,7,0,7,2013
20087,43,0,43,2013
20089,0,0,0,2013
20091,1689,1716,3405,2013
20093,0,0,0,2013
20095,15,0,15,2013
20097,0,0,0,2013
20099,5,0,5,2013
20101,0,0,0,2013
20103,196,0,196,2013
20105,1,0,1,2013
20107,21,0,21,2013
20109,1,0,1,2013
20111,17,0,17,2013
20113,60,12,72,2013
20115,13,0,13,2013
20117,2,0,2,2013
20119,1,0,1,2013
20121,39,16,55,2013
20123,5,0,5,2013
20125,2,0,2,2013
20127,6,0,6,2013
20129,0,0,0,2013
20131,11,0,11,2013
20133,7,75,82,2013
20135,2,0,2,2013
20137,0,8,8,2013
20139,9,0,9,2013
20141,2,0,2,2013
20143,4,0,4,2013
20145,21,0,21,2013
20147,1,14,15,2013
20149,156,6,162,2013
20151,0,0,0,2013
20153,1,0,1,2013
20155,60,71,131,2013
20157,2,0,2,2013
20159,10,0,10,2013
20161,199,65,264,2013
20163,2,0,2,2013
20165,1,0,1,2013
20167,1,0,1,2013
20169,67,10,77,2013
20171,5,0,5,2013
20173,947,329,1276,2013
20175,14,0,14,2013
20177,194,10,204,2013
20181,0,0,0,2013
20183,3,4,7,2013
20185,7,0,7,2013
20187,1,2,3,2013
20189,8,0,8,2013
20191,23,2,25,2013
20193,0,30,30,2013
20195,1,0,1,2013
20197,19,0,19,2013
20199,0,0,0,2013
20201,2,0,2,2013
20203,4,0,4,2013
20205,13,0,13,2013
20207,5,0,5,2013
20209,160,318,478,2013
21001,0,4,4,2013
21005,43,0,43,2013
21009,120,12,132,2013
21011,0,0,0,2013
21013,21,0,21,2013
21015,408,88,496,2013
21017,21,21,42,2013
21019,1,0,1,2013
21021,31,8,39,2013
21025,1,0,1,2013
21027,3,0,3,2013
21029,272,8,280,2013
21031,0,0,0,2013
21033,3,0,3,2013
21035,30,75,105,2013
21037,118,19,137,2013
21041,1,2,3,2013
21043,2,0,2,2013
21045,1,0,1,2013
21047,82,4,86,2013
21049,29,12,41,2013
21051,0,0,0,2013
21053,0,0,0,2013
21055,0,0,0,2013
21057,0,0,0,2013
21059,236,278,514,2013
21065,0,0,0,2013
21067,676,223,899,2013
21069,0,4,4,2013
21071,2,5,7,2013
21073,20,6,26,2013
21075,0,0,0,2013
21077,19,0,19,2013
21079,0,0,0,2013
21081,19,0,19,2013
21083,1,0,1,2013
21085,7,4,11,2013
21087,1,0,1,2013
21089,22,0,22,2013
21091,4,0,4,2013
21093,272,108,380,2013
21095,0,0,0,2013
21097,22,0,22,2013
21099,35,46,81,2013
21101,62,10,72,2013
21103,22,2,24,2013
21107,75,2,77,2013
21109,0,0,0,2013
21111,943,1289,2232,2013
21113,159,14,173,2013
21115,0,12,12,2013
21117,245,10,255,2013
21121,0,0,0,2013
21123,39,8,47,2013
21125,8,0,8,2013
21133,0,9,9,2013
21137,26,0,26,2013
21141,7,23,30,2013
21143,6,0,6,2013
21145,77,34,111,2013
21147,0,0,0,2013
21149,3,0,3,2013
21151,123,84,207,2013
21155,9,4,13,2013
21157,27,94,121,2013
21161,15,6,21,2013
21163,87,6,93,2013
21167,37,22,59,2013
21173,55,2,57,2013
21175,15,0,15,2013
21177,1,0,1,2013
21179,137,0,137,2013
21181,0,0,0,2013
21183,3,0,3,2013
21185,204,0,204,2013
21187,0,0,0,2013
21191,0,0,0,2013
21193,6,0,6,2013
21195,13,9,22,2013
21199,14,0,14,2013
21205,2,33,35,2013
21207,2,8,10,2013
21209,343,49,392,2013
21211,149,0,149,2013
21213,26,10,36,2013
21215,75,0,75,2013
21217,4,16,20,2013
21219,2,4,6,2013
21221,5,2,7,2013
21225,28,4,32,2013
21227,378,151,529,2013
21229,1,24,25,2013
21231,0,0,0,2013
21233,2,0,2,2013
21235,12,10,22,2013
21239,107,0,107,2013
22001,129,6,135,2013
22003,7,0,7,2013
22005,907,0,907,2013
22007,31,4,35,2013
22009,76,0,76,2013
22011,32,0,32,2013
22013,0,0,0,2013
22015,869,418,1287,2013
22017,279,0,279,2013
22019,671,426,1097,2013
22021,6,0,6,2013
22023,59,0,59,2013
22025,15,0,15,2013
22027,0,0,0,2013
22029,13,0,13,2013
22031,18,0,18,2013
22033,1032,188,1220,2013
22035,0,0,0,2013
22037,32,0,32,2013
22039,50,0,50,2013
22041,12,0,12,2013
22043,43,0,43,2013
22045,107,2,109,2013
22047,86,2,88,2013
22049,24,0,24,2013
22051,244,2,246,2013
22053,61,0,61,2013
22055,1229,143,1372,2013
22057,306,12,318,2013
22059,2,0,2,2013
22061,70,0,70,2013
22063,647,0,647,2013
22065,58,0,58,2013
22067,81,0,81,2013
22069,53,0,53,2013
22071,736,159,895,2013
22073,454,156,610,2013
22075,83,12,95,2013
22077,46,0,46,2013
22079,297,62,359,2013
22081,0,0,0,2013
22083,36,2,38,2013
22085,44,0,44,2013
22087,40,0,40,2013
22089,102,0,102,2013
22091,0,0,0,2013
22093,53,0,53,2013
22095,45,0,45,2013
22097,138,0,138,2013
22099,170,12,182,2013
22101,67,2,69,2013
22103,1191,2,1193,2013
22105,669,20,689,2013
22107,8,3,11,2013
22109,256,0,256,2013
22111,23,0,23,2013
22113,184,0,184,2013
22115,109,2,111,2013
22117,74,0,74,2013
22119,36,0,36,2013
22121,231,0,231,2013
22123,0,0,0,2013
22125,39,0,39,2013
22127,0,0,0,2013
23000,71,0,71,2013
23001,121,2,123,2013
23003,69,8,77,2013
23005,753,283,1036,2013
23007,60,32,92,2013
23009,126,8,134,2013
23011,160,162,322,2013
23013,82,10,92,2013
23015,89,30,119,2013
23017,134,2,136,2013
23019,240,11,251,2013
23021,15,2,17,2013
23023,83,0,83,2013
23025,40,0,40,2013
23027,62,15,77,2013
23029,58,0,58,2013
23031,649,50,699,2013
24001,26,20,46,2013
24003,1404,447,1851,2013
24005,714,388,1102,2013
24009,221,0,221,2013
24011,39,0,39,2013
24013,329,100,429,2013
24015,172,53,225,2013
24017,742,649,1391,2013
24019,36,0,36,2013
24021,722,498,1220,2013
24023,68,0,68,2013
24025,512,414,926,2013
24027,1235,1032,2267,2013
24029,45,0,45,2013
24031,1652,1862,3514,2013
24033,1176,0,1176,2013
24035,203,34,237,2013
24037,403,2,405,2013
24039,26,2,28,2013
24041,210,40,250,2013
24043,277,74,351,2013
24045,112,594,706,2013
24047,123,5,128,2013
24510,220,1037,1257,2013
25001,425,171,596,2013
25003,99,0,99,2013
25005,653,393,1046,2013
25007,106,0,106,2013
25009,747,227,974,2013
25011,53,4,57,2013
25013,245,45,290,2013
25015,163,34,197,2013
25017,1558,2896,4454,2013
25019,109,0,109,2013
25021,815,371,1186,2013
25023,925,231,1156,2013
25025,38,2920,2958,2013
25027,1164,177,1341,2013
26000,56,0,56,2013
26001,19,0,19,2013
26003,15,0,15,2013
26005,305,4,309,2013
26007,18,4,22,2013
26009,62,0,62,2013
26011,17,2,19,2013
26013,11,0,11,2013
26015,85,0,85,2013
26017,42,19,61,2013
26019,53,0,53,2013
26021,146,45,191,2013
26023,1,0,1,2013
26025,47,0,47,2013
26027,78,0,78,2013
26029,60,4,64,2013
26031,50,0,50,2013
26033,50,0,50,2013
26035,18,0,18,2013
26037,131,5,136,2013
26039,26,0,26,2013
26041,60,0,60,2013
26043,30,2,32,2013
26045,97,0,97,2013
26047,81,0,81,2013
26049,227,0,227,2013
26051,43,0,43,2013
26053,15,0,15,2013
26055,356,37,393,2013
26057,17,0,17,2013
26059,38,0,38,2013
26061,53,0,53,2013
26063,41,0,41,2013
26065,280,470,750,2013
26067,40,0,40,2013
26069,33,4,37,2013
26071,33,22,55,2013
26073,61,362,423,2013
26075,91,54,145,2013
26077,437,58,495,2013
26079,24,0,24,2013
26081,1137,162,1299,2013
26083,11,0,11,2013
26085,47,0,47,2013
26087,92,0,92,2013
26089,183,0,183,2013
26091,117,0,117,2013
26093,645,59,704,2013
26095,4,0,4,2013
26097,29,0,29,2013
26099,1499,236,1735,2013
26101,4,8,12,2013
26103,95,8,103,2013
26105,43,5,48,2013
26107,41,64,105,2013
26109,21,0,21,2013
26111,138,62,200,2013
26113,18,0,18,2013
26115,200,0,200,2013
26117,53,0,53,2013
26119,12,0,12,2013
26121,168,16,184,2013
26123,57,0,57,2013
26125,2296,409,2705,2013
26127,4,0,4,2013
26129,60,0,60,2013
26131,8,0,8,2013
26133,25,0,25,2013
26135,18,0,18,2013
26137,15,0,15,2013
26139,809,57,866,2013
26141,16,0,16,2013
26143,42,0,42,2013
26145,128,83,211,2013
26147,91,0,91,2013
26149,32,0,32,2013
26151,33,0,33,2013
26153,18,0,18,2013
26155,23,0,23,2013
26157,32,0,32,2013
26159,74,0,74,2013
26161,394,364,758,2013
26163,819,206,1025,2013
26165,17,11,28,2013
27001,97,0,97,2013
27003,839,72,911,2013
27005,123,2,125,2013
27007,83,62,145,2013
27009,82,4,86,2013
27011,19,7,26,2013
27013,221,127,348,2013
27015,49,72,121,2013
27017,65,22,87,2013
27019,591,36,627,2013
27021,167,0,167,2013
27023,12,0,12,2013
27025,182,0,182,2013
27027,231,276,507,2013
27029,3,0,3,2013
27031,36,0,36,2013
27033,8,0,8,2013
27035,275,12,287,2013
27037,1084,26,1110,2013
27039,58,0,58,2013
27041,155,26,181,2013
27043,15,0,15,2013
27045,51,0,51,2013
27047,26,2,28,2013
27049,56,0,56,2013
27051,1,0,1,2013
27053,1747,4232,5979,2013
27055,28,0,28,2013
27057,21,28,49,2013
27059,72,24,96,2013
27061,88,78,166,2013
27063,14,0,14,2013
27065,15,0,15,2013
27067,75,0,75,2013
27069,9,0,9,2013
27071,18,0,18,2013
27073,10,0,10,2013
27075,57,0,57,2013
27077,18,0,18,2013
27079,50,0,50,2013
27081,8,0,8,2013
27083,26,12,38,2013
27085,27,0,27,2013
27087,0,0,0,2013
27089,9,0,9,2013
27091,3,0,3,2013
27093,43,0,43,2013
27095,30,6,36,2013
27097,81,8,89,2013
27099,46,0,46,2013
27101,24,0,24,2013
27103,70,88,158,2013
27105,12,0,12,2013
27107,5,0,5,2013
27109,488,44,532,2013
27111,54,64,118,2013
27113,20,43,63,2013
27115,30,0,30,2013
27117,9,2,11,2013
27119,90,4,94,2013
27121,47,5,52,2013
27123,177,233,410,2013
27125,0,0,0,2013
27127,15,8,23,2013
27129,12,0,12,2013
27131,71,65,136,2013
27133,10,0,10,2013
27135,10,0,10,2013
27137,218,84,302,2013
27139,614,0,614,2013
27141,229,0,229,2013
27143,8,0,8,2013
27145,294,217,511,2013
27147,32,12,44,2013
27149,11,0,11,2013
27151,11,0,11,2013
27153,48,0,48,2013
27155,11,0,11,2013
27157,48,0,48,2013
27159,22,16,38,2013
27161,27,0,27,2013
27163,759,135,894,2013
27165,7,7,14,2013
27167,11,0,11,2013
27169,52,20,72,2013
27171,537,18,555,2013
27173,7,0,7,2013
28001,3,0,3,2013
28003,11,0,11,2013
28005,0,0,0,2013
28007,5,0,5,2013
28009,2,0,2,2013
28011,71,24,95,2013
28013,2,0,2,2013
28017,1,0,1,2013
28019,0,0,0,2013
28021,1,0,1,2013
28023,0,0,0,2013
28025,8,0,8,2013
28027,8,0,8,2013
28029,5,0,5,2013
28031,1,0,1,2013
28033,840,0,840,2013
28035,66,108,174,2013
28037,0,0,0,2013
28039,2,0,2,2013
28041,0,0,0,2013
28043,15,0,15,2013
28045,297,177,474,2013
28047,729,308,1037,2013
28049,233,3,236,2013
28051,4,4,8,2013
28053,0,0,0,2013
28055,1,0,1,2013
28057,6,0,6,2013
28059,284,0,284,2013
28061,1,3,4,2013
28063,0,0,0,2013
28065,0,0,0,2013
28067,111,0,111,2013
28071,139,466,605,2013
28073,33,0,33,2013
28075,118,0,118,2013
28077,3,0,3,2013
28079,2,0,2,2013
28081,91,0,91,2013
28083,16,0,16,2013
28085,13,0,13,2013
28087,119,59,178,2013
28089,738,240,978,2013
28091,1,0,1,2013
28093,105,0,105,2013
28095,3,0,3,2013
28097,9,68,77,2013
28099,0,0,0,2013
28101,0,0,0,2013
28103,0,0,0,2013
28105,57,33,90,2013
28107,6,2,8,2013
28109,159,7,166,2013
28111,0,0,0,2013
28113,1,0,1,2013
28115,26,16,42,2013
28117,16,0,16,2013
28119,6,0,6,2013
28121,588,0,588,2013
28123,2,0,2,2013
28125,2,0,2,2013
28127,26,0,26,2013
28129,2,0,2,2013
28131,11,6,17,2013
28133,4,0,4,2013
28135,5,0,5,2013
28137,79,0,79,2013
28139,2,0,2,2013
28141,2,0,2,2013
28143,16,0,16,2013
28145,6,96,102,2013
28147,0,0,0,2013
28149,1,36,37,2013
28151,7,0,7,2013
28153,1,0,1,2013
28155,5,0,5,2013
28157,0,0,0,2013
28159,0,0,0,2013
28161,10,0,10,2013
28163,6,0,6,2013
29001,32,31,63,2013
29003,10,7,17,2013
29005,2,0,2,2013
29007,5,10,15,2013
29009,10,0,10,2013
29011,3,0,3,2013
29013,3,0,3,2013
29015,3,0,3,2013
29017,0,0,0,2013
29019,834,396,1230,2013
29021,98,2,100,2013
29023,7,16,23,2013
29025,16,0,16,2013
29027,42,4,46,2013
29029,30,16,46,2013
29031,127,84,211,2013
29033,10,0,10,2013
29035,3,0,3,2013
29037,204,0,204,2013
29039,6,0,6,2013
29041,0,0,0,2013
29043,384,4,388,2013
29045,4,0,4,2013
29047,190,222,412,2013
29049,32,0,32,2013
29051,195,29,224,2013
29053,4,0,4,2013
29055,8,6,14,2013
29057,0,0,0,2013
29059,1,0,1,2013
29061,1,0,1,2013
29063,1,0,1,2013
29065,1,20,21,2013
29067,1,0,1,2013
29069,14,0,14,2013
29071,217,81,298,2013
29073,3,0,3,2013
29075,3,0,3,2013
29077,625,825,1450,2013
29079,3,0,3,2013
29081,0,0,0,2013
29083,7,0,7,2013
29087,1,0,1,2013
29089,2,0,2,2013
29091,43,22,65,2013
29093,0,0,0,2013
29095,1354,1007,2361,2013
29097,319,95,414,2013
29099,518,10,528,2013
29101,58,56,114,2013
29103,0,0,0,2013
29105,12,0,12,2013
29107,30,0,30,2013
29109,3,0,3,2013
29111,3,0,3,2013
29113,53,0,53,2013
29115,0,0,0,2013
29117,16,8,24,2013
29119,3,2,5,2013
29121,4,0,4,2013
29123,1,2,3,2013
29125,1,0,1,2013
29127,41,0,41,2013
29129,0,0,0,2013
29131,9,19,28,2013
29133,8,0,8,2013
29135,3,0,3,2013
29137,24,0,24,2013
29139,23,0,23,2013
29141,0,0,0,2013
29143,13,0,13,2013
29145,44,8,52,2013
29147,45,14,59,2013
29149,2,0,2,2013
29151,0,2,2,2013
29153,1,9,10,2013
29155,3,9,12,2013
29157,10,16,26,2013
29159,16,2,18,2013
29161,66,33,99,2013
29163,13,0,13,2013
29165,244,24,268,2013
29167,58,0,58,2013
29169,29,413,442,2013
29171,2,0,2,2013
29173,0,0,0,2013
29175,14,0,14,2013
29177,23,0,23,2013
29179,0,0,0,2013
29181,4,2,6,2013
29183,1863,259,2122,2013
29185,1,0,1,2013
29186,3,24,27,2013
29187,57,64,121,2013
29189,744,24,768,2013
29195,8,0,8,2013
29197,3,0,3,2013
29199,0,0,0,2013
29201,42,32,74,2013
29203,0,0,0,2013
29205,0,0,0,2013
29207,20,5,25,2013
29209,96,0,96,2013
29211,1,0,1,2013
29213,107,182,289,2013
29215,6,0,6,2013
29217,11,8,19,2013
29219,68,0,68,2013
29221,0,0,0,2013
29225,30,48,78,2013
29227,0,0,0,2013
29229,1,0,1,2013
29510,50,190,240,2013
30001,3,0,3,2013
30003,1,0,1,2013
30005,0,0,0,2013
30007,0,0,0,2013
30009,5,0,5,2013
30011,1,0,1,2013
30013,143,4,147,2013
30015,3,0,3,2013
30017,1,40,41,2013
30019,1,0,1,2013
30021,3,0,3,2013
30023,7,0,7,2013
30025,6,18,24,2013
30027,1,2,3,2013
30029,197,30,227,2013
30031,777,572,1349,2013
30033,0,0,0,2013
30035,1,8,9,2013
30037,0,0,0,2013
30039,0,0,0,2013
30041,3,2,5,2013
30043,2,0,2,2013
30045,0,0,0,2013
30047,19,2,21,2013
30049,60,71,131,2013
30051,0,0,0,2013
30053,5,4,9,2013
30055,0,0,0,2013
30057,5,2,7,2013
30059,0,0,0,2013
30061,0,0,0,2013
30063,251,318,569,2013
30065,1,0,1,2013
30067,13,20,33,2013
30069,0,0,0,2013
30071,0,0,0,2013
30073,0,0,0,2013
30075,0,0,0,2013
30077,18,0,18,2013
30079,0,0,0,2013
30081,14,4,18,2013
30083,33,9,42,2013
30085,1,0,1,2013
30087,2,0,2,2013
30089,0,0,0,2013
30091,6,0,6,2013
30093,56,0,56,2013
30095,6,0,6,2013
30097,0,0,0,2013
30099,4,0,4,2013
30101,0,0,0,2013
30103,0,0,0,2013
30105,1,0,1,2013
30107,0,0,0,2013
30109,1,0,1,2013
30111,969,1128,2097,2013
31001,71,11,82,2013
31003,18,0,18,2013
31011,10,0,10,2013
31013,2,0,2,2013
31015,0,0,0,2013
31017,2,0,2,2013
31019,161,150,311,2013
31021,11,0,11,2013
31023,5,3,8,2013
31025,73,2,75,2013
31027,14,0,14,2013
31029,2,0,2,2013
31031,3,6,9,2013
31033,15,72,87,2013
31035,10,0,10,2013
31037,32,0,32,2013
31039,18,0,18,2013
31041,3,6,9,2013
31043,34,0,34,2013
31045,5,0,5,2013
31047,27,0,27,2013
31049,0,0,0,2013
31051,10,0,10,2013
31053,61,18,79,2013
31055,1654,1003,2657,2013
31057,0,0,0,2013
31059,13,2,15,2013
31061,1,0,1,2013
31063,5,0,5,2013
31065,5,0,5,2013
31067,14,0,14,2013
31069,0,0,0,2013
31071,2,0,2,2013
31073,6,0,6,2013
31077,0,0,0,2013
31079,131,95,226,2013
31081,27,0,27,2013
31083,2,0,2,2013
31085,0,0,0,2013
31087,0,0,0,2013
31089,13,8,21,2013
31091,1,0,1,2013
31093,18,0,18,2013
31095,7,0,7,2013
31097,1,0,1,2013
31099,21,0,21,2013
31101,13,0,13,2013
31103,0,0,0,2013
31105,0,0,0,2013
31107,31,0,31,2013
31109,1003,531,1534,2013
31111,44,0,44,2013
31115,2,0,2,2013
31119,53,8,61,2013
31121,29,0,29,2013
31123,0,6,6,2013
31125,3,8,11,2013
31127,9,0,9,2013
31129,2,0,2,2013
31131,33,0,33,2013
31133,3,0,3,2013
31135,0,0,0,2013
31137,14,0,14,2013
31139,15,0,15,2013
31141,52,6,58,2013
31143,2,0,2,2013
31145,6,0,6,2013
31147,3,0,3,2013
31149,2,0,2,2013
31151,8,0,8,2013
31153,978,404,1382,2013
31155,100,2,102,2013
31157,23,6,29,2013
31159,49,4,53,2013
31161,3,0,3,2013
31163,8,0,8,2013
31165,2,0,2,2013
31167,4,4,8,2013
31169,16,0,16,2013
31173,14,4,18,2013
31175,4,0,4,2013
31177,65,0,65,2013
31179,15,33,48,2013
31181,3,0,3,2013
31183,0,0,0,2013
31185,32,0,32,2013
32001,10,0,10,2013
32003,7067,1506,8573,2013
32005,112,30,142,2013
32007,283,116,399,2013
32013,78,2,80,2013
32015,15,65,80,2013
32017,13,0,13,2013
32019,105,0,105,2013
32021,0,0,0,2013
32027,4,4,8,2013
32029,9,0,9,2013
32031,1234,477,1711,2013
32033,4,0,4,2013
32510,36,4,40,2013
33001,162,4,166,2013
33003,169,28,197,2013
33005,57,48,105,2013
33007,34,0,34,2013
33009,127,6,133,2013
33011,468,99,567,2013
33013,193,44,237,2013
33015,659,238,897,2013
33017,211,185,396,2013
33019,56,0,56,2013
34001,397,87,484,2013
34003,846,1898,2744,2013
34005,447,283,730,2013
34007,285,1083,1368,2013
34009,468,190,658,2013
34011,214,5,219,2013
34013,395,1068,1463,2013
34015,578,361,939,2013
34017,130,3391,3521,2013
34019,106,90,196,2013
34021,191,797,988,2013
34023,852,800,1652,2013
34025,1121,542,1663,2013
34027,716,949,1665,2013
34029,1959,212,2171,2013
34031,256,582,838,2013
34033,38,0,38,2013
34035,589,632,1221,2013
34037,165,97,262,2013
34039,418,693,1111,2013
34041,206,72,278,2013
35000,503,0,503,2013
35001,524,1040,1564,2013
35005,63,0,63,2013
35007,14,0,14,2013
35009,134,152,286,2013
35013,677,107,784,2013
35015,115,116,231,2013
35017,2,0,2,2013
35025,61,40,101,2013
35027,64,0,64,2013
35028,4,2,6,2013
35029,6,0,6,2013
35031,9,0,9,2013
35035,4,0,4,2013
35039,0,0,0,2013
35041,34,0,34,2013
35043,818,110,928,2013
35045,155,0,155,2013
35047,1,2,3,2013
35049,159,24,183,2013
35051,2,0,2,2013
35053,3,0,3,2013
35055,102,0,102,2013
35061,114,0,114,2013
36001,341,275,616,2013
36003,46,0,46,2013
36005,3,2635,2638,2013
36007,50,2,52,2013
36009,77,15,92,2013
36011,95,0,95,2013
36013,101,4,105,2013
36015,52,29,81,2013
36017,36,137,173,2013
36019,94,12,106,2013
36021,69,82,151,2013
36023,43,0,43,2013
36025,64,32,96,2013
36027,334,77,411,2013
36029,813,894,1707,2013
36031,94,19,113,2013
36033,49,6,55,2013
36035,68,42,110,2013
36037,30,18,48,2013
36039,94,0,94,2013
36041,38,0,38,2013
36043,67,0,67,2013
36045,114,404,518,2013
36047,0,6140,6140,2013
36049,69,0,69,2013
36051,57,34,91,2013
36053,98,0,98,2013
36055,648,91,739,2013
36057,30,0,30,2013
36059,630,164,794,2013
36061,1,4855,4856,2013
36063,203,24,227,2013
36065,139,147,286,2013
36067,463,336,799,2013
36069,244,120,364,2013
36071,484,258,742,2013
36073,22,0,22,2013
36075,149,0,149,2013
36077,56,9,65,2013
36079,60,35,95,2013
36081,157,3004,3161,2013
36083,116,135,251,2013
36085,241,959,1200,2013
36087,130,237,367,2013
36089,133,9,142,2013
36091,655,354,1009,2013
36093,79,14,93,2013
36095,30,10,40,2013
36097,76,12,88,2013
36099,36,0,36,2013
36101,80,0,80,2013
36103,1029,353,1382,2013
36105,250,4,254,2013
36107,59,0,59,2013
36109,115,105,220,2013
36111,137,14,151,2013
36113,125,41,166,2013
36115,85,0,85,2013
36117,72,4,76,2013
36119,264,344,608,2013
36121,21,8,29,2013
36123,63,0,63,2013
37001,553,8,561,2013
37003,52,0,52,2013
37005,35,0,35,2013
37007,31,3,34,2013
37009,88,0,88,2013
37011,49,24,73,2013
37013,165,0,165,2013
37015,14,0,14,2013
37017,61,0,61,2013
37019,1765,0,1765,2013
37021,812,80,892,2013
37023,104,0,104,2013
37025,1102,340,1442,2013
37027,82,2,84,2013
37029,42,0,42,2013
37031,258,0,258,2013
37033,51,0,51,2013
37035,188,0,188,2013
37037,491,2,493,2013
37039,88,0,88,2013
37041,12,0,12,2013
37043,44,0,44,2013
37045,100,2,102,2013
37047,31,40,71,2013
37049,293,0,293,2013
37051,955,381,1336,2013
37053,232,0,232,2013
37055,201,0,201,2013
37057,247,152,399,2013
37059,57,0,57,2013
37061,0,54,54,2013
37063,1187,2636,3823,2013
37065,25,60,85,2013
37067,851,502,1353,2013
37069,254,0,254,2013
37071,387,84,471,2013
37073,25,0,25,2013
37075,16,0,16,2013
37077,214,0,214,2013
37079,34,0,34,2013
37081,1138,614,1752,2013
37083,47,40,87,2013
37085,813,0,813,2013
37087,119,0,119,2013
37089,332,112,444,2013
37091,5,0,5,2013
37093,314,240,554,2013
37095,11,0,11,2013
37097,639,214,853,2013
37099,150,317,467,2013
37101,1151,0,1151,2013
37103,12,0,12,2013
37105,72,0,72,2013
37107,43,2,45,2013
37109,271,41,312,2013
37111,110,0,110,2013
37113,75,0,75,2013
37115,69,0,69,2013
37117,0,0,0,2013
37119,3863,4695,8558,2013
37121,25,0,25,2013
37123,133,0,133,2013
37125,490,50,540,2013
37127,163,2,165,2013
37129,981,912,1893,2013
37131,18,0,18,2013
37133,1332,326,1658,2013
37135,246,85,331,2013
37137,51,0,51,2013
37139,68,0,68,2013
37141,395,4,399,2013
37143,38,0,38,2013
37145,45,2,47,2013
37147,378,180,558,2013
37149,47,0,47,2013
37151,166,2,168,2013
37153,98,59,157,2013
37155,96,6,102,2013
37157,112,0,112,2013
37159,185,55,240,2013
37161,148,0,148,2013
37163,73,0,73,2013
37165,9,0,9,2013
37167,103,0,103,2013
37169,54,0,54,2013
37171,80,56,136,2013
37173,41,0,41,2013
37175,59,40,99,2013
37177,12,0,12,2013
37179,1768,5,1773,2013
37181,30,0,30,2013
37183,6629,3397,10026,2013
37185,30,0,30,2013
37187,8,0,8,2013
37189,225,72,297,2013
37191,273,4,277,2013
37193,96,64,160,2013
37195,103,2,105,2013
37197,39,0,39,2013
37199,39,6,45,2013
38001,8,0,8,2013
38003,20,0,20,2013
38005,7,0,7,2013
38007,13,0,13,2013
38009,8,9,17,2013
38011,6,26,32,2013
38013,8,28,36,2013
38015,876,532,1408,2013
38017,1164,1422,2586,2013
38019,8,4,12,2013
38021,0,0,0,2013
38023,5,24,29,2013
38025,27,0,27,2013
38027,3,0,3,2013
38029,3,2,5,2013
38031,2,0,2,2013
38033,17,0,17,2013
38035,184,830,1014,2013
38037,0,0,0,2013
38039,2,0,2,2013
38041,0,0,0,2013
38043,0,0,0,2013
38045,3,9,12,2013
38047,0,3,3,2013
38049,36,0,36,2013
38051,0,2,2,2013
38053,33,160,193,2013
38055,108,2,110,2013
38057,10,0,10,2013
38059,282,401,683,2013
38061,77,144,221,2013
38063,4,0,4,2013
38065,6,0,6,2013
38067,0,0,0,2013
38069,6,0,6,2013
38071,33,0,33,2013
38073,6,0,6,2013
38075,3,0,3,2013
38077,31,0,31,2013
38079,0,0,0,2013
38081,19,0,19,2013
38083,0,0,0,2013
38085,0,0,0,2013
38087,0,0,0,2013
38089,325,404,729,2013
38091,2,0,2,2013
38093,35,12,47,2013
38095,0,0,0,2013
38097,10,2,12,2013
38099,8,2,10,2013
38101,328,1051,1379,2013
38103,1,0,1,2013
38105,172,1564,1736,2013
39001,0,0,0,2013
39003,59,4,63,2013
39005,39,4,43,2013
39007,57,6,63,2013
39009,4,6,10,2013
39011,54,6,60,2013
39013,10,8,18,2013
39015,61,0,61,2013
39017,611,44,655,2013
39019,4,0,4,2013
39021,25,0,25,2013
39023,34,38,72,2013
39025,342,267,609,2013
39027,27,0,27,2013
39029,28,2,30,2013
39031,1,0,1,2013
39033,12,0,12,2013
39035,639,400,1039,2013
39037,31,0,31,2013
39039,32,12,44,2013
39041,969,228,1197,2013
39043,80,0,80,2013
39045,332,45,377,2013
39047,21,18,39,2013
39049,1497,4590,6087,2013
39051,47,0,47,2013
39053,3,0,3,2013
39055,137,0,137,2013
39057,210,8,218,2013
39059,42,0,42,2013
39061,582,304,886,2013
39063,94,0,94,2013
39065,13,2,15,2013
39067,0,0,0,2013
39069,16,0,16,2013
39071,3,0,3,2013
39073,9,0,9,2013
39075,1,2,3,2013
39077,35,76,111,2013
39079,41,0,41,2013
39081,2,16,18,2013
39083,114,8,122,2013
39085,308,0,308,2013
39087,8,37,45,2013
39089,285,5,290,2013
39091,55,15,70,2013
39093,653,71,724,2013
39095,392,63,455,2013
39097,66,0,66,2013
39099,149,4,153,2013
39101,28,22,50,2013
39103,504,29,533,2013
39105,5,0,5,2013
39107,54,0,54,2013
39109,116,0,116,2013
39111,0,0,0,2013
39113,455,27,482,2013
39115,5,0,5,2013
39117,34,0,34,2013
39119,36,36,72,2013
39121,31,0,31,2013
39123,111,6,117,2013
39125,5,0,5,2013
39127,25,2,27,2013
39129,31,0,31,2013
39131,45,0,45,2013
39133,231,24,255,2013
39135,34,0,34,2013
39137,57,0,57,2013
39139,70,0,70,2013
39141,15,0,15,2013
39143,22,0,22,2013
39145,3,125,128,2013
39147,22,4,26,2013
39149,45,0,45,2013
39151,491,141,632,2013
39153,435,0,435,2013
39155,73,0,73,2013
39157,62,0,62,2013
39159,281,0,281,2013
39161,14,0,14,2013
39163,0,0,0,2013
39165,796,290,1086,2013
39167,4,4,8,2013
39169,129,93,222,2013
39171,14,21,35,2013
39173,182,73,255,2013
39175,18,0,18,2013
40001,0,0,0,2013
40003,0,0,0,2013
40005,12,0,12,2013
40007,0,0,0,2013
40009,53,222,275,2013
40011,5,0,5,2013
40013,55,30,85,2013
40015,3,0,3,2013
40017,256,0,256,2013
40019,112,6,118,2013
40021,41,25,66,2013
40023,0,0,0,2013
40025,0,0,0,2013
40027,1111,282,1393,2013
40029,0,0,0,2013
40031,159,10,169,2013
40033,2,0,2,2013
40035,5,0,5,2013
40037,120,7,127,2013
40039,68,0,68,2013
40041,22,6,28,2013
40043,0,0,0,2013
40045,3,0,3,2013
40047,54,0,54,2013
40049,3,0,3,2013
40051,82,10,92,2013
40053,4,0,4,2013
40055,0,0,0,2013
40059,1,0,1,2013
40061,10,0,10,2013
40063,0,0,0,2013
40065,32,0,32,2013
40067,0,9,9,2013
40069,6,0,6,2013
40071,6,2,8,2013
40073,17,10,27,2013
40075,0,0,0,2013
40077,1,0,1,2013
40079,73,5,78,2013
40081,7,0,7,2013
40083,13,6,19,2013
40085,0,0,0,2013
40087,285,0,285,2013
40089,21,0,21,2013
40091,36,0,36,2013
40093,0,0,0,2013
40095,3,0,3,2013
40097,14,0,14,2013
40099,15,0,15,2013
40101,22,8,30,2013
40103,3,0,3,2013
40105,5,0,5,2013
40107,1,0,1,2013
40109,4605,848,5453,2013
40111,8,0,8,2013
40113,120,0,120,2013
40115,1,2,3,2013
40117,0,0,0,2013
40119,314,429,743,2013
40121,32,0,32,2013
40123,15,2,17,2013
40125,102,32,134,2013
40127,2,0,2,2013
40129,0,0,0,2013
40131,400,8,408,2013
40133,5,0,5,2013
40135,54,14,68,2013
40137,34,0,34,2013
40139,9,0,9,2013
40141,0,0,0,2013
40143,2087,702,2789,2013
40145,273,0,273,2013
40147,62,0,62,2013
40149,3,0,3,2013
40151,1,0,1,2013
40153,24,16,40,2013
41000,113,0,113,2013
41001,22,0,22,2013
41003,133,90,223,2013
41005,1344,159,1503,2013
41007,82,30,112,2013
41009,79,6,85,2013
41011,17,0,17,2013
41013,85,0,85,2013
41015,24,40,64,2013
41017,1204,113,1317,2013
41019,150,14,164,2013
41025,4,0,4,2013
41027,90,13,103,2013
41029,555,89,644,2013
41031,23,0,23,2013
41033,130,2,132,2013
41035,63,0,63,2013
41037,11,0,11,2013
41039,506,743,1249,2013
41041,106,0,106,2013
41043,269,186,455,2013
41045,27,0,27,2013
41047,556,298,854,2013
41049,19,0,19,2013
41051,851,3004,3855,2013
41053,90,6,96,2013
41057,63,0,63,2013
41059,55,24,79,2013
41061,21,8,29,2013
41063,7,0,7,2013
41067,1450,1601,3051,2013
41071,268,0,268,2013
42001,200,0,200,2013
42003,1423,380,1803,2013
42005,57,0,57,2013
42007,172,59,231,2013
42009,60,0,60,2013
42011,344,156,500,2013
42013,93,8,101,2013
42015,121,0,121,2013
42017,834,120,954,2013
42019,542,778,1320,2013
42021,70,0,70,2013
42023,0,0,0,2013
42025,74,19,93,2013
42027,428,349,777,2013
42029,1045,245,1290,2013
42031,42,0,42,2013
42033,80,0,80,2013
42035,31,0,31,2013
42037,105,0,105,2013
42039,39,0,39,2013
42041,875,286,1161,2013
42043,389,48,437,2013
42045,227,3,230,2013
42047,34,0,34,2013
42049,258,209,467,2013
42051,222,0,222,2013
42053,5,0,5,2013
42055,264,21,285,2013
42057,20,0,20,2013
42059,32,0,32,2013
42061,62,0,62,2013
42063,58,176,234,2013
42065,68,0,68,2013
42067,41,0,41,2013
42069,197,36,233,2013
42071,980,278,1258,2013
42073,43,0,43,2013
42075,359,89,448,2013
42077,516,18,534,2013
42079,189,49,238,2013
42081,123,16,139,2013
42083,15,2,17,2013
42085,122,8,130,2013
42087,51,0,51,2013
42089,160,4,164,2013
42091,1000,164,1164,2013
42093,26,0,26,2013
42095,343,102,445,2013
42097,80,6,86,2013
42099,67,2,69,2013
42101,632,2183,2815,2013
42103,71,5,76,2013
42105,17,0,17,2013
42107,93,0,93,2013
42109,46,2,48,2013
42111,69,0,69,2013
42113,21,0,21,2013
42115,49,43,92,2013
42117,86,0,86,2013
42119,58,0,58,2013
42121,27,0,27,2013
42123,18,0,18,2013
42125,418,63,481,2013
42127,110,0,110,2013
42129,417,32,449,2013
42131,43,2,45,2013
42133,744,184,928,2013
44001,45,4,49,2013
44003,104,22,126,2013
44005,140,3,143,2013
44007,278,44,322,2013
44009,245,43,288,2013
45001,28,0,28,2013
45003,579,26,605,2013
45005,0,0,0,2013
45007,530,42,572,2013
45009,8,0,8,2013
45011,20,0,20,2013
45013,952,46,998,2013
45015,1099,36,1135,2013
45017,19,0,19,2013
45019,2071,1358,3429,2013
45021,84,26,110,2013
45023,32,0,32,2013
45025,40,10,50,2013
45027,54,0,54,2013
45029,36,0,36,2013
45031,80,0,80,2013
45033,20,0,20,2013
45035,609,244,853,2013
45037,63,0,63,2013
45039,39,0,39,2013
45041,282,50,332,2013
45043,222,42,264,2013
45045,2197,222,2419,2013
45047,78,44,122,2013
45049,12,0,12,2013
45051,2605,568,3173,2013
45053,204,0,204,2013
45055,210,0,210,2013
45057,1186,246,1432,2013
45059,84,30,114,2013
45061,12,0,12,2013
45063,1494,80,1574,2013
45065,27,0,27,2013
45067,12,0,12,2013
45069,10,0,10,2013
45071,94,0,94,2013
45073,279,48,327,2013
45075,85,13,98,2013
45077,443,347,790,2013
45079,1392,382,1774,2013
45081,29,0,29,2013
45083,954,244,1198,2013
45085,299,284,583,2013
45087,15,0,15,2013
45089,18,0,18,2013
45091,1641,90,1731,2013
46003,5,0,5,2013
46005,22,9,31,2013
46007,0,0,0,2013
46009,14,0,14,2013
46011,110,77,187,2013
46013,122,173,295,2013
46015,31,9,40,2013
46019,27,0,27,2013
46021,0,0,0,2013
46023,2,0,2,2013
46025,15,12,27,2013
46027,24,24,48,2013
46029,117,30,147,2013
46031,0,0,0,2013
46033,116,0,116,2013
46035,35,260,295,2013
46037,14,0,14,2013
46039,11,0,11,2013
46041,1,0,1,2013
46043,9,3,12,2013
46045,19,4,23,2013
46047,3,0,3,2013
46049,6,8,14,2013
46051,28,0,28,2013
46053,10,0,10,2013
46055,1,0,1,2013
46057,22,0,22,2013
46059,10,0,10,2013
46061,7,0,7,2013
46063,6,0,6,2013
46065,31,0,31,2013
46067,12,0,12,2013
46069,0,0,0,2013
46071,0,0,0,2013
46073,2,0,2,2013
46075,4,3,7,2013
46077,10,0,10,2013
46079,68,6,74,2013
46081,147,49,196,2013
46083,141,27,168,2013
46085,9,0,9,2013
46087,11,0,11,2013
46089,2,0,2,2013
46091,18,18,36,2013
46093,137,0,137,2013
46095,2,0,2,2013
46097,5,0,5,2013
46099,1154,1052,2206,2013
46101,14,0,14,2013
46103,390,429,819,2013
46105,0,0,0,2013
46107,3,0,3,2013
46109,26,0,26,2013
46111,6,3,9,2013
46115,12,2,14,2013
46117,9,26,35,2013
46119,11,0,11,2013
46121,0,0,0,2013
46123,0,0,0,2013
46125,24,0,24,2013
46127,108,65,173,2013
46129,4,0,4,2013
46135,46,0,46,2013
47001,77,26,103,2013
47003,71,2,73,2013
47005,5,0,5,2013
47009,364,6,370,2013
47011,272,42,314,2013
47013,159,0,159,2013
47015,12,0,12,2013
47017,6,0,6,2013
47019,79,18,97,2013
47021,61,0,61,2013
47023,14,0,14,2013
47025,43,35,78,2013
47029,1,0,1,2013
47031,98,14,112,2013
47033,0,0,0,2013
47035,210,52,262,2013
47037,1896,2142,4038,2013
47039,0,0,0,2013
47041,7,0,7,2013
47043,109,0,109,2013
47045,54,0,54,2013
47047,210,0,210,2013
47049,0,0,0,2013
47051,92,4,96,2013
47053,123,48,171,2013
47055,10,0,10,2013
47057,1,0,1,2013
47059,93,50,143,2013
47061,3,0,3,2013
47063,51,2,53,2013
47065,967,607,1574,2013
47067,0,0,0,2013
47069,28,0,28,2013
47071,1,6,7,2013
47073,19,0,19,2013
47075,19,0,19,2013
47077,6,0,6,2013
47079,14,4,18,2013
47081,0,0,0,2013
47083,0,0,0,2013
47085,3,0,3,2013
47089,112,6,118,2013
47091,1,0,1,2013
47093,1190,310,1500,2013
47095,4,2,6,2013
47097,36,0,36,2013
47099,6,4,10,2013
47101,1,0,1,2013
47103,2,0,2,2013
47105,189,0,189,2013
47107,10,0,10,2013
47109,2,0,2,2013
47111,18,44,62,2013
47113,198,0,198,2013
47115,65,0,65,2013
47117,99,0,99,2013
47119,677,12,689,2013
47121,27,0,27,2013
47123,65,0,65,2013
47125,1165,580,1745,2013
47127,23,0,23,2013
47129,1,0,1,2013
47131,18,0,18,2013
47133,1,0,1,2013
47135,0,0,0,2013
47139,137,0,137,2013
47141,243,39,282,2013
47143,75,16,91,2013
47145,9,0,9,2013
47147,159,48,207,2013
47149,1598,1459,3057,2013
47151,2,0,2,2013
47153,9,0,9,2013
47155,87,7,94,2013
47157,1041,1131,2172,2013
47159,30,0,30,2013
47161,4,0,4,2013
47163,281,0,281,2013
47165,813,0,813,2013
47167,114,0,114,2013
47169,17,11,28,2013
47171,3,0,3,2013
47173,49,0,49,2013
47177,53,2,55,2013
47179,370,374,744,2013
47181,0,0,0,2013
47183,53,0,53,2013
47185,6,0,6,2013
47187,1386,0,1386,2013
47189,921,165,1086,2013
48001,4,2,6,2013
48003,58,0,58,2013
48005,59,7,66,2013
48007,115,0,115,2013
48009,6,0,6,2013
48011,1,0,1,2013
48013,60,4,64,2013
48015,30,0,30,2013
48017,3,0,3,2013
48019,0,0,0,2013
48021,77,4,81,2013
48023,0,0,0,2013
48025,2,0,2,2013
48027,1861,246,2107,2013
48029,3066,195,3261,2013
48031,3,88,91,2013
48035,3,0,3,2013
48037,56,18,74,2013
48039,1964,124,2088,2013
48041,755,850,1605,2013
48043,4,8,12,2013
48047,0,0,0,2013
48049,21,38,59,2013
48051,9,2,11,2013
48053,186,4,190,2013
48055,17,4,21,2013
48057,100,94,194,2013
48059,8,12,20,2013
48061,1090,173,1263,2013
48063,2,0,2,2013
48065,4,0,4,2013
48067,9,0,9,2013
48069,0,0,0,2013
48071,314,0,314,2013
48073,13,2,15,2013
48075,0,0,0,2013
48077,1,0,1,2013
48079,4,0,4,2013
48081,0,0,0,2013
48083,2,0,2,2013
48085,6446,1282,7728,2013
48087,1,0,1,2013
48089,9,0,9,2013
48091,1630,100,1730,2013
48093,0,48,48,2013
48097,38,0,38,2013
48099,83,10,93,2013
48101,0,0,0,2013
48103,9,0,9,2013
48107,7,0,7,2013
48109,15,0,15,2013
48111,21,0,21,2013
48113,3608,11171,14779,2013
48115,5,0,5,2013
48117,3,7,10,2013
48119,2,0,2,2013
48121,2692,1439,4131,2013
48123,5,0,5,2013
48127,6,0,6,2013
48129,2,0,2,2013
48133,0,0,0,2013
48135,718,572,1290,2013
48139,868,14,882,2013
48141,2613,1484,4097,2013
48143,26,333,359,2013
48145,8,0,8,2013
48147,15,18,33,2013
48149,6,0,6,2013
48151,0,0,0,2013
48153,0,0,0,2013
48157,7912,1222,9134,2013
48159,0,0,0,2013
48161,2,0,2,2013
48163,13,0,13,2013
48165,16,0,16,2013
48167,2176,0,2176,2013
48169,0,0,0,2013
48171,41,0,41,2013
48177,15,0,15,2013
48179,3,0,3,2013
48181,172,191,363,2013
48183,243,531,774,2013
48185,19,0,19,2013
48187,738,0,738,2013
48189,12,0,12,2013
48191,5,0,5,2013
48193,1,0,1,2013
48195,1,0,1,2013
48197,0,0,0,2013
48199,96,0,96,2013
48201,16986,14012,30998,2013
48203,43,0,43,2013
48207,2,0,2,2013
48209,1517,1726,3243,2013
48211,0,0,0,2013
48213,67,0,67,2013
48215,2545,749,3294,2013
48217,10,0,10,2013
48219,9,0,9,2013
48221,133,18,151,2013
48223,12,0,12,2013
48225,6,0,6,2013
48227,39,0,39,2013
48231,61,7,68,2013
48233,2,0,2,2013
48237,3,0,3,2013
48239,15,0,15,2013
48241,5,0,5,2013
48245,360,4,364,2013
48249,29,0,29,2013
48251,691,0,691,2013
48253,2,0,2,2013
48255,71,12,83,2013
48257,301,0,301,2013
48259,284,0,284,2013
48265,51,0,51,2013
48267,2,0,2,2013
48271,1,0,1,2013
48273,37,386,423,2013
48277,35,0,35,2013
48279,1,0,1,2013
48281,170,84,254,2013
48283,10,16,26,2013
48285,4,0,4,2013
48287,12,0,12,2013
48291,175,0,175,2013
48293,2,0,2,2013
48295,0,0,0,2013
48297,15,0,15,2013
48299,121,0,121,2013
48303,1002,1039,2041,2013
48305,0,0,0,2013
48307,1,0,1,2013
48309,611,65,676,2013
48313,10,4,14,2013
48315,4,6,10,2013
48317,1,0,1,2013
48319,7,0,7,2013
48321,110,0,110,2013
48323,68,45,113,2013
48325,15,2,17,2013
48329,732,1092,1824,2013
48331,4,82,86,2013
48335,0,0,0,2013
48337,1,0,1,2013
48339,4976,1364,6340,2013
48341,15,2,17,2013
48343,1,0,1,2013
48347,35,2,37,2013
48349,22,0,22,2013
48351,0,0,0,2013
48353,1,0,1,2013
48355,1262,904,2166,2013
48357,8,0,8,2013
48359,0,0,0,2013
48361,144,0,144,2013
48363,11,0,11,2013
48365,7,2,9,2013
48367,274,70,344,2013
48369,2,0,2,2013
48371,7,0,7,2013
48373,362,6,368,2013
48375,549,236,785,2013
48377,9,0,9,2013
48379,2,0,2,2013
48381,70,38,108,2013
48383,5,4,9,2013
48385,0,0,0,2013
48387,8,0,8,2013
48389,3,0,3,2013
48391,3,0,3,2013
48395,9,0,9,2013
48397,741,0,741,2013
48399,1,0,1,2013
48401,0,0,0,2013
48403,0,0,0,2013
48405,0,0,0,2013
48407,5,0,5,2013
48409,215,0,215,2013
48411,0,0,0,2013
48413,1,0,1,2013
48415,4,2,6,2013
48419,16,0,16,2013
48421,7,4,11,2013
48423,373,0,373,2013
48425,6,0,6,2013
48429,0,0,0,2013
48435,0,0,0,2013
48437,0,0,0,2013
48439,5476,2703,8179,2013
48441,282,2,284,2013
48445,6,0,6,2013
48449,0,0,0,2013
48451,326,200,526,2013
48453,4492,9421,13913,2013
48455,6,0,6,2013
48457,0,0,0,2013
48459,15,0,15,2013
48461,1,0,1,2013
48463,24,4,28,2013
48465,44,2,46,2013
48467,3,0,3,2013
48469,122,342,464,2013
48471,61,0,61,2013
48473,4,69,73,2013
48475,7,24,31,2013
48477,46,0,46,2013
48479,915,708,1623,2013
48481,87,0,87,2013
48483,0,0,0,2013
48485,108,102,210,2013
48487,1,0,1,2013
48489,46,0,46,2013
48491,2838,756,3594,2013
48493,34,0,34,2013
48495,0,0,0,2013
48497,64,0,64,2013
48499,3,15,18,2013
48501,14,0,14,2013
48503,36,0,36,2013
48507,14,0,14,2013
49001,10,0,10,2013
49003,158,24,182,2013
49005,349,291,640,2013
49007,23,30,53,2013
49009,4,0,4,2013
49011,1487,406,1893,2013
49013,129,16,145,2013
49015,12,0,12,2013
49017,39,4,43,2013
49019,62,0,62,2013
49021,182,45,227,2013
49023,31,2,33,2013
49025,24,0,24,2013
49027,9,0,9,2013
49029,96,0,96,2013
49031,13,0,13,2013
49033,31,0,31,2013
49035,2991,1998,4989,2013
49037,21,0,21,2013
49039,42,0,42,2013
49041,41,0,41,2013
49043,167,59,226,2013
49045,289,24,313,2013
49047,201,120,321,2013
49049,2644,746,3390,2013
49051,385,10,395,2013
49053,1835,50,1885,2013
49055,15,0,15,2013
49057,567,136,703,2013
50001,82,11,93,2013
50003,47,8,55,2013
50005,46,3,49,2013
50007,235,354,589,2013
50009,9,0,9,2013
50011,128,23,151,2013
50013,18,0,18,2013
50015,37,4,41,2013
50017,34,0,34,2013
50019,38,109,147,2013
50021,46,0,46,2013
50023,113,16,129,2013
50025,55,4,59,2013
50027,67,12,79,2013
51001,88,0,88,2013
51003,412,0,412,2013
51005,16,0,16,2013
51007,37,0,37,2013
51009,56,11,67,2013
51011,51,12,63,2013
51013,204,730,934,2013
51015,191,0,191,2013
51017,12,0,12,2013
51019,285,100,385,2013
51021,8,0,8,2013
51023,63,0,63,2013
51025,25,0,25,2013
51027,10,6,16,2013
51029,46,0,46,2013
51031,143,179,322,2013
51033,84,0,84,2013
51035,48,0,48,2013
51036,20,0,20,2013
51037,21,0,21,2013
51041,956,441,1397,2013
51043,28,0,28,2013
51045,6,0,6,2013
51047,192,0,192,2013
51049,20,0,20,2013
51051,6,0,6,2013
51053,59,0,59,2013
51057,22,0,22,2013
51059,722,313,1035,2013
51061,266,2,268,2013
51063,54,0,54,2013
51065,76,8,84,2013
51067,111,0,111,2013
51069,357,0,357,2013
51071,42,0,42,2013
51073,121,0,121,2013
51075,142,0,142,2013
51077,26,0,26,2013
51079,59,70,129,2013
51081,15,0,15,2013
51083,60,8,68,2013
51085,599,0,599,2013
51087,823,122,945,2013
51089,20,0,20,2013
51091,7,0,7,2013
51093,123,0,123,2013
51095,378,92,470,2013
51097,11,0,11,2013
51099,102,0,102,2013
51101,69,0,69,2013
51103,48,0,48,2013
51105,27,0,27,2013
51107,3545,1339,4884,2013
51109,154,0,154,2013
51111,21,0,21,2013
51113,31,0,31,2013
51115,27,0,27,2013
51117,78,0,78,2013
51119,35,0,35,2013
51121,176,123,299,2013
51125,52,0,52,2013
51127,187,0,187,2013
51131,24,0,24,2013
51133,57,0,57,2013
51135,26,8,34,2013
51137,94,0,94,2013
51139,39,0,39,2013
51141,35,0,35,2013
51143,139,45,184,2013
51145,143,0,143,2013
51147,41,0,41,2013
51149,42,144,186,2013
51153,1473,808,2281,2013
51155,63,0,63,2013
51157,32,0,32,2013
51159,19,16,35,2013
51161,203,48,251,2013
51163,64,4,68,2013
51165,421,0,421,2013
51167,19,0,19,2013
51169,29,0,29,2013
51171,75,0,75,2013
51173,31,0,31,2013
51175,27,2,29,2013
51177,362,0,362,2013
51179,1043,0,1043,2013
51181,19,0,19,2013
51183,29,0,29,2013
51185,34,9,43,2013
51187,85,0,85,2013
51191,80,2,82,2013
51193,63,0,63,2013
51195,16,72,88,2013
51197,67,17,84,2013
51199,237,22,259,2013
51510,218,1630,1848,2013
51520,6,0,6,2013
51530,1,0,1,2013
51540,58,271,329,2013
51550,911,749,1660,2013
51570,8,0,8,2013
51580,4,0,4,2013
51590,12,0,12,2013
51595,8,6,14,2013
51600,55,0,55,2013
51610,16,0,16,2013
51620,1,0,1,2013
51630,52,0,52,2013
51640,1,0,1,2013
51650,145,108,253,2013
51660,49,8,57,2013
51670,58,0,58,2013
51678,2,0,2,2013
51680,152,0,152,2013
51683,118,0,118,2013
51685,11,0,11,2013
51690,2,0,2,2013
51700,92,123,215,2013
51710,389,602,991,2013
51720,0,0,0,2013
51730,8,0,8,2013
51735,7,0,7,2013
51740,87,132,219,2013
51750,14,80,94,2013
51760,106,743,849,2013
51770,65,161,226,2013
51775,28,0,28,2013
51790,22,0,22,2013
51800,592,516,1108,2013
51810,733,929,1662,2013
51820,40,238,278,2013
51830,11,0,11,2013
51840,9,0,9,2013
53001,44,10,54,2013
53003,21,2,23,2013
53005,840,90,930,2013
53007,259,318,577,2013
53009,122,0,122,2013
53011,1699,1243,2942,2013
53013,7,0,7,2013
53015,155,40,195,2013
53017,127,2,129,2013
53019,20,0,20,2013
53021,245,130,375,2013
53023,1,0,1,2013
53025,236,43,279,2013
53027,122,0,122,2013
53029,221,0,221,2013
53031,101,0,101,2013
53033,4419,7858,12277,2013
53035,674,239,913,2013
53037,285,59,344,2013
53039,88,6,94,2013
53041,95,0,95,2013
53043,45,0,45,2013
53045,120,15,135,2013
53047,94,36,130,2013
53049,139,0,139,2013
53051,37,0,37,2013
53053,2369,523,2892,2013
53055,109,0,109,2013
53057,283,0,283,2013
53059,26,0,26,2013
53061,1985,2363,4348,2013
53063,1299,335,1634,2013
53065,66,18,84,2013
53067,929,360,1289,2013
53069,12,0,12,2013
53071,134,107,241,2013
53073,568,431,999,2013
53075,100,280,380,2013
53077,300,58,358,2013
54001,4,2,6,2013
54003,524,0,524,2013
54005,16,0,16,2013
54007,1,0,1,2013
54009,15,0,15,2013
54011,120,120,240,2013
54015,1,0,1,2013
54019,31,0,31,2013
54021,0,6,6,2013
54023,24,30,54,2013
54025,63,0,63,2013
54027,55,0,55,2013
54029,18,0,18,2013
54031,33,0,33,2013
54033,58,32,90,2013
54035,2,0,2,2013
54037,230,6,236,2013
54039,71,253,324,2013
54041,0,0,0,2013
54043,12,0,12,2013
54045,1,0,1,2013
54047,12,0,12,2013
54049,9,8,17,2013
54051,0,0,0,2013
54053,3,0,3,2013
54055,35,0,35,2013
54057,43,0,43,2013
54059,0,0,0,2013
54061,26,110,136,2013
54063,0,0,0,2013
54065,47,0,47,2013
54067,0,0,0,2013
54069,23,9,32,2013
54071,18,0,18,2013
54073,2,0,2,2013
54075,0,0,0,2013
54077,1,0,1,2013
54079,122,13,135,2013
54081,111,0,111,2013
54083,5,8,13,2013
54085,1,0,1,2013
54087,37,0,37,2013
54089,17,0,17,2013
54091,5,0,5,2013
54093,2,0,2,2013
54095,2,0,2,2013
54097,44,17,61,2013
54099,13,0,13,2013
54101,0,0,0,2013
54103,4,16,20,2013
54105,3,0,3,2013
54107,79,0,79,2013
54109,2,0,2,2013
55001,53,0,53,2013
55003,10,0,10,2013
55005,63,4,67,2013
55007,79,0,79,2013
55009,542,551,1093,2013
55011,28,0,28,2013
55013,65,0,65,2013
55015,100,8,108,2013
55017,131,95,226,2013
55019,33,0,33,2013
55021,60,10,70,2013
55023,27,2,29,2013
55025,1113,1742,2855,2013
55027,87,216,303,2013
55029,140,12,152,2013
55031,71,12,83,2013
55033,71,34,105,2013
55035,204,226,430,2013
55037,29,0,29,2013
55039,114,144,258,2013
55041,44,0,44,2013
55043,61,10,71,2013
55045,39,2,41,2013
55047,22,0,22,2013
55049,39,2,41,2013
55051,16,0,16,2013
55053,35,0,35,2013
55055,107,66,173,2013
55057,86,0,86,2013
55059,153,50,203,2013
55061,35,0,35,2013
55063,266,190,456,2013
55065,15,2,17,2013
55067,33,0,33,2013
55069,77,0,77,2013
55071,63,6,69,2013
55073,228,60,288,2013
55075,91,0,91,2013
55077,19,0,19,2013
55078,6,0,6,2013
55079,154,257,411,2013
55081,96,10,106,2013
55083,142,0,142,2013
55085,160,2,162,2013
55087,416,305,721,2013
55089,181,98,279,2013
55091,13,0,13,2013
55093,104,2,106,2013
55095,68,0,68,2013
55097,114,42,156,2013
55099,50,0,50,2013
55101,182,28,210,2013
55103,34,0,34,2013
55105,114,28,142,2013
55107,59,0,59,2013
55109,239,81,320,2013
55111,111,0,111,2013
55113,102,0,102,2013
55115,43,20,63,2013
55117,93,6,99,2013
55119,18,10,28,2013
55121,61,8,69,2013
55123,49,5,54,2013
55125,139,0,139,2013
55127,154,30,184,2013
55129,47,0,47,2013
55131,309,74,383,2013
55133,682,245,927,2013
55135,73,0,73,2013
55137,45,0,45,2013
55139,305,82,387,2013
55141,69,211,280,2013
56001,125,14,139,2013
56003,9,2,11,2013
56005,122,0,122,2013
56007,24,8,32,2013
56009,41,10,51,2013
56011,5,0,5,2013
56013,16,4,20,2013
56015,2,0,2,2013
56017,0,0,0,2013
56019,5,4,9,2013
56021,410,228,638,2013
56023,32,0,32,2013
56025,357,246,603,2013
56027,5,0,5,2013
56029,98,12,110,2013
56031,19,0,19,2013
56033,138,2,140,2013
56035,29,24,53,2013
56037,87,16,103,2013
56039,127,35,162,2013
56041,31,4,35,2013
56043,4,0,4,2013
56045,5,0,5,2013
01001,131,0,131,2014
01003,1364,20,1384,2014
01005,6,2,8,2014
01007,19,0,19,2014
01009,3,0,3,2014
01011,1,0,1,2014
01013,2,0,2,2014
01015,102,12,114,2014
01017,8,0,8,2014
01019,2,0,2,2014
01021,14,64,78,2014
01023,0,0,0,2014
01025,11,0,11,2014
01027,0,0,0,2014
01029,1,0,1,2014
01031,58,0,58,2014
01033,120,23,143,2014
01035,3,0,3,2014
01037,0,0,0,2014
01039,8,0,8,2014
01041,2,0,2,2014
01043,71,6,77,2014
01045,17,0,17,2014
01047,17,0,17,2014
01049,31,0,31,2014
01051,141,118,259,2014
01053,0,26,26,2014
01055,79,0,79,2014
01057,0,0,0,2014
01059,7,6,13,2014
01061,8,0,8,2014
01063,4,0,4,2014
01065,8,0,8,2014
01067,17,0,17,2014
01069,198,113,311,2014
01071,39,0,39,2014
01073,1298,982,2280,2014
01075,0,0,0,2014
01077,54,0,54,2014
01079,0,0,0,2014
01081,751,192,943,2014
01083,84,56,140,2014
01085,5,0,5,2014
01087,1,0,1,2014
01089,1700,977,2677,2014
01091,0,0,0,2014
01093,0,0,0,2014
01095,28,0,28,2014
01097,746,0,746,2014
01099,0,0,0,2014
01101,460,274,734,2014
01103,136,0,136,2014
01105,0,0,0,2014
01107,3,0,3,2014
01109,42,2,44,2014
01111,0,0,0,2014
01113,244,0,244,2014
01115,80,0,80,2014
01117,896,0,896,2014
01119,3,0,3,2014
01121,21,44,65,2014
01123,16,0,16,2014
01125,429,946,1375,2014
01127,8,0,8,2014
01129,2,0,2,2014
01131,0,0,0,2014
01133,7,0,7,2014
02000,77,0,77,2014
02013,0,0,0,2014
02016,2,0,2,2014
02020,572,198,770,2014
02020,572,198,770,2014
02050,11,0,11,2014
02060,2,0,2,2014
02070,4,0,4,2014
02090,54,0,54,2014
02100,6,0,6,2014
02105,8,0,8,2014
02110,68,136,204,2014
02110,68,136,204,2014
02122,105,20,125,2014
02130,28,9,37,2014
02150,10,2,12,2014
02170,99,18,117,2014
02180,4,6,10,2014
02185,15,0,15,2014
02188,20,0,20,2014
02195,7,2,9,2014
02198,2,2,4,2014
02220,17,0,17,2014
02220,17,0,17,2014
02230,2,0,2,2014
02261,3,0,3,2014
02270,0,0,0,2014
02275,6,0,6,2014
02282,3,0,3,2014
02282,3,0,3,2014
02290,0,0,0,2014
04001,38,0,38,2014
04003,179,82,261,2014
04005,290,270,560,2014
04007,101,0,101,2014
04009,73,14,87,2014
04011,1,0,1,2014
04012,16,10,26,2014
04013,9836,8761,18597,2014
04015,521,14,535,2014
04017,183,8,191,2014
04019,2296,954,3250,2014
04021,1721,23,1744,2014
04023,44,0,44,2014
04025,948,20,968,2014
04027,594,0,594,2014
05001,18,0,18,2014
05003,0,0,0,2014
05005,8,0,8,2014
05007,1358,860,2218,2014
05009,12,0,12,2014
05011,1,0,1,2014
05013,0,0,0,2014
05015,10,0,10,2014
05017,6,0,6,2014
05019,3,0,3,2014
05021,3,0,3,2014
05023,14,12,26,2014
05025,0,0,0,2014
05027,9,40,49,2014
05029,4,6,10,2014
05031,368,303,671,2014
05033,39,4,43,2014
05035,75,20,95,2014
05037,18,0,18,2014
05039,1,0,1,2014
05041,7,0,7,2014
05043,4,0,4,2014
05045,247,94,341,2014
05047,0,0,0,2014
05049,1,0,1,2014
05051,43,0,43,2014
05053,9,0,9,2014
05055,118,75,193,2014
05057,3,0,3,2014
05059,0,0,0,2014
05061,3,0,3,2014
05063,24,24,48,2014
05065,3,0,3,2014
05067,5,0,5,2014
05069,39,16,55,2014
05071,1,2,3,2014
05073,0,0,0,2014
05075,3,0,3,2014
05077,0,0,0,2014
05079,0,0,0,2014
05081,1,0,1,2014
05083,4,4,8,2014
05085,248,15,263,2014
05087,0,0,0,2014
05089,2,0,2,2014
05091,35,2,37,2014
05093,27,3,30,2014
05095,1,0,1,2014
05099,0,0,0,2014
05101,1,0,1,2014
05103,3,0,3,2014
05105,1,0,1,2014
05107,34,0,34,2014
05111,9,0,9,2014
05113,2,0,2,2014
05115,36,17,53,2014
05117,11,0,11,2014
05119,685,457,1142,2014
05121,6,5,11,2014
05123,0,0,0,2014
05125,324,2,326,2014
05127,2,40,42,2014
05129,0,0,0,2014
05131,208,206,414,2014
05133,8,0,8,2014
05135,8,0,8,2014
05137,8,0,8,2014
05139,9,78,87,2014
05141,3,0,3,2014
05143,1026,105,1131,2014
05145,97,19,116,2014
05147,0,0,0,2014
05149,1,0,1,2014
06001,1613,1825,3438,2014
06003,3,0,3,2014
06005,22,0,22,2014
06007,355,195,550,2014
06009,70,0,70,2014
06011,58,0,58,2014
06013,1503,498,2001,2014
06015,7,2,9,2014
06017,162,28,190,2014
06019,1611,281,1892,2014
06021,27,3,30,2014
06023,148,86,234,2014
06025,185,61,246,2014
06027,7,0,7,2014
06029,1885,412,2297,2014
06031,274,160,434,2014
06033,45,0,45,2014
06035,6,0,6,2014
06037,4586,13073,17659,2014
06039,210,4,214,2014
06041,194,196,390,2014
06043,24,0,24,2014
06045,104,5,109,2014
06047,163,6,169,2014
06049,8,0,8,2014
06051,29,0,29,2014
06053,236,125,361,2014
06055,92,55,147,2014
06057,207,83,290,2014
06059,3714,5577,9291,2014
06061,1636,354,1990,2014
06063,32,0,32,2014
06065,5074,1687,6761,2014
06067,1680,81,1761,2014
06069,105,0,105,2014
06071,2148,1257,3405,2014
06073,2487,4388,6875,2014
06075,35,2676,2711,2014
06077,1245,20,1265,2014
06079,812,171,983,2014
06081,371,1090,1461,2014
06083,372,383,755,2014
06085,1756,8176,9932,2014
06087,172,119,291,2014
06089,240,2,242,2014
06091,4,0,4,2014
06093,19,0,19,2014
06095,646,0,646,2014
06097,419,244,663,2014
06099,404,50,454,2014
06101,69,10,79,2014
06103,76,2,78,2014
06105,30,0,30,2014
06107,836,256,1092,2014
06109,51,4,55,2014
06111,536,778,1314,2014
06113,216,2,218,2014
06115,201,0,201,2014
08001,1085,30,1115,2014
08003,34,18,52,2014
08005,1258,639,1897,2014
08007,75,0,75,2014
08009,0,0,0,2014
08011,0,0,0,2014
08013,560,811,1371,2014
08014,439,381,820,2014
08015,95,10,105,2014
08017,1,0,1,2014
08019,11,0,11,2014
08021,13,0,13,2014
08023,30,0,30,2014
08025,7,0,7,2014
08027,43,0,43,2014
08029,11,36,47,2014
08031,1710,4248,5958,2014
08033,1,0,1,2014
08035,2224,1006,3230,2014
08037,106,150,256,2014
08039,116,0,116,2014
08041,2594,939,3533,2014
08043,55,0,55,2014
08045,79,4,83,2014
08047,13,0,13,2014
08049,118,19,137,2014
08051,58,0,58,2014
08053,6,0,6,2014
08055,13,0,13,2014
08057,0,0,0,2014
08059,1120,1399,2519,2014
08061,0,0,0,2014
08063,2,0,2,2014
08065,0,0,0,2014
08067,228,50,278,2014
08069,1627,871,2498,2014
08071,5,0,5,2014
08073,2,0,2,2014
08075,19,0,19,2014
08077,452,52,504,2014
08079,6,0,6,2014
08081,9,0,9,2014
08083,13,2,15,2014
08085,89,0,89,2014
08087,18,2,20,2014
08089,2,0,2,2014
08091,33,0,33,2014
08093,88,0,88,2014
08095,9,0,9,2014
08097,64,34,98,2014
08099,1,0,1,2014
08101,157,0,157,2014
08103,10,0,10,2014
08105,12,0,12,2014
08107,74,58,132,2014
08109,32,0,32,2014
08111,0,0,0,2014
08113,27,9,36,2014
08115,1,0,1,2014
08117,171,36,207,2014
08119,68,72,140,2014
08121,5,0,5,2014
08123,1995,713,2708,2014
08125,1,2,3,2014
09001,987,902,1889,2014
09003,435,527,962,2014
09005,141,4,145,2014
09007,164,64,228,2014
09009,484,656,1140,2014
09011,288,358,646,2014
09013,155,48,203,2014
09015,106,10,116,2014
10001,912,86,998,2014
10003,1289,619,1908,2014
10005,1943,345,2288,2014
11001,288,3901,4189,2014
12001,499,263,762,2014
12003,41,6,47,2014
12005,599,2,601,2014
12007,2,0,2,2014
12009,1241,45,1286,2014
12011,1181,1281,2462,2014
12013,8,0,8,2014
12015,610,0,610,2014
12017,233,0,233,2014
12019,813,102,915,2014
12021,2477,1133,3610,2014
12023,80,0,80,2014
12027,112,0,112,2014
12029,24,0,24,2014
12031,2242,1204,3446,2014
12033,694,4,698,2014
12035,548,0,548,2014
12037,8,0,8,2014
12039,23,0,23,2014
12041,37,0,37,2014
12043,14,0,14,2014
12045,88,4,92,2014
12047,9,0,9,2014
12049,17,0,17,2014
12051,24,0,24,2014
12053,336,42,378,2014
12055,92,0,92,2014
12057,4411,3079,7490,2014
12059,31,0,31,2014
12061,707,0,707,2014
12063,29,0,29,2014
12065,17,0,17,2014
12067,11,0,11,2014
12069,1890,598,2488,2014
12071,3112,983,4095,2014
12073,482,632,1114,2014
12075,49,0,49,2014
12077,9,0,9,2014
12079,33,0,33,2014
12081,2318,1247,3565,2014
12083,713,41,754,2014
12085,366,66,432,2014
12086,2077,5654,7731,2014
12087,152,36,188,2014
12089,545,42,587,2014
12091,582,8,590,2014
12093,17,0,17,2014
12095,4483,4763,9246,2014
12097,2766,648,3414,2014
12099,2533,2533,5066,2014
12101,1825,960,2785,2014
12103,695,1038,1733,2014
12105,2547,12,2559,2014
12107,29,0,29,2014
12109,2658,128,2786,2014
12111,682,280,962,2014
12113,943,184,1127,2014
12115,1856,237,2093,2014
12117,667,300,967,2014
12119,2570,0,2570,2014
12121,37,4,41,2014
12123,24,0,24,2014
12125,22,0,22,2014
12127,1201,172,1373,2014
12129,106,0,106,2014
12131,982,94,1076,2014
12133,21,0,21,2014
13001,3,0,3,2014
13003,0,0,0,2014
13005,0,0,0,2014
13007,0,0,0,2014
13009,34,5,39,2014
13011,17,0,17,2014
13013,380,64,444,2014
13015,221,0,221,2014
13017,11,0,11,2014
13019,15,0,15,2014
13021,92,0,92,2014
13023,16,0,16,2014
13025,11,0,11,2014
13027,15,0,15,2014
13029,332,80,412,2014
13031,208,313,521,2014
13033,43,0,43,2014
13035,12,0,12,2014
13037,0,0,0,2014
13039,126,0,126,2014
13043,0,0,0,2014
13045,111,0,111,2014
13047,116,28,144,2014
13049,7,0,7,2014
13051,1048,269,1317,2014
13053,3,0,3,2014
13055,0,0,0,2014
13057,1576,547,2123,2014
13059,116,422,538,2014
13061,5,0,5,2014
13063,328,12,340,2014
13065,4,0,4,2014
13067,1391,1712,3103,2014
13069,33,2,35,2014
13071,40,48,88,2014
13073,1289,0,1289,2014
13075,33,0,33,2014
13077,745,0,745,2014
13079,20,0,20,2014
13081,12,0,12,2014
13083,1,0,1,2014
13085,121,56,177,2014
13087,32,0,32,2014
13089,485,746,1231,2014
13091,8,0,8,2014
13093,0,0,0,2014
13095,44,36,80,2014
13097,224,0,224,2014
13099,9,0,9,2014
13101,1,0,1,2014
13103,477,5,482,2014
13105,12,0,12,2014
13107,3,4,7,2014
13109,15,5,20,2014
13111,168,0,168,2014
13113,314,0,314,2014
13115,70,5,75,2014
13117,2576,618,3194,2014
13119,2,0,2,2014
13121,2405,5693,8098,2014
13123,102,0,102,2014
13127,427,0,427,2014
13129,60,3,63,2014
13131,27,4,31,2014
13133,203,0,203,2014
13135,3135,244,3379,2014
13137,35,0,35,2014
13139,714,8,722,2014
13141,15,0,15,2014
13143,23,0,23,2014
13145,113,0,113,2014
13147,31,4,35,2014
13149,15,0,15,2014
13151,1047,0,1047,2014
13153,596,6,602,2014
13155,10,0,10,2014
13157,455,0,455,2014
13159,53,0,53,2014
13161,1,0,1,2014
13163,5,0,5,2014
13165,10,0,10,2014
13167,0,0,0,2014
13169,28,0,28,2014
13171,18,0,18,2014
13173,15,0,15,2014
13175,9,0,9,2014
13177,175,0,175,2014
13179,198,44,242,2014
13181,17,0,17,2014
13185,353,26,379,2014
13187,91,0,91,2014
13189,19,0,19,2014
13191,24,0,24,2014
13193,3,0,3,2014
13195,66,0,66,2014
13197,10,0,10,2014
13199,24,0,24,2014
13201,0,0,0,2014
13205,10,0,10,2014
13207,77,0,77,2014
13209,11,0,11,2014
13211,52,0,52,2014
13213,22,0,22,2014
13215,333,252,585,2014
13217,176,5,181,2014
13219,293,6,299,2014
13221,27,0,27,2014
13223,930,0,930,2014
13225,46,115,161,2014
13227,51,2,53,2014
13229,38,0,38,2014
13231,26,0,26,2014
13233,10,0,10,2014
13235,17,0,17,2014
13237,35,0,35,2014
13239,5,0,5,2014
13241,47,0,47,2014
13243,0,0,0,2014
13245,354,376,730,2014
13247,133,0,133,2014
13249,0,0,0,2014
13251,10,0,10,2014
13253,4,0,4,2014
13255,141,0,141,2014
13257,25,0,25,2014
13259,0,0,0,2014
13261,11,0,11,2014
13263,10,0,10,2014
13265,2,0,2,2014
13267,17,0,17,2014
13269,11,0,11,2014
13271,0,0,0,2014
13273,3,0,3,2014
13275,71,0,71,2014
13277,37,22,59,2014
13279,5,18,23,2014
13281,52,51,103,2014
13283,0,0,0,2014
13285,133,0,133,2014
13287,9,56,65,2014
13289,1,0,1,2014
13291,87,0,87,2014
13293,22,0,22,2014
13295,84,0,84,2014
13297,271,0,271,2014
13299,94,0,94,2014
13301,0,0,0,2014
13303,53,0,53,2014
13305,4,0,4,2014
13309,0,0,0,2014
13311,38,0,38,2014
13313,93,6,99,2014
13317,1,2,3,2014
13319,1,0,1,2014
13321,13,0,13,2014
15001,806,152,958,2014
15003,875,703,1578,2014
15007,192,0,192,2014
15009,324,14,338,2014
16001,2353,1615,3968,2014
16003,4,0,4,2014
16005,142,20,162,2014
16007,35,0,35,2014
16009,14,0,14,2014
16011,70,18,88,2014
16013,89,0,89,2014
16015,32,0,32,2014
16017,47,8,55,2014
16019,390,8,398,2014
16021,51,0,51,2014
16023,5,0,5,2014
16025,3,0,3,2014
16027,1043,87,1130,2014
16029,9,0,9,2014
16031,44,2,46,2014
16033,3,0,3,2014
16035,19,0,19,2014
16037,0,0,0,2014
16039,45,12,57,2014
16041,35,0,35,2014
16043,65,0,65,2014
16045,37,0,37,2014
16047,13,0,13,2014
16049,1,0,1,2014
16051,79,0,79,2014
16053,57,0,57,2014
16055,820,227,1047,2014
16057,61,75,136,2014
16059,11,0,11,2014
16061,10,0,10,2014
16063,4,0,4,2014
16065,84,302,386,2014
16067,29,0,29,2014
16069,26,29,55,2014
16071,18,0,18,2014
16073,16,0,16,2014
16075,60,50,110,2014
16077,8,0,8,2014
16079,7,0,7,2014
16081,28,0,28,2014
16083,312,49,361,2014
16085,97,2,99,2014
16087,17,0,17,2014
17001,69,14,83,2014
17003,0,0,0,2014
17005,12,0,12,2014
17007,11,0,11,2014
17009,0,0,0,2014
17011,15,0,15,2014
17013,12,0,12,2014
17015,17,0,17,2014
17017,8,0,8,2014
17019,335,1123,1458,2014
17021,29,0,29,2014
17023,4,3,7,2014
17025,4,0,4,2014
17027,85,0,85,2014
17029,16,0,16,2014
17031,1476,6277,7753,2014
17033,5,0,5,2014
17035,0,0,0,2014
17037,45,0,45,2014
17039,25,0,25,2014
17041,23,2,25,2014
17043,1224,117,1341,2014
17045,3,42,45,2014
17049,24,0,24,2014
17051,4,0,4,2014
17053,11,0,11,2014
17055,7,0,7,2014
17057,44,0,44,2014
17061,27,0,27,2014
17063,65,129,194,2014
17065,0,0,0,2014
17067,5,0,5,2014
17069,0,0,0,2014
17071,6,0,6,2014
17073,34,9,43,2014
17075,28,0,28,2014
17077,9,121,130,2014
17079,0,0,0,2014
17081,7,0,7,2014
17083,25,0,25,2014
17085,28,0,28,2014
17087,0,0,0,2014
17089,1153,130,1283,2014
17091,115,12,127,2014
17093,220,63,283,2014
17095,27,0,27,2014
17097,683,658,1341,2014
17099,79,68,147,2014
17101,42,0,42,2014
17103,21,0,21,2014
17105,16,6,22,2014
17107,13,0,13,2014
17109,2,6,8,2014
17111,405,153,558,2014
17113,232,14,246,2014
17115,41,12,53,2014
17117,47,0,47,2014
17119,336,189,525,2014
17121,0,0,0,2014
17123,1,0,1,2014
17125,1,0,1,2014
17127,2,0,2,2014
17129,24,0,24,2014
17131,6,0,6,2014
17133,110,8,118,2014
17135,24,0,24,2014
17137,2,0,2,2014
17139,26,14,40,2014
17141,32,6,38,2014
17143,121,53,174,2014
17145,50,0,50,2014
17147,20,0,20,2014
17149,20,0,20,2014
17151,0,0,0,2014
17153,3,0,3,2014
17155,13,0,13,2014
17157,21,0,21,2014
17159,4,0,4,2014
17161,87,154,241,2014
17163,475,287,762,2014
17165,0,0,0,2014
17167,276,155,431,2014
17173,32,0,32,2014
17175,3,0,3,2014
17177,8,0,8,2014
17179,637,0,637,2014
17181,9,4,13,2014
17183,6,0,6,2014
17185,1,0,1,2014
17187,6,0,6,2014
17189,20,0,20,2014
17191,1,0,1,2014
17193,1,0,1,2014
17195,19,0,19,2014
17197,1045,140,1185,2014
17199,77,38,115,2014
17201,123,16,139,2014
17203,73,2,75,2014
18001,63,16,79,2014
18003,757,358,1115,2014
18005,254,0,254,2014
18007,2,0,2,2014
18009,3,0,3,2014
18011,424,102,526,2014
18013,39,9,48,2014
18015,24,0,24,2014
18017,12,0,12,2014
18019,399,132,531,2014
18021,14,0,14,2014
18023,24,0,24,2014
18025,0,0,0,2014
18027,0,4,4,2014
18029,65,0,65,2014
18031,50,0,50,2014
18033,94,0,94,2014
18035,54,44,98,2014
18037,114,10,124,2014
18039,270,0,270,2014
18041,11,0,11,2014
18043,130,12,142,2014
18045,2,0,2,2014
18047,35,0,35,2014
18049,15,0,15,2014
18051,83,38,121,2014
18053,47,21,68,2014
18057,1832,1852,3684,2014
18059,385,10,395,2014
18061,84,0,84,2014
18063,697,448,1145,2014
18065,18,0,18,2014
18067,98,42,140,2014
18069,53,0,53,2014
18071,61,117,178,2014
18073,51,0,51,2014
18075,19,2,21,2014
18077,27,2,29,2014
18079,47,0,47,2014
18081,658,10,668,2014
18083,26,8,34,2014
18085,133,128,261,2014
18087,121,0,121,2014
18089,813,95,908,2014
18091,101,24,125,2014
18093,8,34,42,2014
18095,88,4,92,2014
18097,641,554,1195,2014
18099,83,0,83,2014
18101,8,0,8,2014
18103,10,0,10,2014
18105,215,306,521,2014
18107,45,0,45,2014
18109,127,2,129,2014
18111,22,0,22,2014
18113,85,2,87,2014
18115,20,0,20,2014
18117,1,0,1,2014
18119,18,0,18,2014
18121,26,0,26,2014
18123,48,0,48,2014
18125,20,0,20,2014
18127,370,78,448,2014
18129,55,0,55,2014
18131,13,0,13,2014
18133,35,30,65,2014
18135,2,4,6,2014
18137,67,19,86,2014
18139,10,0,10,2014
18141,258,170,428,2014
18143,22,4,26,2014
18145,39,20,59,2014
18147,36,0,36,2014
18149,36,0,36,2014
18151,98,0,98,2014
18153,2,0,2,2014
18155,54,0,54,2014
18157,570,485,1055,2014
18159,7,0,7,2014
18161,3,0,3,2014
18163,296,26,322,2014
18165,1,0,1,2014
18167,58,263,321,2014
18169,24,0,24,2014
18171,19,0,19,2014
18173,182,122,304,2014
18175,32,0,32,2014
18177,22,63,85,2014
18179,32,4,36,2014
18181,29,2,31,2014
18183,94,0,94,2014
19001,8,0,8,2014
19003,1,0,1,2014
19005,39,2,41,2014
19007,6,0,6,2014
19009,3,2,5,2014
19011,14,14,28,2014
19013,265,49,314,2014
19015,42,2,44,2014
19017,56,18,74,2014
19019,19,8,27,2014
19021,8,0,8,2014
19023,21,0,21,2014
19025,12,0,12,2014
19027,26,0,26,2014
19029,12,0,12,2014
19031,25,4,29,2014
19033,38,48,86,2014
19035,6,0,6,2014
19037,5,0,5,2014
19039,1,0,1,2014
19041,12,2,14,2014
19043,28,0,28,2014
19045,58,44,102,2014
19047,11,0,11,2014
19049,401,260,661,2014
19051,4,0,4,2014
19053,2,0,2,2014
19055,5,0,5,2014
19057,41,0,41,2014
19059,115,19,134,2014
19061,248,28,276,2014
19063,8,40,48,2014
19065,8,16,24,2014
19067,17,4,21,2014
19069,3,0,3,2014
19071,10,0,10,2014
19073,6,0,6,2014
19075,13,6,19,2014
19077,10,0,10,2014
19079,5,0,5,2014
19081,16,4,20,2014
19083,7,0,7,2014
19085,29,0,29,2014
19087,20,0,20,2014
19089,1,0,1,2014
19091,10,14,24,2014
19093,9,2,11,2014
19095,16,7,23,2014
19097,31,4,35,2014
19099,33,0,33,2014
19101,8,6,14,2014
19103,621,459,1080,2014
19105,15,0,15,2014
19107,0,0,0,2014
19109,19,0,19,2014
19111,14,8,22,2014
19113,615,223,838,2014
19115,9,0,9,2014
19117,3,0,3,2014
19119,40,15,55,2014
19121,55,0,55,2014
19123,10,54,64,2014
19125,67,58,125,2014
19127,6,4,10,2014
19129,3,0,3,2014
19131,13,12,25,2014
19133,7,0,7,2014
19135,82,0,82,2014
19137,11,2,13,2014
19139,25,26,51,2014
19141,14,8,22,2014
19143,1,0,1,2014
19145,9,2,11,2014
19147,2,0,2,2014
19149,37,0,37,2014
19151,4,0,4,2014
19153,2330,1020,3350,2014
19155,118,4,122,2014
19157,18,105,123,2014
19159,2,0,2,2014
19161,5,0,5,2014
19163,331,34,365,2014
19165,12,4,16,2014
19167,88,24,112,2014
19169,179,360,539,2014
19171,17,0,17,2014
19173,4,0,4,2014
19175,7,0,7,2014
19177,0,0,0,2014
19179,20,2,22,2014
19181,156,204,360,2014
19183,20,4,24,2014
19185,0,0,0,2014
19187,16,4,20,2014
19189,4,2,6,2014
19191,43,4,47,2014
19193,129,22,151,2014
19195,4,0,4,2014
19197,12,0,12,2014
20001,13,0,13,2014
20003,9,2,11,2014
20005,2,0,2,2014
20007,0,0,0,2014
20009,10,48,58,2014
20011,2,0,2,2014
20013,2,0,2,2014
20015,141,2,143,2014
20017,0,0,0,2014
20019,0,0,0,2014
20021,9,0,9,2014
20023,0,0,0,2014
20025,0,0,0,2014
20027,22,0,22,2014
20029,1,0,1,2014
20031,21,0,21,2014
20033,0,0,0,2014
20035,31,4,35,2014
20037,57,78,135,2014
20039,0,0,0,2014
20041,24,2,26,2014
20043,3,0,3,2014
20045,178,169,347,2014
20047,1,0,1,2014
20051,45,24,69,2014
20053,3,0,3,2014
20055,10,4,14,2014
20057,41,2,43,2014
20059,27,4,31,2014
20061,141,0,141,2014
20063,0,15,15,2014
20065,0,0,0,2014
20067,0,4,4,2014
20069,18,0,18,2014
20071,3,0,3,2014
20073,0,0,0,2014
20075,0,0,0,2014
20077,6,0,6,2014
20079,71,2,73,2014
20081,1,0,1,2014
20085,7,0,7,2014
20087,34,0,34,2014
20089,2,0,2,2014
20091,1525,1164,2689,2014
20093,0,0,0,2014
20095,11,0,11,2014
20097,2,0,2,2014
20099,3,2,5,2014
20101,0,0,0,2014
20103,212,8,220,2014
20105,1,0,1,2014
20107,42,0,42,2014
20109,1,0,1,2014
20111,17,0,17,2014
20113,46,78,124,2014
20115,17,0,17,2014
20117,3,42,45,2014
20119,1,0,1,2014
20121,50,0,50,2014
20123,4,0,4,2014
20125,1,0,1,2014
20127,2,0,2,2014
20129,0,0,0,2014
20131,19,0,19,2014
20133,5,0,5,2014
20135,1,0,1,2014
20137,1,4,5,2014
20139,17,0,17,2014
20141,0,0,0,2014
20143,5,0,5,2014
20145,0,0,0,2014
20147,1,17,18,2014
20149,190,30,220,2014
20151,3,0,3,2014
20153,3,0,3,2014
20155,35,12,47,2014
20157,1,24,25,2014
20159,23,0,23,2014
20161,217,77,294,2014
20163,3,0,3,2014
20165,1,0,1,2014
20167,1,0,1,2014
20169,63,2,65,2014
20171,6,0,6,2014
20173,932,293,1225,2014
20175,14,48,62,2014
20177,213,30,243,2014
20181,0,0,0,2014
20183,2,4,6,2014
20185,7,0,7,2014
20187,0,0,0,2014
20189,12,3,15,2014
20191,22,40,62,2014
20193,0,35,35,2014
20195,0,0,0,2014
20197,14,0,14,2014
20199,0,0,0,2014
20201,2,0,2,2014
20203,0,0,0,2014
20205,3,0,3,2014
20207,4,0,4,2014
20209,181,312,493,2014
21001,0,0,0,2014
21005,38,0,38,2014
21009,80,6,86,2014
21011,0,0,0,2014
21013,20,0,20,2014
21015,354,0,354,2014
21017,27,0,27,2014
21019,3,2,5,2014
21021,27,4,31,2014
21025,1,0,1,2014
21027,2,0,2,2014
21029,231,0,231,2014
21031,0,0,0,2014
21033,3,0,3,2014
21035,40,251,291,2014
21037,161,51,212,2014
21041,2,0,2,2014
21043,2,0,2,2014
21045,0,0,0,2014
21047,50,9,59,2014
21049,25,10,35,2014
21051,0,0,0,2014
21053,0,0,0,2014
21055,1,0,1,2014
21057,0,0,0,2014
21059,254,66,320,2014
21065,0,0,0,2014
21067,687,538,1225,2014
21069,1,0,1,2014
21071,2,5,7,2014
21073,43,44,87,2014
21075,1,0,1,2014
21077,13,0,13,2014
21079,0,0,0,2014
21081,31,24,55,2014
21083,0,0,0,2014
21085,1,3,4,2014
21087,1,0,1,2014
21089,16,0,16,2014
21091,3,0,3,2014
21093,188,176,364,2014
21095,0,0,0,2014
21097,21,0,21,2014
21099,38,49,87,2014
21101,35,11,46,2014
21103,25,2,27,2014
21107,65,6,71,2014
21109,0,0,0,2014
21111,982,1449,2431,2014
21113,174,13,187,2014
21115,1,6,7,2014
21117,254,24,278,2014
21121,0,0,0,2014
21123,29,14,43,2014
21125,1,0,1,2014
21133,0,10,10,2014
21137,30,6,36,2014
21141,3,10,13,2014
21143,3,0,3,2014
21145,144,79,223,2014
21147,0,0,0,2014
21149,0,0,0,2014
21151,120,105,225,2014
21155,9,4,13,2014
21157,24,113,137,2014
21161,19,0,19,2014
21163,75,10,85,2014
21167,39,20,59,2014
21173,41,15,56,2014
21175,17,0,17,2014
21177,2,0,2,2014
21179,168,25,193,2014
21181,0,4,4,2014
21183,4,40,44,2014
21185,215,0,215,2014
21187,0,0,0,2014
21191,0,0,0,2014
21193,5,0,5,2014
21195,21,4,25,2014
21199,13,2,15,2014
21205,3,11,14,2014
21207,12,0,12,2014
21209,305,8,313,2014
21211,191,22,213,2014
21213,15,0,15,2014
21215,79,0,79,2014
21217,27,0,27,2014
21219,2,0,2,2014
21221,2,0,2,2014
21225,17,4,21,2014
21227,417,186,603,2014
21229,1,20,21,2014
21231,0,0,0,2014
21233,4,0,4,2014
21235,12,2,14,2014
21239,101,0,101,2014
22001,117,6,123,2014
22003,5,0,5,2014
22005,926,0,926,2014
22007,33,0,33,2014
22009,66,0,66,2014
22011,27,0,27,2014
22013,0,0,0,2014
22015,876,471,1347,2014
22017,283,6,289,2014
22019,580,683,1263,2014
22021,15,0,15,2014
22023,39,0,39,2014
22025,8,0,8,2014
22027,0,0,0,2014
22029,19,0,19,2014
22031,54,0,54,2014
22033,1190,274,1464,2014
22035,0,0,0,2014
22037,48,0,48,2014
22039,56,6,62,2014
22041,26,0,26,2014
22043,41,0,41,2014
22045,88,7,95,2014
22047,95,0,95,2014
22049,23,0,23,2014
22051,340,6,346,2014
22053,89,0,89,2014
22055,1697,115,1812,2014
22057,394,4,398,2014
22059,2,0,2,2014
22061,74,0,74,2014
22063,703,0,703,2014
22065,49,0,49,2014
22067,16,0,16,2014
22069,38,0,38,2014
22071,574,452,1026,2014
22073,482,222,704,2014
22075,57,18,75,2014
22077,54,0,54,2014
22079,270,12,282,2014
22081,0,0,0,2014
22083,33,0,33,2014
22085,67,0,67,2014
22087,39,0,39,2014
22089,108,0,108,2014
22091,0,0,0,2014
22093,47,0,47,2014
22095,35,0,35,2014
22097,144,0,144,2014
22099,178,0,178,2014
22101,58,0,58,2014
22103,1240,75,1315,2014
22105,577,15,592,2014
22107,7,3,10,2014
22109,240,26,266,2014
22111,22,0,22,2014
22113,144,10,154,2014
22115,76,0,76,2014
22117,68,0,68,2014
22119,29,0,29,2014
22121,240,0,240,2014
22123,0,0,0,2014
22125,38,0,38,2014
22127,0,0,0,2014
23000,78,0,78,2014
23001,91,0,91,2014
23003,56,10,66,2014
23005,733,173,906,2014
23007,58,0,58,2014
23009,146,37,183,2014
23011,181,163,344,2014
23013,101,0,101,2014
23015,54,2,56,2014
23017,144,20,164,2014
23019,213,18,231,2014
23021,18,2,20,2014
23023,97,0,97,2014
23025,37,0,37,2014
23027,76,0,76,2014
23029,41,0,41,2014
23031,589,104,693,2014
24001,20,5,25,2014
24003,1678,763,2441,2014
24005,814,190,1004,2014
24009,213,0,213,2014
24011,35,0,35,2014
24013,305,50,355,2014
24015,134,144,278,2014
24017,790,0,790,2014
24019,27,0,27,2014
24021,807,504,1311,2014
24023,85,0,85,2014
24025,525,335,860,2014
24027,931,515,1446,2014
24029,54,0,54,2014
24031,1440,2399,3839,2014
24033,1292,0,1292,2014
24035,168,5,173,2014
24037,451,6,457,2014
24037,451,6,457,2014
24039,48,92,140,2014
24041,43,0,43,2014
24043,194,80,274,2014
24045,112,56,168,2014
24047,134,66,200,2014
24510,241,580,821,2014
25001,530,110,640,2014
25003,137,40,177,2014
25005,645,178,823,2014
25007,114,6,120,2014
25009,736,621,1357,2014
25011,60,10,70,2014
25013,256,57,313,2014
25015,164,29,193,2014
25017,1610,1631,3241,2014
25019,149,0,149,2014
25021,758,836,1594,2014
25023,949,269,1218,2014
25025,54,3269,3323,2014
25027,1168,100,1268,2014
26000,71,4,75,2014
26001,23,0,23,2014
26003,28,0,28,2014
26005,348,0,348,2014
26007,18,5,23,2014
26009,45,0,45,2014
26011,12,0,12,2014
26013,15,0,15,2014
26015,86,0,86,2014
26017,37,25,62,2014
26019,41,0,41,2014
26021,184,0,184,2014
26023,0,0,0,2014
26025,34,22,56,2014
26027,84,0,84,2014
26029,61,6,67,2014
26031,54,0,54,2014
26033,38,0,38,2014
26035,20,0,20,2014
26037,121,224,345,2014
26039,18,0,18,2014
26041,47,0,47,2014
26043,24,8,32,2014
26045,91,4,95,2014
26047,69,0,69,2014
26049,271,72,343,2014
26051,41,0,41,2014
26053,21,2,23,2014
26055,330,54,384,2014
26057,17,0,17,2014
26059,34,0,34,2014
26061,32,2,34,2014
26063,47,0,47,2014
26065,243,72,315,2014
26067,53,0,53,2014
26069,49,0,49,2014
26071,20,0,20,2014
26073,56,55,111,2014
26075,89,0,89,2014
26077,430,50,480,2014
26079,21,0,21,2014
26081,1281,430,1711,2014
26083,8,0,8,2014
26085,54,0,54,2014
26087,116,4,120,2014
26089,110,3,113,2014
26091,92,0,92,2014
26093,603,133,736,2014
26095,13,0,13,2014
26097,27,0,27,2014
26099,1180,670,1850,2014
26101,47,0,47,2014
26103,92,50,142,2014
26105,42,4,46,2014
26107,39,40,79,2014
26109,33,14,47,2014
26111,107,155,262,2014
26113,19,0,19,2014
26115,239,0,239,2014
26117,63,4,67,2014
26119,0,0,0,2014
26121,172,9,181,2014
26123,46,0,46,2014
26125,2114,344,2458,2014
26127,4,0,4,2014
26129,34,0,34,2014
26131,7,0,7,2014
26133,23,0,23,2014
26135,13,0,13,2014
26137,17,0,17,2014
26139,843,464,1307,2014
26141,18,0,18,2014
26143,50,0,50,2014
26145,104,110,214,2014
26147,113,17,130,2014
26149,44,0,44,2014
26151,39,0,39,2014
26153,10,0,10,2014
26155,18,0,18,2014
26157,23,0,23,2014
26159,81,0,81,2014
26161,385,185,570,2014
26163,704,297,1001,2014
26165,31,14,45,2014
27001,175,0,175,2014
27003,702,2,704,2014
27005,146,0,146,2014
27007,102,97,199,2014
27009,82,16,98,2014
27011,7,0,7,2014
27013,145,187,332,2014
27015,46,44,90,2014
27017,60,0,60,2014
27019,563,60,623,2014
27021,151,0,151,2014
27023,9,0,9,2014
27025,150,24,174,2014
27027,269,290,559,2014
27029,3,0,3,2014
27031,37,2,39,2014
27033,10,2,12,2014
27035,300,31,331,2014
27037,944,472,1416,2014
27039,51,0,51,2014
27041,117,67,184,2014
27043,8,0,8,2014
27045,43,2,45,2014
27047,26,0,26,2014
27049,64,0,64,2014
27051,0,0,0,2014
27053,1655,3010,4665,2014
27055,44,0,44,2014
27057,18,0,18,2014
27059,115,55,170,2014
27061,82,35,117,2014
27063,19,0,19,2014
27065,11,2,13,2014
27067,90,8,98,2014
27069,7,0,7,2014
27071,9,0,9,2014
27073,7,0,7,2014
27075,50,0,50,2014
27077,11,0,11,2014
27079,44,0,44,2014
27081,12,0,12,2014
27083,25,11,36,2014
27085,37,0,37,2014
27087,0,0,0,2014
27089,5,0,5,2014
27091,16,0,16,2014
27093,42,0,42,2014
27095,42,4,46,2014
27097,73,16,89,2014
27099,32,0,32,2014
27101,25,0,25,2014
27103,87,11,98,2014
27105,13,54,67,2014
27107,12,0,12,2014
27109,497,142,639,2014
27111,27,44,71,2014
27113,16,0,16,2014
27115,53,4,57,2014
27117,10,0,10,2014
27119,68,0,68,2014
27121,22,23,45,2014
27123,235,493,728,2014
27125,0,0,0,2014
27127,28,0,28,2014
27129,16,0,16,2014
27131,105,8,113,2014
27133,15,0,15,2014
27135,10,30,40,2014
27137,304,162,466,2014
27139,443,451,894,2014
27141,245,0,245,2014
27143,17,0,17,2014
27145,305,174,479,2014
27147,45,4,49,2014
27149,11,3,14,2014
27151,8,2,10,2014
27153,68,0,68,2014
27155,7,0,7,2014
27157,30,67,97,2014
27159,15,30,45,2014
27161,15,0,15,2014
27163,658,94,752,2014
27165,6,0,6,2014
27167,12,0,12,2014
27169,43,66,109,2014
27171,548,2,550,2014
27173,14,0,14,2014
28001,3,0,3,2014
28003,10,0,10,2014
28005,1,0,1,2014
28007,5,0,5,2014
28009,2,0,2,2014
28011,22,0,22,2014
28013,2,0,2,2014
28017,3,0,3,2014
28019,0,0,0,2014
28021,0,0,0,2014
28023,0,0,0,2014
28025,6,0,6,2014
28027,6,0,6,2014
28029,6,0,6,2014
28031,0,8,8,2014
28033,980,10,990,2014
28035,54,111,165,2014
28037,0,0,0,2014
28039,0,0,0,2014
28041,0,0,0,2014
28043,14,0,14,2014
28045,315,187,502,2014
28047,760,365,1125,2014
28049,611,0,611,2014
28051,4,3,7,2014
28053,0,0,0,2014
28055,1,0,1,2014
28057,1,0,1,2014
28059,311,16,327,2014
28061,1,0,1,2014
28063,0,0,0,2014
28065,0,0,0,2014
28067,21,0,21,2014
28071,195,276,471,2014
28073,0,0,0,2014
28075,118,0,118,2014
28077,5,0,5,2014
28079,0,0,0,2014
28081,98,0,98,2014
28083,19,0,19,2014
28085,8,0,8,2014
28087,85,0,85,2014
28089,742,0,742,2014
28091,0,0,0,2014
28093,118,0,118,2014
28095,3,0,3,2014
28097,11,78,89,2014
28099,0,0,0,2014
28101,0,0,0,2014
28103,0,0,0,2014
28105,47,210,257,2014
28107,7,2,9,2014
28109,169,8,177,2014
28111,1,0,1,2014
28113,1,0,1,2014
28115,10,15,25,2014
28117,14,0,14,2014
28119,1,0,1,2014
28121,565,8,573,2014
28123,4,0,4,2014
28125,2,0,2,2014
28127,24,0,24,2014
28129,2,0,2,2014
28131,12,8,20,2014
28133,7,0,7,2014
28135,4,0,4,2014
28137,45,0,45,2014
28139,1,4,5,2014
28141,2,0,2,2014
28143,15,0,15,2014
28145,5,14,19,2014
28147,0,0,0,2014
28149,7,0,7,2014
28151,10,0,10,2014
28153,2,0,2,2014
28155,2,0,2,2014
28157,0,0,0,2014
28159,32,0,32,2014
28161,10,0,10,2014
28163,6,0,6,2014
29001,33,21,54,2014
29003,4,0,4,2014
29005,1,0,1,2014
29007,3,0,3,2014
29009,6,7,13,2014
29011,2,0,2,2014
29013,1,0,1,2014
29015,0,0,0,2014
29017,0,0,0,2014
29019,663,751,1414,2014
29021,89,6,95,2014
29023,7,18,25,2014
29025,11,0,11,2014
29027,23,29,52,2014
29029,32,22,54,2014
29031,163,24,187,2014
29033,11,0,11,2014
29035,3,0,3,2014
29037,265,40,305,2014
29039,6,0,6,2014
29041,0,0,0,2014
29043,386,4,390,2014
29045,4,0,4,2014
29047,217,5,222,2014
29049,26,2,28,2014
29051,148,40,188,2014
29053,4,0,4,2014
29055,11,0,11,2014
29057,0,0,0,2014
29059,0,0,0,2014
29061,1,0,1,2014
29063,2,0,2,2014
29065,6,0,6,2014
29067,1,0,1,2014
29069,15,0,15,2014
29071,241,54,295,2014
29073,3,0,3,2014
29075,4,0,4,2014
29077,633,981,1614,2014
29079,4,0,4,2014
29081,3,0,3,2014
29083,4,2,6,2014
29087,0,0,0,2014
29089,1,0,1,2014
29091,9,10,19,2014
29093,0,0,0,2014
29095,1378,2486,3864,2014
29097,305,66,371,2014
29099,467,53,520,2014
29101,19,56,75,2014
29103,0,0,0,2014
29105,15,2,17,2014
29107,27,0,27,2014
29109,6,8,14,2014
29111,3,4,7,2014
29113,50,0,50,2014
29115,0,0,0,2014
29117,15,2,17,2014
29119,4,0,4,2014
29121,4,0,4,2014
29123,1,4,5,2014
29125,0,0,0,2014
29127,43,0,43,2014
29129,0,0,0,2014
29131,13,72,85,2014
29133,7,0,7,2014
29135,0,0,0,2014
29137,0,4,4,2014
29139,20,0,20,2014
29141,4,0,4,2014
29143,7,0,7,2014
29145,27,10,37,2014
29147,16,20,36,2014
29149,2,0,2,2014
29151,0,0,0,2014
29153,1,4,5,2014
29155,3,5,8,2014
29157,22,12,34,2014
29159,14,4,18,2014
29161,68,46,114,2014
29163,12,0,12,2014
29165,214,14,228,2014
29167,59,0,59,2014
29169,72,0,72,2014
29171,3,0,3,2014
29173,0,0,0,2014
29175,14,0,14,2014
29177,21,0,21,2014
29179,1,0,1,2014
29181,4,2,6,2014
29183,1780,866,2646,2014
29185,3,0,3,2014
29186,5,0,5,2014
29187,57,73,130,2014
29189,727,335,1062,2014
29195,7,34,41,2014
29197,3,0,3,2014
29199,1,0,1,2014
29201,39,32,71,2014
29203,0,0,0,2014
29205,2,0,2,2014
29207,16,6,22,2014
29209,117,15,132,2014
29211,1,0,1,2014
29213,102,4,106,2014
29215,0,0,0,2014
29217,10,10,20,2014
29219,75,0,75,2014
29221,1,0,1,2014
29225,38,4,42,2014
29227,0,0,0,2014
29229,5,0,5,2014
29510,96,662,758,2014
30000,0,0,0,2014
30001,3,0,3,2014
30003,4,0,4,2014
30005,2,0,2,2014
30007,0,0,0,2014
30009,9,0,9,2014
30011,1,0,1,2014
30013,155,308,463,2014
30015,4,0,4,2014
30017,3,0,3,2014
30019,1,0,1,2014
30021,3,27,30,2014
30023,5,0,5,2014
30025,6,19,25,2014
30027,1,0,1,2014
30029,180,53,233,2014
30031,701,490,1191,2014
30033,0,0,0,2014
30035,1,0,1,2014
30037,0,0,0,2014
30039,0,0,0,2014
30041,3,0,3,2014
30043,1,0,1,2014
30045,0,0,0,2014
30047,13,2,15,2014
30049,52,286,338,2014
30051,0,0,0,2014
30053,1,2,3,2014
30055,0,0,0,2014
30057,4,0,4,2014
30059,0,0,0,2014
30061,3,0,3,2014
30063,227,351,578,2014
30065,0,0,0,2014
30067,14,20,34,2014
30069,0,0,0,2014
30071,1,0,1,2014
30073,0,0,0,2014
30075,0,0,0,2014
30077,17,0,17,2014
30079,0,0,0,2014
30081,7,8,15,2014
30083,63,101,164,2014
30085,2,10,12,2014
30087,0,0,0,2014
30089,0,0,0,2014
30091,3,0,3,2014
30093,32,26,58,2014
30095,3,0,3,2014
30097,0,3,3,2014
30099,2,0,2,2014
30101,3,0,3,2014
30103,0,0,0,2014
30105,1,0,1,2014
30107,0,0,0,2014
30109,5,0,5,2014
30111,508,134,642,2014
31001,95,25,120,2014
31003,11,0,11,2014
31011,0,0,0,2014
31013,1,0,1,2014
31015,0,0,0,2014
31017,1,0,1,2014
31019,153,124,277,2014
31021,9,0,9,2014
31023,3,0,3,2014
31025,61,2,63,2014
31027,9,0,9,2014
31029,1,0,1,2014
31031,23,6,29,2014
31033,16,12,28,2014
31035,10,0,10,2014
31037,18,0,18,2014
31039,14,0,14,2014
31041,13,22,35,2014
31043,25,2,27,2014
31045,1,0,1,2014
31047,18,26,44,2014
31049,0,0,0,2014
31051,4,0,4,2014
31053,45,0,45,2014
31055,1415,1157,2572,2014
31057,0,0,0,2014
31059,13,2,15,2014
31061,2,0,2,2014
31063,3,0,3,2014
31065,5,0,5,2014
31067,9,2,11,2014
31069,0,0,0,2014
31071,0,8,8,2014
31073,6,0,6,2014
31077,0,0,0,2014
31079,160,56,216,2014
31081,36,0,36,2014
31083,8,0,8,2014
31085,0,0,0,2014
31087,0,0,0,2014
31089,8,2,10,2014
31091,3,0,3,2014
31093,28,0,28,2014
31095,8,0,8,2014
31097,3,0,3,2014
31099,13,0,13,2014
31101,10,0,10,2014
31103,0,0,0,2014
31105,0,0,0,2014
31107,25,11,36,2014
31109,985,938,1923,2014
31111,54,0,54,2014
31115,5,0,5,2014
31119,54,7,61,2014
31121,24,0,24,2014
31123,0,7,7,2014
31125,11,9,20,2014
31127,4,0,4,2014
31129,2,0,2,2014
31131,29,0,29,2014
31133,2,0,2,2014
31135,0,0,0,2014
31137,14,0,14,2014
31139,17,6,23,2014
31141,49,12,61,2014
31143,2,0,2,2014
31145,5,0,5,2014
31147,4,0,4,2014
31149,2,0,2,2014
31151,11,0,11,2014
31153,886,390,1276,2014
31155,56,0,56,2014
31157,19,10,29,2014
31159,67,4,71,2014
31161,1,0,1,2014
31163,3,0,3,2014
31165,3,0,3,2014
31167,22,0,22,2014
31169,7,2,9,2014
31173,2,0,2,2014
31175,11,0,11,2014
31177,71,0,71,2014
31179,18,17,35,2014
31181,4,0,4,2014
31183,0,0,0,2014
31185,14,2,16,2014
32001,34,4,38,2014
32003,6809,3227,10036,2014
32005,156,0,156,2014
32007,166,184,350,2014
32013,18,2,20,2014
32015,7,0,7,2014
32017,12,0,12,2014
32019,140,0,140,2014
32021,1,0,1,2014
32027,2,0,2,2014
32029,6,0,6,2014
32031,1501,709,2210,2014
32033,3,0,3,2014
32510,33,2,35,2014
33001,140,58,198,2014
33003,197,0,197,2014
33005,66,75,141,2014
33007,50,6,56,2014
33009,113,74,187,2014
33011,464,504,968,2014
33013,221,91,312,2014
33015,698,177,875,2014
33017,186,230,416,2014
33019,53,0,53,2014
34001,392,330,722,2014
34003,1002,2406,3408,2014
34005,560,440,1000,2014
34007,294,1212,1506,2014
34009,447,191,638,2014
34011,182,30,212,2014
34013,308,2309,2617,2014
34015,487,4,491,2014
34017,272,4349,4621,2014
34019,171,177,348,2014
34021,239,129,368,2014
34023,783,1118,1901,2014
34025,1014,470,1484,2014
34027,658,933,1591,2014
34029,2660,277,2937,2014
34031,172,346,518,2014
34033,51,0,51,2014
34035,595,715,1310,2014
34037,158,64,222,2014
34039,406,1560,1966,2014
34041,168,76,244,2014
35000,307,0,307,2014
35001,1219,306,1525,2014
35005,54,0,54,2014
35007,13,0,13,2014
35009,88,53,141,2014
35013,606,11,617,2014
35015,164,172,336,2014
35017,4,0,4,2014
35025,189,87,276,2014
35027,59,0,59,2014
35028,3,0,3,2014
35029,7,0,7,2014
35031,4,0,4,2014
35035,0,0,0,2014
35039,0,0,0,2014
35041,20,0,20,2014
35043,834,109,943,2014
35045,173,0,173,2014
35047,0,0,0,2014
35049,161,0,161,2014
35051,0,0,0,2014
35053,1,0,1,2014
35055,74,6,80,2014
35061,75,0,75,2014
36001,369,406,775,2014
36003,56,8,64,2014
36005,0,1885,1885,2014
36007,53,0,53,2014
36009,80,0,80,2014
36011,61,110,171,2014
36013,69,143,212,2014
36015,55,6,61,2014
36017,38,166,204,2014
36019,72,68,140,2014
36021,78,19,97,2014
36023,36,6,42,2014
36025,71,6,77,2014
36027,262,96,358,2014
36029,899,783,1682,2014
36031,92,2,94,2014
36033,55,2,57,2014
36035,72,0,72,2014
36037,31,10,41,2014
36039,98,2,100,2014
36041,40,2,42,2014
36043,78,0,78,2014
36045,107,412,519,2014
36047,0,7551,7551,2014
36049,79,0,79,2014
36051,50,12,62,2014
36053,76,6,82,2014
36055,773,431,1204,2014
36057,46,0,46,2014
36059,640,265,905,2014
36061,1,5379,5380,2014
36063,158,38,196,2014
36065,142,16,158,2014
36067,451,505,956,2014
36069,271,52,323,2014
36071,424,492,916,2014
36073,27,0,27,2014
36075,125,0,125,2014
36077,40,141,181,2014
36079,63,22,85,2014
36081,214,4686,4900,2014
36083,134,107,241,2014
36085,326,386,712,2014
36087,105,378,483,2014
36089,151,21,172,2014
36091,612,357,969,2014
36093,70,158,228,2014
36095,18,0,18,2014
36097,31,0,31,2014
36099,26,2,28,2014
36101,86,0,86,2014
36103,1184,33,1217,2014
36105,228,10,238,2014
36107,32,0,32,2014
36109,140,161,301,2014
36111,161,128,289,2014
36113,170,108,278,2014
36115,90,0,90,2014
36117,85,20,105,2014
36119,296,288,584,2014
36121,26,8,34,2014
36123,63,7,70,2014
37001,593,13,606,2014
37003,51,2,53,2014
37005,17,0,17,2014
37007,30,3,33,2014
37009,75,0,75,2014
37011,44,0,44,2014
37013,142,28,170,2014
37015,20,0,20,2014
37017,36,44,80,2014
37019,1961,12,1973,2014
37021,901,411,1312,2014
37023,94,0,94,2014
37025,1244,310,1554,2014
37027,100,64,164,2014
37029,20,0,20,2014
37031,225,5,230,2014
37033,23,0,23,2014
37035,209,74,283,2014
37037,587,0,587,2014
37039,94,0,94,2014
37041,17,0,17,2014
37043,43,0,43,2014
37045,68,60,128,2014
37047,35,0,35,2014
37049,254,0,254,2014
37051,793,77,870,2014
37053,241,0,241,2014
37055,219,15,234,2014
37057,286,4,290,2014
37059,82,0,82,2014
37061,46,2,48,2014
37063,1231,360,1591,2014
37065,31,0,31,2014
37067,961,581,1542,2014
37069,242,0,242,2014
37071,659,28,687,2014
37073,20,0,20,2014
37075,20,0,20,2014
37077,224,0,224,2014
37079,30,40,70,2014
37081,1177,1162,2339,2014
37083,54,0,54,2014
37085,610,2,612,2014
37087,114,8,122,2014
37089,339,0,339,2014
37091,20,0,20,2014
37093,219,0,219,2014
37095,8,0,8,2014
37097,798,0,798,2014
37099,169,42,211,2014
37101,1280,0,1280,2014
37103,10,0,10,2014
37105,71,0,71,2014
37107,30,24,54,2014
37109,356,18,374,2014
37111,106,0,106,2014
37113,107,0,107,2014
37115,54,5,59,2014
37117,0,0,0,2014
37119,3896,5444,9340,2014
37121,32,0,32,2014
37123,37,4,41,2014
37125,608,0,608,2014
37127,171,14,185,2014
37129,922,827,1749,2014
37131,17,0,17,2014
37133,1045,36,1081,2014
37135,304,0,304,2014
37137,0,0,0,2014
37139,63,0,63,2014
37141,445,14,459,2014
37143,26,0,26,2014
37145,45,60,105,2014
37147,335,570,905,2014
37149,67,0,67,2014
37151,184,0,184,2014
37153,93,104,197,2014
37155,124,16,140,2014
37157,109,0,109,2014
37159,206,82,288,2014
37161,83,56,139,2014
37163,65,0,65,2014
37165,32,0,32,2014
37167,92,0,92,2014
37169,59,76,135,2014
37171,73,0,73,2014
37173,50,0,50,2014
37175,65,0,65,2014
37177,1,0,1,2014
37179,1421,4,1425,2014
37181,26,0,26,2014
37183,6158,3967,10125,2014
37185,30,0,30,2014
37187,8,0,8,2014
37189,126,117,243,2014
37191,257,0,257,2014
37193,92,0,92,2014
37195,110,72,182,2014
37197,36,0,36,2014
37199,48,3,51,2014
38001,9,24,33,2014
38003,34,42,76,2014
38005,1,0,1,2014
38007,12,0,12,2014
38009,3,0,3,2014
38011,7,0,7,2014
38013,5,0,5,2014
38015,694,560,1254,2014
38017,973,2234,3207,2014
38019,11,0,11,2014
38021,3,0,3,2014
38023,3,21,24,2014
38025,14,99,113,2014
38027,1,8,9,2014
38029,10,0,10,2014
38031,4,0,4,2014
38033,19,4,23,2014
38035,246,685,931,2014
38037,0,2,2,2014
38039,0,2,2,2014
38041,3,0,3,2014
38043,0,0,0,2014
38045,1,0,1,2014
38047,2,0,2,2014
38049,27,0,27,2014
38051,1,0,1,2014
38053,309,1383,1692,2014
38055,158,0,158,2014
38057,14,0,14,2014
38059,181,328,509,2014
38061,115,38,153,2014
38063,3,0,3,2014
38065,8,0,8,2014
38067,0,0,0,2014
38069,4,0,4,2014
38071,9,22,31,2014
38073,5,0,5,2014
38075,8,0,8,2014
38077,25,0,25,2014
38079,1,0,1,2014
38081,20,2,22,2014
38083,2,0,2,2014
38085,0,0,0,2014
38087,0,0,0,2014
38089,357,270,627,2014
38091,6,0,6,2014
38093,43,0,43,2014
38095,0,0,0,2014
38097,11,0,11,2014
38099,7,4,11,2014
38101,272,582,854,2014
38103,0,6,6,2014
38105,890,1331,2221,2014
39001,2,0,2,2014
39003,55,6,61,2014
39005,44,4,48,2014
39007,71,20,91,2014
39009,15,78,93,2014
39011,61,13,74,2014
39013,5,0,5,2014
39015,60,0,60,2014
39017,583,283,866,2014
39019,1,0,1,2014
39021,29,0,29,2014
39023,49,4,53,2014
39025,318,71,389,2014
39027,23,0,23,2014
39029,16,0,16,2014
39031,3,0,3,2014
39033,11,0,11,2014
39035,566,153,719,2014
39037,38,0,38,2014
39039,22,0,22,2014
39041,828,86,914,2014
39043,57,0,57,2014
39045,303,46,349,2014
39047,22,0,22,2014
39049,1672,3386,5058,2014
39051,43,0,43,2014
39053,3,0,3,2014
39055,154,0,154,2014
39057,250,0,250,2014
39059,49,5,54,2014
39061,573,1017,1590,2014
39063,90,2,92,2014
39065,17,0,17,2014
39067,0,0,0,2014
39069,20,0,20,2014
39071,4,4,8,2014
39073,9,6,15,2014
39075,4,0,4,2014
39077,40,0,40,2014
39079,57,0,57,2014
39081,5,16,21,2014
39083,119,0,119,2014
39085,320,247,567,2014
39087,6,0,6,2014
39089,230,18,248,2014
39091,56,0,56,2014
39093,664,160,824,2014
39095,341,473,814,2014
39097,44,0,44,2014
39099,135,0,135,2014
39101,31,63,94,2014
39103,552,84,636,2014
39105,9,0,9,2014
39107,57,8,65,2014
39109,138,10,148,2014
39111,0,0,0,2014
39113,355,26,381,2014
39115,5,0,5,2014
39117,27,0,27,2014
39119,3,47,50,2014
39121,29,0,29,2014
39123,89,5,94,2014
39125,8,2,10,2014
39127,26,2,28,2014
39129,22,3,25,2014
39131,49,0,49,2014
39133,213,79,292,2014
39135,27,0,27,2014
39137,47,0,47,2014
39139,61,0,61,2014
39141,15,40,55,2014
39143,20,0,20,2014
39145,3,148,151,2014
39147,27,0,27,2014
39149,39,2,41,2014
39151,403,147,550,2014
39153,471,0,471,2014
39155,88,0,88,2014
39157,53,6,59,2014
39159,336,0,336,2014
39161,24,0,24,2014
39163,0,0,0,2014
39165,783,518,1301,2014
39167,23,17,40,2014
39169,156,28,184,2014
39171,29,0,29,2014
39173,214,4,218,2014
39175,16,0,16,2014
40001,25,0,25,2014
40003,0,0,0,2014
40005,2,0,2,2014
40007,0,0,0,2014
40009,29,0,29,2014
40011,6,0,6,2014
40013,79,8,87,2014
40015,12,0,12,2014
40017,257,8,265,2014
40019,71,0,71,2014
40021,44,19,63,2014
40023,0,0,0,2014
40025,0,0,0,2014
40027,1039,704,1743,2014
40029,0,0,0,2014
40031,91,22,113,2014
40033,1,0,1,2014
40035,5,0,5,2014
40037,108,0,108,2014
40039,42,2,44,2014
40041,36,0,36,2014
40043,0,0,0,2014
40045,1,0,1,2014
40047,69,0,69,2014
40049,33,0,33,2014
40051,100,0,100,2014
40053,0,6,6,2014
40055,1,0,1,2014
40059,0,0,0,2014
40061,3,22,25,2014
40063,2,0,2,2014
40065,27,0,27,2014
40067,0,8,8,2014
40069,5,0,5,2014
40071,23,48,71,2014
40073,27,0,27,2014
40075,1,0,1,2014
40077,1,0,1,2014
40079,72,5,77,2014
40081,14,0,14,2014
40083,16,0,16,2014
40085,0,0,0,2014
40087,218,4,222,2014
40089,8,0,8,2014
40091,35,0,35,2014
40093,1,3,4,2014
40095,6,0,6,2014
40097,17,0,17,2014
40099,12,0,12,2014
40101,22,0,22,2014
40103,0,2,2,2014
40105,12,0,12,2014
40107,0,0,0,2014
40109,4315,1195,5510,2014
40111,1,0,1,2014
40113,112,12,124,2014
40115,8,0,8,2014
40117,1,0,1,2014
40119,92,211,303,2014
40121,38,35,73,2014
40123,14,92,106,2014
40125,83,0,83,2014
40127,0,0,0,2014
40129,1,0,1,2014
40131,465,40,505,2014
40133,3,2,5,2014
40135,52,18,70,2014
40137,36,0,36,2014
40139,5,4,9,2014
40141,1,0,1,2014
40143,2005,1459,3464,2014
40145,330,0,330,2014
40147,85,6,91,2014
40149,0,0,0,2014
40151,1,0,1,2014
40153,14,9,23,2014
41000,104,0,104,2014
41001,18,0,18,2014
41003,119,332,451,2014
41005,1278,202,1480,2014
41007,96,6,102,2014
41009,98,8,106,2014
41011,30,0,30,2014
41013,85,0,85,2014
41015,29,13,42,2014
41017,1274,56,1330,2014
41019,160,6,166,2014
41025,2,0,2,2014
41027,74,14,88,2014
41029,590,157,747,2014
41031,39,0,39,2014
41033,145,4,149,2014
41035,75,0,75,2014
41037,9,0,9,2014
41039,506,810,1316,2014
41041,115,29,144,2014
41043,270,123,393,2014
41045,29,0,29,2014
41047,606,92,698,2014
41049,16,0,16,2014
41051,864,4226,5090,2014
41053,106,140,246,2014
41057,82,0,82,2014
41059,93,0,93,2014
41061,32,54,86,2014
41063,19,4,23,2014
41067,1311,1719,3030,2014
41071,299,77,376,2014
42001,222,50,272,2014
42003,1352,991,2343,2014
42005,45,0,45,2014
42007,131,10,141,2014
42009,66,0,66,2014
42011,322,136,458,2014
42013,88,12,100,2014
42015,77,0,77,2014
42017,751,27,778,2014
42019,564,60,624,2014
42021,59,2,61,2014
42023,0,0,0,2014
42025,70,0,70,2014
42027,365,146,511,2014
42029,802,657,1459,2014
42031,49,373,422,2014
42033,88,38,126,2014
42035,38,0,38,2014
42037,79,0,79,2014
42039,63,10,73,2014
42041,776,103,879,2014
42043,353,298,651,2014
42045,363,72,435,2014
42047,35,20,55,2014
42049,166,155,321,2014
42051,193,0,193,2014
42053,4,0,4,2014
42055,251,105,356,2014
42057,26,0,26,2014
42059,60,6,66,2014
42061,65,0,65,2014
42063,54,0,54,2014
42065,74,0,74,2014
42067,34,0,34,2014
42069,1869,140,2009,2014
42071,970,139,1109,2014
42073,41,0,41,2014
42075,285,63,348,2014
42077,449,324,773,2014
42079,208,44,252,2014
42081,107,107,214,2014
42083,26,2,28,2014
42085,78,12,90,2014
42087,56,0,56,2014
42089,153,0,153,2014
42091,892,860,1752,2014
42093,28,6,34,2014
42095,364,350,714,2014
42097,66,2,68,2014
42099,72,0,72,2014
42101,756,3217,3973,2014
42103,85,0,85,2014
42105,10,0,10,2014
42107,134,0,134,2014
42109,49,2,51,2014
42111,55,2,57,2014
42113,17,0,17,2014
42115,57,0,57,2014
42117,79,0,79,2014
42119,57,0,57,2014
42121,41,0,41,2014
42123,19,0,19,2014
42125,426,27,453,2014
42127,110,0,110,2014
42129,371,20,391,2014
42131,36,4,40,2014
42133,720,96,816,2014
44001,30,0,30,2014
44003,110,34,144,2014
44005,110,75,185,2014
44007,299,43,342,2014
44009,247,4,251,2014
45001,41,0,41,2014
45003,623,55,678,2014
45005,0,27,27,2014
45007,673,190,863,2014
45009,10,0,10,2014
45011,37,0,37,2014
45013,1197,0,1197,2014
45015,1262,715,1977,2014
45017,25,3,28,2014
45019,2088,1035,3123,2014
45021,83,60,143,2014
45023,26,0,26,2014
45025,46,4,50,2014
45027,41,56,97,2014
45029,37,0,37,2014
45031,97,2,99,2014
45033,19,0,19,2014
45035,794,261,1055,2014
45037,71,0,71,2014
45039,64,0,64,2014
45041,234,46,280,2014
45043,296,0,296,2014
45045,2244,850,3094,2014
45047,86,76,162,2014
45049,5,4,9,2014
45051,3066,407,3473,2014
45053,229,0,229,2014
45055,262,0,262,2014
45057,1063,0,1063,2014
45059,88,0,88,2014
45061,9,0,9,2014
45063,1412,0,1412,2014
45065,24,0,24,2014
45067,15,0,15,2014
45069,9,0,9,2014
45071,59,0,59,2014
45073,243,0,243,2014
45075,41,0,41,2014
45077,301,133,434,2014
45079,1511,764,2275,2014
45081,26,0,26,2014
45083,1070,20,1090,2014
45085,269,20,289,2014
45087,14,0,14,2014
45089,17,0,17,2014
45091,1637,1345,2982,2014
46003,3,0,3,2014
46005,23,0,23,2014
46007,1,0,1,2014
46009,20,0,20,2014
46011,122,83,205,2014
46013,84,61,145,2014
46015,29,0,29,2014
46019,20,2,22,2014
46021,2,0,2,2014
46023,6,0,6,2014
46025,13,0,13,2014
46027,20,28,48,2014
46029,73,76,149,2014
46031,0,0,0,2014
46033,82,4,86,2014
46035,25,8,33,2014
46037,44,0,44,2014
46039,1,0,1,2014
46041,2,0,2,2014
46043,7,0,7,2014
46045,7,8,15,2014
46047,1,2,3,2014
46049,5,0,5,2014
46051,18,14,32,2014
46053,10,0,10,2014
46055,1,0,1,2014
46057,20,6,26,2014
46059,9,2,11,2014
46061,7,0,7,2014
46063,6,0,6,2014
46065,35,83,118,2014
46067,18,4,22,2014
46069,0,0,0,2014
46071,0,0,0,2014
46073,1,0,1,2014
46075,4,4,8,2014
46077,19,0,19,2014
46079,25,6,31,2014
46081,152,68,220,2014
46083,124,137,261,2014
46085,9,0,9,2014
46087,30,5,35,2014
46089,2,0,2,2014
46091,19,0,19,2014
46093,100,21,121,2014
46095,2,0,2,2014
46097,6,0,6,2014
46099,965,1054,2019,2014
46101,13,0,13,2014
46103,342,122,464,2014
46105,0,0,0,2014
46107,3,0,3,2014
46109,28,0,28,2014
46111,8,0,8,2014
46115,19,5,24,2014
46117,18,0,18,2014
46119,9,0,9,2014
46121,0,0,0,2014
46123,0,6,6,2014
46125,15,0,15,2014
46127,106,83,189,2014
46129,9,0,9,2014
46135,56,32,88,2014
47001,101,72,173,2014
47003,107,64,171,2014
47005,0,0,0,2014
47009,356,252,608,2014
47011,277,270,547,2014
47013,151,0,151,2014
47015,11,0,11,2014
47017,5,0,5,2014
47019,51,0,51,2014
47021,107,0,107,2014
47023,8,0,8,2014
47025,51,74,125,2014
47029,1,0,1,2014
47031,113,16,129,2014
47033,2,0,2,2014
47035,201,45,246,2014
47037,2584,3829,6413,2014
47039,0,0,0,2014
47041,7,0,7,2014
47043,138,64,202,2014
47045,56,0,56,2014
47047,235,0,235,2014
47049,0,0,0,2014
47051,110,0,110,2014
47053,106,2,108,2014
47055,5,0,5,2014
47057,2,0,2,2014
47059,87,7,94,2014
47061,3,0,3,2014
47063,53,0,53,2014
47065,944,1092,2036,2014
47067,0,0,0,2014
47069,23,0,23,2014
47071,6,2,8,2014
47073,11,0,11,2014
47075,14,4,18,2014
47077,1,0,1,2014
47079,11,2,13,2014
47081,3,0,3,2014
47083,1,0,1,2014
47085,10,0,10,2014
47089,88,10,98,2014
47091,1,0,1,2014
47093,1226,686,1912,2014
47095,4,2,6,2014
47097,14,0,14,2014
47099,6,4,10,2014
47101,5,0,5,2014
47103,3,0,3,2014
47105,202,4,206,2014
47107,14,10,24,2014
47109,7,4,11,2014
47111,6,0,6,2014
47113,195,0,195,2014
47115,74,0,74,2014
47117,102,0,102,2014
47119,780,4,784,2014
47121,45,0,45,2014
47123,61,0,61,2014
47125,1224,222,1446,2014
47127,27,0,27,2014
47129,0,0,0,2014
47131,11,0,11,2014
47133,3,0,3,2014
47135,0,0,0,2014
47139,142,0,142,2014
47141,283,141,424,2014
47143,50,12,62,2014
47145,7,0,7,2014
47147,233,10,243,2014
47149,1760,984,2744,2014
47151,3,0,3,2014
47153,7,0,7,2014
47155,54,6,60,2014
47157,939,577,1516,2014
47159,66,0,66,2014
47161,2,16,18,2014
47163,229,20,249,2014
47165,865,4,869,2014
47167,130,8,138,2014
47169,36,9,45,2014
47171,1,0,1,2014
47173,50,0,50,2014
47177,50,2,52,2014
47179,406,248,654,2014
47181,1,0,1,2014
47183,33,0,33,2014
47185,6,0,6,2014
47187,1566,336,1902,2014
47189,920,629,1549,2014
48001,2,0,2,2014
48003,53,102,155,2014
48005,66,10,76,2014
48007,169,0,169,2014
48009,9,0,9,2014
48011,0,0,0,2014
48013,67,2,69,2014
48015,24,3,27,2014
48017,0,0,0,2014
48019,1,0,1,2014
48021,167,0,167,2014
48023,0,0,0,2014
48025,11,0,11,2014
48027,1846,143,1989,2014
48029,3324,3635,6959,2014
48031,3,32,35,2014
48035,3,0,3,2014
48037,93,2,95,2014
48039,2462,1014,3476,2014
48041,955,831,1786,2014
48043,4,7,11,2014
48047,0,0,0,2014
48049,25,6,31,2014
48051,8,0,8,2014
48053,261,0,261,2014
48055,98,0,98,2014
48057,74,7,81,2014
48059,5,0,5,2014
48061,1179,238,1417,2014
48063,7,3,10,2014
48065,3,0,3,2014
48067,5,6,11,2014
48069,0,0,0,2014
48071,377,0,377,2014
48073,6,0,6,2014
48075,0,0,0,2014
48077,5,0,5,2014
48079,1,0,1,2014
48081,0,0,0,2014
48083,0,0,0,2014
48085,6720,3915,10635,2014
48087,0,0,0,2014
48089,10,0,10,2014
48091,1624,451,2075,2014
48093,3,0,3,2014
48097,25,0,25,2014
48099,114,32,146,2014
48101,0,0,0,2014
48103,1,0,1,2014
48107,5,0,5,2014
48109,1,0,1,2014
48111,20,0,20,2014
48113,3974,10386,14360,2014
48115,7,0,7,2014
48117,2,8,10,2014
48119,2,0,2,2014
48121,2896,669,3565,2014
48123,5,0,5,2014
48127,5,0,5,2014
48129,1,0,1,2014
48133,0,0,0,2014
48135,430,126,556,2014
48139,1096,0,1096,2014
48141,2260,783,3043,2014
48143,42,43,85,2014
48145,3,0,3,2014
48147,7,20,27,2014
48149,6,0,6,2014
48151,0,0,0,2014
48153,6,0,6,2014
48157,8465,803,9268,2014
48159,1,0,1,2014
48161,7,0,7,2014
48163,11,0,11,2014
48165,15,0,15,2014
48167,2638,368,3006,2014
48169,0,0,0,2014
48171,39,0,39,2014
48177,27,8,35,2014
48179,3,0,3,2014
48181,203,68,271,2014
48183,197,69,266,2014
48185,15,0,15,2014
48187,765,0,765,2014
48189,8,0,8,2014
48191,0,0,0,2014
48193,1,0,1,2014
48195,17,0,17,2014
48197,0,0,0,2014
48199,117,0,117,2014
48201,18533,21527,40060,2014
48203,53,26,79,2014
48207,2,0,2,2014
48209,1756,549,2305,2014
48211,6,0,6,2014
48213,68,0,68,2014
48215,2840,633,3473,2014
48217,6,0,6,2014
48219,15,0,15,2014
48221,117,4,121,2014
48223,8,0,8,2014
48225,5,0,5,2014
48227,29,4,33,2014
48231,63,3,66,2014
48233,0,0,0,2014
48237,5,0,5,2014
48239,16,2,18,2014
48241,8,0,8,2014
48245,743,318,1061,2014
48249,26,0,26,2014
48251,774,186,960,2014
48253,1,0,1,2014
48255,70,8,78,2014
48257,219,0,219,2014
48259,380,0,380,2014
48265,65,26,91,2014
48267,2,3,5,2014
48271,1,0,1,2014
48273,36,0,36,2014
48277,27,16,43,2014
48279,7,0,7,2014
48281,155,81,236,2014
48283,11,13,24,2014
48285,11,0,11,2014
48287,3,0,3,2014
48291,300,0,300,2014
48293,4,0,4,2014
48295,6,0,6,2014
48297,12,0,12,2014
48299,202,0,202,2014
48303,967,1161,2128,2014
48305,3,0,3,2014
48307,0,0,0,2014
48309,604,864,1468,2014
48313,4,0,4,2014
48315,2,0,2,2014
48317,3,0,3,2014
48319,4,0,4,2014
48321,222,0,222,2014
48323,70,29,99,2014
48325,25,24,49,2014
48329,917,636,1553,2014
48331,10,0,10,2014
48335,5,0,5,2014
48337,0,0,0,2014
48339,5511,1634,7145,2014
48341,16,0,16,2014
48343,1,0,1,2014
48347,32,36,68,2014
48349,23,0,23,2014
48351,0,0,0,2014
48353,0,0,0,2014
48355,1262,1190,2452,2014
48357,7,0,7,2014
48359,0,0,0,2014
48361,208,220,428,2014
48363,5,0,5,2014
48365,8,6,14,2014
48367,382,0,382,2014
48369,13,0,13,2014
48371,7,0,7,2014
48373,469,0,469,2014
48375,469,384,853,2014
48377,9,0,9,2014
48379,3,2,5,2014
48381,24,38,62,2014
48383,1,18,19,2014
48385,0,0,0,2014
48387,8,0,8,2014
48389,3,0,3,2014
48391,6,16,22,2014
48395,9,0,9,2014
48397,965,0,965,2014
48399,4,0,4,2014
48401,3,0,3,2014
48403,0,0,0,2014
48405,0,0,0,2014
48407,2,0,2,2014
48409,236,7,243,2014
48411,0,0,0,2014
48413,1,0,1,2014
48415,8,0,8,2014
48419,15,0,15,2014
48421,6,4,10,2014
48423,377,12,389,2014
48425,18,0,18,2014
48429,0,0,0,2014
48435,0,0,0,2014
48437,0,0,0,2014
48439,5280,3705,8985,2014
48441,278,0,278,2014
48445,3,0,3,2014
48449,22,0,22,2014
48451,229,400,629,2014
48453,5725,6948,12673,2014
48455,6,0,6,2014
48457,1,0,1,2014
48459,13,8,21,2014
48461,1,0,1,2014
48463,13,0,13,2014
48465,55,8,63,2014
48467,9,80,89,2014
48469,163,672,835,2014
48471,80,142,222,2014
48473,5,77,82,2014
48475,19,0,19,2014
48477,83,2,85,2014
48479,954,765,1719,2014
48481,19,0,19,2014
48483,0,0,0,2014
48485,93,50,143,2014
48487,2,0,2,2014
48489,98,0,98,2014
48491,3769,937,4706,2014
48493,34,0,34,2014
48495,0,0,0,2014
48497,46,0,46,2014
48499,4,15,19,2014
48501,14,0,14,2014
48503,33,2,35,2014
48507,11,0,11,2014
49001,16,0,16,2014
49003,164,0,164,2014
49005,380,369,749,2014
49007,22,44,66,2014
49009,7,0,7,2014
49011,1192,320,1512,2014
49013,116,21,137,2014
49015,10,0,10,2014
49017,36,6,42,2014
49019,73,16,89,2014
49021,198,40,238,2014
49023,38,0,38,2014
49025,15,0,15,2014
49027,28,0,28,2014
49029,83,0,83,2014
49031,10,0,10,2014
49033,21,0,21,2014
49035,2856,2087,4943,2014
49037,21,0,21,2014
49039,37,0,37,2014
49041,45,0,45,2014
49043,193,93,286,2014
49045,303,72,375,2014
49047,230,92,322,2014
49049,2641,2616,5257,2014
49051,407,29,436,2014
49053,1573,55,1628,2014
49055,16,0,16,2014
49057,551,368,919,2014
50001,87,14,101,2014
50003,35,0,35,2014
50005,49,0,49,2014
50007,241,292,533,2014
50009,9,0,9,2014
50011,108,44,152,2014
50013,19,2,21,2014
50015,48,18,66,2014
50017,39,0,39,2014
50019,36,164,200,2014
50021,48,2,50,2014
50023,121,6,127,2014
50025,67,24,91,2014
50027,71,2,73,2014
51001,67,0,67,2014
51003,404,0,404,2014
51005,17,0,17,2014
51007,40,0,40,2014
51009,50,0,50,2014
51011,62,0,62,2014
51013,229,1931,2160,2014
51015,182,236,418,2014
51017,4,0,4,2014
51019,250,170,420,2014
51021,13,0,13,2014
51023,75,0,75,2014
51025,0,0,0,2014
51027,9,0,9,2014
51029,34,0,34,2014
51031,122,175,297,2014
51033,73,0,73,2014
51035,52,0,52,2014
51036,18,0,18,2014
51037,13,0,13,2014
51041,860,762,1622,2014
51043,34,0,34,2014
51045,18,0,18,2014
51047,215,0,215,2014
51049,16,4,20,2014
51051,8,0,8,2014
51053,42,0,42,2014
51057,14,2,16,2014
51059,925,1324,2249,2014
51061,267,0,267,2014
51063,49,0,49,2014
51065,88,6,94,2014
51067,112,0,112,2014
51069,436,0,436,2014
51071,16,0,16,2014
51073,128,12,140,2014
51075,127,0,127,2014
51077,28,0,28,2014
51079,68,48,116,2014
51081,14,0,14,2014
51083,64,0,64,2014
51085,522,0,522,2014
51087,693,0,693,2014
51089,28,0,28,2014
51091,12,0,12,2014
51093,131,0,131,2014
51095,454,255,709,2014
51097,13,0,13,2014
51099,104,0,104,2014
51101,74,0,74,2014
51103,28,4,32,2014
51105,16,0,16,2014
51107,2823,657,3480,2014
51109,168,0,168,2014
51111,13,0,13,2014
51113,31,0,31,2014
51115,25,0,25,2014
51117,60,0,60,2014
51119,39,0,39,2014
51121,181,52,233,2014
51125,50,2,52,2014
51127,162,0,162,2014
51131,33,17,50,2014
51133,55,0,55,2014
51135,27,0,27,2014
51137,86,0,86,2014
51139,39,0,39,2014
51141,31,0,31,2014
51143,73,0,73,2014
51145,191,0,191,2014
51147,48,4,52,2014
51149,66,0,66,2014
51153,1208,17,1225,2014
51155,41,4,45,2014
51157,22,0,22,2014
51159,15,11,26,2014
51161,147,72,219,2014
51163,44,0,44,2014
51165,252,0,252,2014
51167,21,9,30,2014
51169,15,0,15,2014
51171,87,0,87,2014
51173,26,0,26,2014
51175,28,0,28,2014
51177,375,0,375,2014
51179,772,0,772,2014
51181,25,0,25,2014
51183,20,0,20,2014
51185,15,11,26,2014
51187,87,0,87,2014
51191,53,2,55,2014
51193,64,0,64,2014
51195,14,0,14,2014
51197,63,16,79,2014
51199,78,354,432,2014
51510,174,1150,1324,2014
51520,8,2,10,2014
51530,0,0,0,2014
51540,62,111,173,2014
51550,846,40,886,2014
51570,13,0,13,2014
51580,1,0,1,2014
51590,12,0,12,2014
51595,8,5,13,2014
51600,54,0,54,2014
51610,37,510,547,2014
51620,3,0,3,2014
51630,23,0,23,2014
51640,1,0,1,2014
51650,160,0,160,2014
51660,72,80,152,2014
51670,90,0,90,2014
51678,6,2,8,2014
51680,92,0,92,2014
51683,125,0,125,2014
51685,11,0,11,2014
51690,1,0,1,2014
51700,109,221,330,2014
51710,393,257,650,2014
51720,0,0,0,2014
51730,8,0,8,2014
51735,24,0,24,2014
51740,141,12,153,2014
51750,10,0,10,2014
51760,182,369,551,2014
51770,35,14,49,2014
51775,38,0,38,2014
51790,23,114,137,2014
51800,297,51,348,2014
51810,688,520,1208,2014
51820,44,4,48,2014
51830,31,227,258,2014
51840,21,2,23,2014
53001,46,4,50,2014
53003,33,2,35,2014
53005,798,144,942,2014
53007,286,18,304,2014
53009,160,0,160,2014
53011,1588,652,2240,2014
53013,7,0,7,2014
53015,160,18,178,2014
53017,147,9,156,2014
53019,10,0,10,2014
53021,280,42,322,2014
53023,3,0,3,2014
53025,230,34,264,2014
53027,140,2,142,2014
53029,252,0,252,2014
53031,121,0,121,2014
53033,4215,10488,14703,2014
53035,519,79,598,2014
53037,265,18,283,2014
53039,78,5,83,2014
53041,129,35,164,2014
53043,30,0,30,2014
53045,108,0,108,2014
53047,160,5,165,2014
53049,63,0,63,2014
53051,42,0,42,2014
53053,2371,1406,3777,2014
53055,109,0,109,2014
53057,262,12,274,2014
53059,24,10,34,2014
53061,2079,1394,3473,2014
53063,1014,825,1839,2014
53065,79,0,79,2014
53067,934,69,1003,2014
53069,11,0,11,2014
53071,183,24,207,2014
53073,542,465,1007,2014
53075,75,143,218,2014
53077,352,90,442,2014
54001,28,2,30,2014
54003,589,112,701,2014
54005,16,0,16,2014
54007,0,0,0,2014
54009,4,0,4,2014
54011,54,84,138,2014
54015,9,0,9,2014
54019,34,0,34,2014
54021,0,6,6,2014
54023,26,40,66,2014
54025,51,2,53,2014
54027,66,0,66,2014
54029,16,0,16,2014
54031,34,0,34,2014
54033,81,24,105,2014
54035,2,0,2,2014
54037,200,0,200,2014
54039,63,233,296,2014
54041,1,0,1,2014
54043,11,0,11,2014
54045,1,0,1,2014
54047,7,0,7,2014
54049,8,5,13,2014
54051,1,0,1,2014
54053,1,0,1,2014
54055,3,2,5,2014
54057,32,0,32,2014
54059,5,0,5,2014
54061,15,85,100,2014
54063,0,0,0,2014
54065,48,0,48,2014
54067,0,0,0,2014
54069,3,52,55,2014
54071,18,0,18,2014
54073,5,0,5,2014
54075,3,0,3,2014
54077,1,0,1,2014
54079,124,42,166,2014
54081,86,5,91,2014
54083,2,8,10,2014
54085,1,0,1,2014
54087,35,0,35,2014
54089,16,0,16,2014
54091,3,0,3,2014
54093,3,0,3,2014
54095,7,0,7,2014
54097,51,49,100,2014
54099,16,0,16,2014
54101,0,0,0,2014
54103,4,16,20,2014
54105,19,0,19,2014
54107,103,2,105,2014
54109,2,0,2,2014
55001,61,0,61,2014
55003,8,0,8,2014
55005,59,68,127,2014
55007,51,0,51,2014
55009,506,361,867,2014
55011,31,2,33,2014
55013,62,0,62,2014
55015,115,94,209,2014
55017,155,65,220,2014
55019,37,0,37,2014
55021,66,120,186,2014
55023,23,4,27,2014
55025,1105,2438,3543,2014
55027,91,38,129,2014
55029,134,0,134,2014
55031,72,0,72,2014
55033,66,2,68,2014
55035,188,55,243,2014
55037,27,0,27,2014
55039,106,134,240,2014
55041,41,0,41,2014
55043,70,12,82,2014
55045,34,2,36,2014
55047,25,0,25,2014
55049,38,2,40,2014
55051,29,0,29,2014
55053,36,0,36,2014
55055,103,6,109,2014
55057,61,8,69,2014
55059,151,116,267,2014
55061,30,0,30,2014
55063,199,55,254,2014
55065,16,0,16,2014
55067,48,50,98,2014
55069,77,0,77,2014
55071,64,56,120,2014
55073,218,165,383,2014
55075,76,0,76,2014
55077,28,0,28,2014
55078,14,0,14,2014
55079,138,657,795,2014
55081,90,6,96,2014
55083,105,2,107,2014
55085,130,2,132,2014
55087,393,328,721,2014
55089,176,88,264,2014
55091,18,0,18,2014
55093,105,0,105,2014
55095,83,0,83,2014
55097,104,18,122,2014
55099,52,0,52,2014
55101,159,48,207,2014
55103,24,0,24,2014
55105,123,20,143,2014
55107,52,0,52,2014
55109,223,69,292,2014
55111,107,6,113,2014
55113,82,0,82,2014
55115,44,0,44,2014
55117,87,24,111,2014
55119,20,8,28,2014
55121,50,84,134,2014
55123,62,0,62,2014
55125,141,0,141,2014
55127,135,68,203,2014
55129,71,0,71,2014
55131,291,46,337,2014
55133,713,307,1020,2014
55135,86,2,88,2014
55137,52,2,54,2014
55139,267,244,511,2014
55141,78,158,236,2014
56001,99,0,99,2014
56003,13,0,13,2014
56005,163,0,163,2014
56007,21,10,31,2014
56009,43,0,43,2014
56011,5,0,5,2014
56013,12,6,18,2014
56015,1,0,1,2014
56017,0,0,0,2014
56019,8,4,12,2014
56021,305,98,403,2014
56023,68,0,68,2014
56025,330,0,330,2014
56027,1,0,1,2014
56029,107,24,131,2014
56031,22,0,22,2014
56033,107,10,117,2014
56035,27,0,27,2014
56037,108,119,227,2014
56039,135,10,145,2014
56041,34,6,40,2014
56043,4,0,4,2014
56045,1,0,1,2014
01001,158,0,158,2015
01003,1622,581,2203,2015
01005,10,0,10,2015
01007,9,0,9,2015
01009,9,40,49,2015
01011,0,0,0,2015
01013,3,0,3,2015
01015,61,0,61,2015
01017,4,0,4,2015
01019,5,0,5,2015
01021,19,0,19,2015
01023,0,0,0,2015
01025,4,0,4,2015
01027,0,0,0,2015
01029,1,0,1,2015
01031,57,0,57,2015
01033,124,0,124,2015
01035,4,0,4,2015
01037,0,0,0,2015
01039,8,0,8,2015
01041,1,0,1,2015
01043,62,11,73,2015
01045,11,0,11,2015
01047,18,0,18,2015
01049,24,0,24,2015
01051,98,67,165,2015
01053,2,0,2,2015
01055,83,0,83,2015
01057,2,0,2,2015
01059,10,30,40,2015
01061,6,0,6,2015
01063,4,0,4,2015
01065,0,0,0,2015
01067,17,0,17,2015
01069,288,16,304,2015
01071,40,0,40,2015
01073,1348,1129,2477,2015
01075,0,0,0,2015
01077,82,132,214,2015
01079,0,0,0,2015
01081,826,12,838,2015
01083,111,0,111,2015
01085,0,0,0,2015
01087,1,0,1,2015
01089,2010,486,2496,2015
01091,8,0,8,2015
01093,0,0,0,2015
01095,28,0,28,2015
01097,648,259,907,2015
01099,5,0,5,2015
01101,508,268,776,2015
01103,131,8,139,2015
01105,0,0,0,2015
01107,5,0,5,2015
01109,34,0,34,2015
01111,0,0,0,2015
01113,156,314,470,2015
01115,128,0,128,2015
01117,888,150,1038,2015
01119,7,0,7,2015
01121,24,0,24,2015
01123,77,0,77,2015
01125,448,294,742,2015
01127,13,0,13,2015
01129,0,0,0,2015
01131,3,0,3,2015
01133,4,0,4,2015
02013,0,2,2,2015
02016,3,0,3,2015
02020,648,186,834,2015
02020,648,186,834,2015
02050,6,4,10,2015
02060,3,0,3,2015
02070,3,0,3,2015
02090,7,0,7,2015
02100,8,0,8,2015
02105,2,0,2,2015
02110,82,12,94,2015
02110,82,12,94,2015
02122,92,25,117,2015
02130,18,6,24,2015
02150,19,3,22,2015
02170,47,52,99,2015
02180,7,0,7,2015
02185,8,0,8,2015
02188,4,0,4,2015
02195,4,6,10,2015
02198,0,2,2,2015
02220,18,2,20,2015
02220,18,2,20,2015
02230,3,4,7,2015
02261,5,2,7,2015
02270,0,0,0,2015
02275,5,0,5,2015
02282,0,0,0,2015
02282,0,0,0,2015
02290,0,0,0,2015
04001,29,0,29,2015
04003,139,76,215,2015
04005,333,233,566,2015
04007,105,3,108,2015
04009,88,12,100,2015
04011,7,0,7,2015
04012,21,10,31,2015
04013,14534,5717,20251,2015
04015,626,10,636,2015
04017,165,12,177,2015
04019,2226,202,2428,2015
04021,2087,64,2151,2015
04023,66,0,66,2015
04025,1120,257,1377,2015
04027,765,3,768,2015
05001,12,0,12,2015
05003,0,0,0,2015
05005,11,28,39,2015
05007,1858,534,2392,2015
05009,22,0,22,2015
05011,1,0,1,2015
05013,0,0,0,2015
05015,7,24,31,2015
05017,2,0,2,2015
05019,3,0,3,2015
05021,2,0,2,2015
05023,1,0,1,2015
05025,0,0,0,2015
05027,0,0,0,2015
05029,6,10,16,2015
05031,390,80,470,2015
05033,70,6,76,2015
05035,52,6,58,2015
05037,14,0,14,2015
05039,3,0,3,2015
05041,2,0,2,2015
05043,13,4,17,2015
05045,198,8,206,2015
05047,1,0,1,2015
05049,0,0,0,2015
05051,59,0,59,2015
05053,11,0,11,2015
05055,110,38,148,2015
05057,50,0,50,2015
05059,0,0,0,2015
05061,2,0,2,2015
05063,28,10,38,2015
05065,2,0,2,2015
05067,6,0,6,2015
05069,21,10,31,2015
05071,7,48,55,2015
05073,0,0,0,2015
05075,12,0,12,2015
05077,0,0,0,2015
05079,0,0,0,2015
05081,5,0,5,2015
05083,4,0,4,2015
05085,313,26,339,2015
05087,1,0,1,2015
05089,50,0,50,2015
05091,39,4,43,2015
05093,21,29,50,2015
05095,2,0,2,2015
05099,0,0,0,2015
05101,0,0,0,2015
05103,4,0,4,2015
05105,2,0,2,2015
05107,1,39,40,2015
05111,12,0,12,2015
05113,2,0,2,2015
05115,67,18,85,2015
05117,4,0,4,2015
05119,688,546,1234,2015
05121,39,0,39,2015
05123,0,0,0,2015
05125,275,632,907,2015
05127,2,0,2,2015
05129,1,0,1,2015
05131,140,114,254,2015
05133,3,2,5,2015
05135,1,0,1,2015
05137,5,2,7,2015
05139,8,75,83,2015
05141,5,0,5,2015
05143,957,442,1399,2015
05145,76,6,82,2015
05147,1,0,1,2015
05149,5,50,55,2015
06001,1905,3196,5101,2015
06003,4,0,4,2015
06005,27,0,27,2015
06007,356,265,621,2015
06009,102,0,102,2015
06011,41,0,41,2015
06013,2072,538,2610,2015
06015,20,0,20,2015
06017,584,0,584,2015
06019,2053,269,2322,2015
06021,20,0,20,2015
06023,138,77,215,2015
06025,112,181,293,2015
06027,8,0,8,2015
06029,2098,102,2200,2015
06031,401,190,591,2015
06033,71,0,71,2015
06035,7,0,7,2015
06037,4638,18625,23263,2015
06039,211,0,211,2015
06041,201,189,390,2015
06043,26,0,26,2015
06045,105,2,107,2015
06047,228,4,232,2015
06049,9,0,9,2015
06051,38,2,40,2015
06053,315,272,587,2015
06055,170,2,172,2015
06057,206,10,216,2015
06059,3809,6962,10771,2015
06061,1996,240,2236,2015
06063,31,0,31,2015
06065,4934,1224,6158,2015
06067,2261,749,3010,2015
06069,212,6,218,2015
06071,2882,886,3768,2015
06073,3222,6661,9883,2015
06075,64,3601,3665,2015
06077,1708,723,2431,2015
06079,692,129,821,2015
06081,562,1058,1620,2015
06083,411,671,1082,2015
06085,1685,3885,5570,2015
06087,202,133,335,2015
06089,321,54,375,2015
06091,1,0,1,2015
06093,77,0,77,2015
06095,1036,398,1434,2015
06097,431,190,621,2015
06099,413,0,413,2015
06101,70,95,165,2015
06103,73,0,73,2015
06105,23,0,23,2015
06107,1129,146,1275,2015
06109,49,0,49,2015
06111,678,755,1433,2015
06113,334,20,354,2015
06115,172,34,206,2015
08001,1510,591,2101,2015
08003,26,0,26,2015
08005,1679,1151,2830,2015
08007,105,8,113,2015
08009,0,0,0,2015
08011,2,0,2,2015
08013,768,481,1249,2015
08014,403,44,447,2015
08015,105,16,121,2015
08017,6,0,6,2015
08019,18,0,18,2015
08021,21,0,21,2015
08023,35,0,35,2015
08025,5,0,5,2015
08027,43,0,43,2015
08029,7,0,7,2015
08031,1847,6054,7901,2015
08033,0,0,0,2015
08035,2169,720,2889,2015
08037,162,26,188,2015
08039,149,0,149,2015
08041,2939,641,3580,2015
08043,54,0,54,2015
08045,127,11,138,2015
08047,16,0,16,2015
08049,115,13,128,2015
08051,93,5,98,2015
08053,6,0,6,2015
08055,32,0,32,2015
08057,4,0,4,2015
08059,1410,442,1852,2015
08061,0,0,0,2015
08063,0,0,0,2015
08065,39,0,39,2015
08067,229,107,336,2015
08069,1720,714,2434,2015
08071,3,0,3,2015
08073,11,4,15,2015
08075,27,0,27,2015
08077,446,40,486,2015
08079,12,0,12,2015
08081,7,0,7,2015
08083,21,2,23,2015
08085,124,0,124,2015
08087,24,54,78,2015
08089,4,0,4,2015
08091,35,0,35,2015
08093,123,0,123,2015
08095,9,0,9,2015
08097,73,30,103,2015
08099,6,0,6,2015
08101,200,82,282,2015
08103,11,0,11,2015
08105,14,0,14,2015
08107,102,0,102,2015
08109,29,0,29,2015
08111,6,0,6,2015
08113,27,5,32,2015
08115,0,0,0,2015
08117,154,41,195,2015
08119,83,2,85,2015
08121,5,0,5,2015
08123,2624,562,3186,2015
08125,1,0,1,2015
09001,800,1798,2598,2015
09003,491,401,892,2015
09005,101,11,112,2015
09007,141,161,302,2015
09009,422,739,1161,2015
09011,238,293,531,2015
09013,156,232,388,2015
09015,87,6,93,2015
10001,827,234,1061,2015
10003,1246,467,1713,2015
10005,2166,281,2447,2015
11001,255,4701,4956,2015
12001,580,591,1171,2015
12003,37,2,39,2015
12005,706,178,884,2015
12007,0,0,0,2015
12009,1609,309,1918,2015
12011,1494,3958,5452,2015
12013,8,0,8,2015
12015,947,182,1129,2015
12017,354,24,378,2015
12019,902,80,982,2015
12021,3078,982,4060,2015
12023,80,0,80,2015
12027,118,0,118,2015
12029,26,0,26,2015
12031,2606,1908,4514,2015
12033,807,585,1392,2015
12035,587,0,587,2015
12037,55,0,55,2015
12039,38,0,38,2015
12041,43,0,43,2015
12043,15,0,15,2015
12045,102,2,104,2015
12047,22,0,22,2015
12049,17,0,17,2015
12051,26,61,87,2015
12053,426,5,431,2015
12055,156,6,162,2015
12057,5679,3807,9486,2015
12059,19,0,19,2015
12061,849,24,873,2015
12063,35,0,35,2015
12065,27,0,27,2015
12067,10,0,10,2015
12069,2598,180,2778,2015
12071,3819,3060,6879,2015
12073,536,159,695,2015
12075,49,0,49,2015
12077,15,0,15,2015
12079,35,0,35,2015
12081,2586,1033,3619,2015
12083,1055,0,1055,2015
12085,323,89,412,2015
12086,2800,9817,12617,2015
12087,203,59,262,2015
12089,800,310,1110,2015
12091,690,12,702,2015
12093,69,0,69,2015
12095,4986,4620,9606,2015
12097,3502,3258,6760,2015
12099,2848,2533,5381,2015
12101,1971,668,2639,2015
12103,1663,1434,3097,2015
12105,3003,36,3039,2015
12107,15,0,15,2015
12109,2908,118,3026,2015
12111,945,244,1189,2015
12113,1210,32,1242,2015
12115,2406,1116,3522,2015
12117,952,378,1330,2015
12119,1568,0,1568,2015
12121,40,0,40,2015
12123,29,12,41,2015
12125,23,0,23,2015
12127,1316,144,1460,2015
12129,136,0,136,2015
12131,1087,238,1325,2015
12133,26,0,26,2015
13001,3,0,3,2015
13003,0,0,0,2015
13005,0,0,0,2015
13007,0,0,0,2015
13009,59,85,144,2015
13011,24,0,24,2015
13013,383,6,389,2015
13015,348,0,348,2015
13017,9,0,9,2015
13019,20,0,20,2015
13021,113,0,113,2015
13023,0,0,0,2015
13025,28,0,28,2015
13027,24,2,26,2015
13029,383,24,407,2015
13031,232,42,274,2015
13033,44,0,44,2015
13035,34,0,34,2015
13037,1,0,1,2015
13039,140,0,140,2015
13043,2,0,2,2015
13045,168,0,168,2015
13047,145,109,254,2015
13049,11,0,11,2015
13051,933,26,959,2015
13053,0,0,0,2015
13055,1,0,1,2015
13057,1847,153,2000,2015
13059,89,553,642,2015
13061,5,0,5,2015
13063,427,0,427,2015
13065,0,0,0,2015
13067,1477,652,2129,2015
13069,32,0,32,2015
13071,35,4,39,2015
13073,1396,68,1464,2015
13075,38,0,38,2015
13077,768,213,981,2015
13079,19,0,19,2015
13081,18,0,18,2015
13083,1,0,1,2015
13085,173,0,173,2015
13087,24,0,24,2015
13089,900,1267,2167,2015
13091,9,0,9,2015
13093,0,0,0,2015
13095,49,37,86,2015
13097,249,0,249,2015
13099,9,0,9,2015
13101,7,0,7,2015
13103,1041,0,1041,2015
13105,15,0,15,2015
13107,3,4,7,2015
13109,17,4,21,2015
13111,206,0,206,2015
13113,336,210,546,2015
13115,89,4,93,2015
13117,2984,518,3502,2015
13119,39,0,39,2015
13121,3016,6689,9705,2015
13123,99,0,99,2015
13127,464,0,464,2015
13129,81,6,87,2015
13131,25,0,25,2015
13133,225,0,225,2015
13135,3285,633,3918,2015
13137,17,0,17,2015
13139,906,40,946,2015
13141,16,0,16,2015
13143,27,0,27,2015
13145,146,0,146,2015
13147,38,0,38,2015
13149,19,0,19,2015
13151,1265,4,1269,2015
13153,688,300,988,2015
13155,8,0,8,2015
13157,564,48,612,2015
13159,55,0,55,2015
13161,3,0,3,2015
13163,0,0,0,2015
13165,11,0,11,2015
13167,0,0,0,2015
13169,30,72,102,2015
13171,40,0,40,2015
13173,35,0,35,2015
13175,11,0,11,2015
13177,99,0,99,2015
13179,207,78,285,2015
13181,23,0,23,2015
13183,260,0,260,2015
13185,537,22,559,2015
13187,83,132,215,2015
13189,24,0,24,2015
13191,43,0,43,2015
13193,3,0,3,2015
13195,79,0,79,2015
13197,12,0,12,2015
13199,31,0,31,2015
13201,3,0,3,2015
13205,9,68,77,2015
13207,82,0,82,2015
13209,11,0,11,2015
13211,57,0,57,2015
13213,38,0,38,2015
13215,290,326,616,2015
13217,251,0,251,2015
13219,359,44,403,2015
13221,35,0,35,2015
13223,981,0,981,2015
13225,47,0,47,2015
13227,65,2,67,2015
13229,48,0,48,2015
13231,40,0,40,2015
13233,32,0,32,2015
13235,13,0,13,2015
13237,60,62,122,2015
13239,1,0,1,2015
13241,52,0,52,2015
13243,2,0,2,2015
13245,423,298,721,2015
13247,138,0,138,2015
13249,6,0,6,2015
13251,19,0,19,2015
13253,4,0,4,2015
13255,190,0,190,2015
13257,26,0,26,2015
13259,0,0,0,2015
13261,10,0,10,2015
13263,6,0,6,2015
13267,20,0,20,2015
13269,20,0,20,2015
13271,0,0,0,2015
13273,4,0,4,2015
13275,71,8,79,2015
13277,38,33,71,2015
13279,3,12,15,2015
13281,115,0,115,2015
13283,2,0,2,2015
13285,106,0,106,2015
13287,7,56,63,2015
13289,1,0,1,2015
13291,129,0,129,2015
13293,14,0,14,2015
13295,100,4,104,2015
13297,441,0,441,2015
13299,98,0,98,2015
13301,0,0,0,2015
13303,56,0,56,2015
13305,21,0,21,2015
13307,5,0,5,2015
13309,0,0,0,2015
13311,55,0,55,2015
13313,111,10,121,2015
13317,5,0,5,2015
13319,5,0,5,2015
13321,14,0,14,2015
15001,837,45,882,2015
15003,982,2851,3833,2015
15007,205,0,205,2015
15009,332,170,502,2015
16001,3055,1186,4241,2015
16003,4,0,4,2015
16005,168,22,190,2015
16007,26,0,26,2015
16009,15,0,15,2015
16011,73,26,99,2015
16013,62,0,62,2015
16015,51,0,51,2015
16017,48,10,58,2015
16019,544,180,724,2015
16021,51,0,51,2015
16023,2,0,2,2015
16025,3,0,3,2015
16027,1130,18,1148,2015
16029,10,0,10,2015
16031,94,8,102,2015
16033,7,0,7,2015
16035,18,0,18,2015
16037,3,0,3,2015
16039,52,0,52,2015
16041,52,0,52,2015
16043,62,0,62,2015
16045,38,0,38,2015
16047,15,0,15,2015
16049,1,0,1,2015
16051,136,0,136,2015
16053,65,0,65,2015
16055,1090,324,1414,2015
16057,55,44,99,2015
16059,23,0,23,2015
16061,8,0,8,2015
16063,2,0,2,2015
16065,135,144,279,2015
16067,40,28,68,2015
16069,32,76,108,2015
16071,17,0,17,2015
16073,21,0,21,2015
16075,42,2,44,2015
16077,1,0,1,2015
16079,19,0,19,2015
16081,89,4,93,2015
16083,351,62,413,2015
16085,57,36,93,2015
16087,17,0,17,2015
17001,67,0,67,2015
17003,0,0,0,2015
17005,53,60,113,2015
17007,12,0,12,2015
17009,0,0,0,2015
17011,12,40,52,2015
17013,8,0,8,2015
17015,16,0,16,2015
17017,7,0,7,2015
17019,298,904,1202,2015
17021,27,0,27,2015
17023,6,6,12,2015
17025,3,2,5,2015
17027,89,0,89,2015
17029,8,5,13,2015
17031,1735,6120,7855,2015
17033,14,0,14,2015
17035,2,0,2,2015
17037,118,0,118,2015
17039,25,3,28,2015
17041,25,2,27,2015
17043,1077,515,1592,2015
17045,45,0,45,2015
17049,23,32,55,2015
17051,1,0,1,2015
17053,5,2,7,2015
17055,13,0,13,2015
17057,55,0,55,2015
17061,28,0,28,2015
17063,71,117,188,2015
17067,5,0,5,2015
17069,0,0,0,2015
17071,9,0,9,2015
17073,31,5,36,2015
17075,22,0,22,2015
17077,6,32,38,2015
17079,0,0,0,2015
17081,14,0,14,2015
17083,30,0,30,2015
17085,34,0,34,2015
17087,0,0,0,2015
17089,1109,362,1471,2015
17091,89,0,89,2015
17093,174,4,178,2015
17095,19,0,19,2015
17097,536,107,643,2015
17099,69,2,71,2015
17101,47,0,47,2015
17103,29,0,29,2015
17105,16,2,18,2015
17107,8,0,8,2015
17109,4,0,4,2015
17111,337,246,583,2015
17113,220,148,368,2015
17115,45,2,47,2015
17117,85,0,85,2015
17119,367,22,389,2015
17121,1,0,1,2015
17123,10,0,10,2015
17125,6,0,6,2015
17127,1,3,4,2015
17129,26,0,26,2015
17131,9,40,49,2015
17133,133,2,135,2015
17135,27,0,27,2015
17137,7,4,11,2015
17139,31,18,49,2015
17141,51,4,55,2015
17143,116,0,116,2015
17145,33,0,33,2015
17147,26,0,26,2015
17149,14,0,14,2015
17151,0,0,0,2015
17153,5,0,5,2015
17155,15,0,15,2015
17157,21,0,21,2015
17159,10,0,10,2015
17161,72,118,190,2015
17163,389,196,585,2015
17165,0,0,0,2015
17167,263,94,357,2015
17169,0,0,0,2015
17173,38,0,38,2015
17175,3,0,3,2015
17177,11,0,11,2015
17179,219,70,289,2015
17181,17,0,17,2015
17183,10,0,10,2015
17185,3,0,3,2015
17187,9,0,9,2015
17189,19,0,19,2015
17191,2,0,2,2015
17193,5,0,5,2015
17195,27,0,27,2015
17197,1073,127,1200,2015
17199,72,27,99,2015
17201,78,44,122,2015
17203,76,8,84,2015
18001,69,0,69,2015
18003,879,353,1232,2015
18005,233,0,233,2015
18007,10,0,10,2015
18009,7,0,7,2015
18011,389,62,451,2015
18013,39,9,48,2015
18015,59,28,87,2015
18017,12,0,12,2015
18019,399,57,456,2015
18021,0,0,0,2015
18023,33,0,33,2015
18025,0,0,0,2015
18027,0,6,6,2015
18029,65,14,79,2015
18031,50,0,50,2015
18033,90,8,98,2015
18035,46,0,46,2015
18037,48,45,93,2015
18039,307,2,309,2015
18041,11,0,11,2015
18043,187,0,187,2015
18045,3,0,3,2015
18047,36,0,36,2015
18049,16,0,16,2015
18051,97,46,143,2015
18053,43,37,80,2015
18057,1916,2131,4047,2015
18059,363,2,365,2015
18061,94,0,94,2015
18063,745,254,999,2015
18065,23,8,31,2015
18067,166,275,441,2015
18069,55,0,55,2015
18071,73,115,188,2015
18073,66,0,66,2015
18075,16,0,16,2015
18077,46,0,46,2015
18079,34,0,34,2015
18081,605,19,624,2015
18083,33,10,43,2015
18085,165,100,265,2015
18087,132,0,132,2015
18089,830,178,1008,2015
18091,99,60,159,2015
18093,8,0,8,2015
18095,92,9,101,2015
18097,813,1033,1846,2015
18099,74,0,74,2015
18101,3,2,5,2015
18103,20,0,20,2015
18105,246,126,372,2015
18107,32,0,32,2015
18109,110,2,112,2015
18111,18,0,18,2015
18113,88,4,92,2015
18115,8,0,8,2015
18117,1,0,1,2015
18119,23,0,23,2015
18121,33,6,39,2015
18123,32,42,74,2015
18125,18,2,20,2015
18127,354,251,605,2015
18129,58,0,58,2015
18131,15,0,15,2015
18133,51,2,53,2015
18135,21,0,21,2015
18137,55,25,80,2015
18139,12,0,12,2015
18141,291,144,435,2015
18143,45,0,45,2015
18145,49,40,89,2015
18147,40,2,42,2015
18149,38,0,38,2015
18151,121,0,121,2015
18153,2,0,2,2015
18155,57,0,57,2015
18157,406,24,430,2015
18159,7,0,7,2015
18161,3,0,3,2015
18163,289,54,343,2015
18165,1,0,1,2015
18167,76,136,212,2015
18169,20,0,20,2015
18171,15,0,15,2015
18173,194,39,233,2015
18175,34,0,34,2015
18177,41,63,104,2015
18179,39,12,51,2015
18181,32,0,32,2015
18183,72,0,72,2015
19001,7,0,7,2015
19003,4,0,4,2015
19005,33,2,35,2015
19007,5,0,5,2015
19009,5,19,24,2015
19011,24,4,28,2015
19013,226,74,300,2015
19015,57,4,61,2015
19017,82,12,94,2015
19019,19,8,27,2015
19021,7,0,7,2015
19023,24,0,24,2015
19025,19,0,19,2015
19027,35,0,35,2015
19029,16,0,16,2015
19031,34,0,34,2015
19033,48,0,48,2015
19035,9,0,9,2015
19037,5,4,9,2015
19039,52,0,52,2015
19041,38,30,68,2015
19043,25,0,25,2015
19045,40,16,56,2015
19047,12,50,62,2015
19049,574,344,918,2015
19051,4,0,4,2015
19053,1,0,1,2015
19055,9,0,9,2015
19057,44,0,44,2015
19059,119,43,162,2015
19061,237,18,255,2015
19063,17,0,17,2015
19065,21,0,21,2015
19067,13,33,46,2015
19069,5,0,5,2015
19071,6,0,6,2015
19073,6,0,6,2015
19075,20,0,20,2015
19077,8,0,8,2015
19079,4,0,4,2015
19081,8,0,8,2015
19083,10,0,10,2015
19085,20,3,23,2015
19087,26,2,28,2015
19089,2,0,2,2015
19091,15,0,15,2015
19093,5,0,5,2015
19095,7,9,16,2015
19097,35,0,35,2015
19099,43,0,43,2015
19101,4,10,14,2015
19103,436,812,1248,2015
19105,20,0,20,2015
19107,0,0,0,2015
19109,7,44,51,2015
19111,9,0,9,2015
19113,659,366,1025,2015
19115,14,0,14,2015
19117,1,0,1,2015
19119,41,0,41,2015
19121,82,66,148,2015
19123,15,6,21,2015
19125,52,6,58,2015
19127,23,4,27,2015
19129,6,0,6,2015
19131,5,0,5,2015
19133,12,0,12,2015
19135,8,0,8,2015
19137,7,14,21,2015
19139,23,4,27,2015
19141,14,0,14,2015
19143,7,0,7,2015
19145,8,0,8,2015
19147,6,0,6,2015
19149,54,0,54,2015
19151,2,0,2,2015
19153,2466,1907,4373,2015
19155,135,6,141,2015
19157,18,0,18,2015
19159,0,0,0,2015
19161,1,0,1,2015
19163,319,157,476,2015
19165,13,0,13,2015
19167,105,34,139,2015
19169,196,359,555,2015
19171,14,6,20,2015
19173,5,0,5,2015
19175,7,4,11,2015
19177,3,0,3,2015
19179,24,0,24,2015
19181,244,16,260,2015
19183,47,32,79,2015
19185,1,0,1,2015
19187,13,0,13,2015
19189,1,0,1,2015
19191,54,2,56,2015
19193,146,143,289,2015
19195,6,0,6,2015
19197,6,0,6,2015
20001,15,14,29,2015
20003,0,0,0,2015
20005,2,0,2,2015
20007,1,0,1,2015
20009,27,0,27,2015
20011,0,0,0,2015
20013,1,0,1,2015
20015,139,21,160,2015
20017,0,0,0,2015
20019,0,0,0,2015
20021,3,0,3,2015
20023,0,0,0,2015
20025,0,0,0,2015
20027,9,0,9,2015
20029,1,0,1,2015
20031,27,0,27,2015
20033,0,0,0,2015
20035,36,75,111,2015
20037,55,4,59,2015
20039,0,0,0,2015
20041,18,0,18,2015
20043,4,0,4,2015
20045,372,467,839,2015
20047,1,0,1,2015
20051,44,20,64,2015
20053,2,0,2,2015
20055,65,64,129,2015
20057,32,0,32,2015
20059,21,0,21,2015
20061,32,0,32,2015
20063,0,20,20,2015
20065,0,6,6,2015
20067,4,2,6,2015
20069,4,0,4,2015
20071,1,2,3,2015
20073,0,0,0,2015
20075,0,0,0,2015
20077,4,0,4,2015
20079,41,4,45,2015
20081,0,0,0,2015
20083,2,0,2,2015
20085,25,32,57,2015
20087,57,0,57,2015
20089,0,0,0,2015
20091,1600,1429,3029,2015
20093,8,4,12,2015
20095,8,0,8,2015
20097,1,0,1,2015
20099,4,0,4,2015
20101,0,0,0,2015
20103,212,8,220,2015
20105,1,0,1,2015
20107,29,0,29,2015
20109,0,0,0,2015
20111,18,74,92,2015
20113,54,135,189,2015
20115,28,0,28,2015
20117,9,0,9,2015
20119,2,4,6,2015
20121,60,32,92,2015
20123,5,0,5,2015
20125,21,0,21,2015
20127,4,0,4,2015
20129,0,0,0,2015
20131,13,0,13,2015
20133,5,0,5,2015
20135,0,0,0,2015
20137,0,8,8,2015
20139,24,0,24,2015
20141,0,0,0,2015
20143,3,0,3,2015
20145,1,0,1,2015
20147,1,22,23,2015
20149,169,28,197,2015
20151,3,0,3,2015
20153,4,0,4,2015
20155,45,102,147,2015
20157,1,0,1,2015
20159,16,0,16,2015
20161,171,128,299,2015
20163,3,0,3,2015
20165,0,0,0,2015
20167,3,0,3,2015
20169,74,8,82,2015
20171,4,0,4,2015
20173,946,839,1785,2015
20175,8,2,10,2015
20177,230,2,232,2015
20181,0,0,0,2015
20183,0,0,0,2015
20185,9,0,9,2015
20187,0,0,0,2015
20189,4,0,4,2015
20191,19,4,23,2015
20193,18,0,18,2015
20195,0,0,0,2015
20197,18,0,18,2015
20199,0,0,0,2015
20201,0,0,0,2015
20203,0,0,0,2015
20205,0,0,0,2015
20207,4,0,4,2015
20209,159,20,179,2015
21001,0,0,0,2015
21003,2,8,10,2015
21005,50,0,50,2015
21009,80,4,84,2015
21011,1,0,1,2015
21013,20,0,20,2015
21015,413,176,589,2015
21017,26,0,26,2015
21019,0,0,0,2015
21021,23,72,95,2015
21025,1,0,1,2015
21027,6,0,6,2015
21029,332,10,342,2015
21031,0,0,0,2015
21033,3,4,7,2015
21035,15,86,101,2015
21037,198,121,319,2015
21041,1,0,1,2015
21043,3,0,3,2015
21045,0,0,0,2015
21047,55,24,79,2015
21049,27,12,39,2015
21051,0,0,0,2015
21053,0,0,0,2015
21055,0,0,0,2015
21057,0,0,0,2015
21059,231,10,241,2015
21065,0,0,0,2015
21067,629,713,1342,2015
21069,1,0,1,2015
21071,2,14,16,2015
21073,32,8,40,2015
21075,0,0,0,2015
21077,8,0,8,2015
21079,0,0,0,2015
21081,38,0,38,2015
21083,1,0,1,2015
21085,10,0,10,2015
21087,0,0,0,2015
21089,13,0,13,2015
21091,2,0,2,2015
21093,190,22,212,2015
21095,0,0,0,2015
21097,17,2,19,2015
21099,40,50,90,2015
21101,38,91,129,2015
21103,26,0,26,2015
21107,74,4,78,2015
21109,0,0,0,2015
21111,950,1130,2080,2015
21113,185,12,197,2015
21115,0,0,0,2015
21117,252,0,252,2015
21121,0,0,0,2015
21123,28,4,32,2015
21125,11,4,15,2015
21133,0,0,0,2015
21135,0,2,2,2015
21137,29,0,29,2015
21141,3,26,29,2015
21143,9,2,11,2015
21145,190,297,487,2015
21147,0,0,0,2015
21149,0,0,0,2015
21151,132,144,276,2015
21155,9,3,12,2015
21157,41,4,45,2015
21161,20,0,20,2015
21163,62,2,64,2015
21167,43,18,61,2015
21173,23,2,25,2015
21175,17,0,17,2015
21177,2,4,6,2015
21179,153,8,161,2015
21181,1,0,1,2015
21183,8,4,12,2015
21185,301,0,301,2015
21187,0,4,4,2015
21191,0,0,0,2015
21193,5,0,5,2015
21195,3,0,3,2015
21197,0,0,0,2015
21199,12,2,14,2015
21205,4,13,17,2015
21207,4,20,24,2015
21209,414,88,502,2015
21211,285,48,333,2015
21213,29,36,65,2015
21215,81,0,81,2015
21217,18,2,20,2015
21219,2,0,2,2015
21221,0,0,0,2015
21225,12,0,12,2015
21227,544,593,1137,2015
21229,1,27,28,2015
21231,0,0,0,2015
21233,1,4,5,2015
21235,14,26,40,2015
21239,100,0,100,2015
22001,103,78,181,2015
22003,22,0,22,2015
22005,853,0,853,2015
22007,33,0,33,2015
22009,39,0,39,2015
22011,28,0,28,2015
22013,0,0,0,2015
22015,557,0,557,2015
22017,333,84,417,2015
22019,741,246,987,2015
22021,15,0,15,2015
22023,47,0,47,2015
22025,3,0,3,2015
22027,0,0,0,2015
22029,20,0,20,2015
22031,108,0,108,2015
22033,1451,24,1475,2015
22035,0,0,0,2015
22037,45,0,45,2015
22039,47,0,47,2015
22041,15,0,15,2015
22043,49,0,49,2015
22045,81,17,98,2015
22047,103,2,105,2015
22049,24,0,24,2015
22051,390,10,400,2015
22053,99,2,101,2015
22055,1534,415,1949,2015
22057,400,50,450,2015
22059,3,0,3,2015
22061,84,0,84,2015
22063,747,0,747,2015
22065,52,0,52,2015
22067,0,0,0,2015
22069,54,0,54,2015
22071,127,369,496,2015
22073,526,50,576,2015
22075,44,12,56,2015
22077,47,0,47,2015
22079,192,48,240,2015
22081,0,0,0,2015
22083,25,0,25,2015
22085,55,0,55,2015
22087,79,0,79,2015
22089,129,5,134,2015
22091,0,0,0,2015
22093,43,0,43,2015
22095,32,0,32,2015
22097,146,0,146,2015
22099,148,0,148,2015
22101,57,0,57,2015
22103,1249,6,1255,2015
22105,621,6,627,2015
22107,7,4,11,2015
22109,213,0,213,2015
22111,29,0,29,2015
22113,107,0,107,2015
22115,54,0,54,2015
22117,62,0,62,2015
22119,25,0,25,2015
22121,165,80,245,2015
22123,8,0,8,2015
22125,52,0,52,2015
22127,0,0,0,2015
23000,68,0,68,2015
23001,74,0,74,2015
23003,50,6,56,2015
23005,824,333,1157,2015
23007,51,0,51,2015
23009,172,16,188,2015
23011,165,38,203,2015
23013,89,0,89,2015
23015,80,2,82,2015
23017,141,6,147,2015
23019,197,358,555,2015
23021,14,24,38,2015
23023,77,0,77,2015
23025,48,0,48,2015
23027,75,0,75,2015
23029,45,0,45,2015
23031,683,63,746,2015
24001,20,29,49,2015
24003,1565,1091,2656,2015
24005,764,548,1312,2015
24009,327,5,332,2015
24011,46,0,46,2015
24013,279,40,319,2015
24015,109,0,109,2015
24017,926,288,1214,2015
24019,36,0,36,2015
24021,740,563,1303,2015
24023,224,0,224,2015
24025,481,442,923,2015
24027,1113,480,1593,2015
24029,25,0,25,2015
24031,1367,713,2080,2015
24033,1438,319,1757,2015
24035,166,2,168,2015
24037,626,15,641,2015
24037,626,15,641,2015
24039,31,150,181,2015
24041,73,0,73,2015
24043,218,102,320,2015
24045,93,44,137,2015
24047,222,44,266,2015
24510,219,1074,1293,2015
25001,550,22,572,2015
25003,106,108,214,2015
25005,641,179,820,2015
25007,106,17,123,2015
25009,615,485,1100,2015
25011,51,68,119,2015
25013,236,34,270,2015
25015,169,19,188,2015
25017,1617,3028,4645,2015
25019,140,4,144,2015
25021,719,722,1441,2015
25023,852,331,1183,2015
25025,55,5258,5313,2015
25027,1065,227,1292,2015
26000,58,0,58,2015
26001,24,0,24,2015
26003,23,0,23,2015
26005,361,8,369,2015
26007,22,0,22,2015
26009,44,0,44,2015
26011,18,0,18,2015
26013,15,0,15,2015
26015,153,20,173,2015
26017,49,98,147,2015
26019,58,0,58,2015
26021,168,40,208,2015
26023,30,0,30,2015
26025,59,0,59,2015
26027,89,0,89,2015
26029,22,10,32,2015
26031,61,0,61,2015
26033,48,0,48,2015
26035,24,4,28,2015
26037,158,56,214,2015
26039,17,0,17,2015
26041,52,0,52,2015
26043,29,0,29,2015
26045,99,8,107,2015
26047,88,0,88,2015
26049,345,68,413,2015
26051,54,0,54,2015
26053,13,0,13,2015
26055,362,85,447,2015
26057,23,0,23,2015
26059,54,52,106,2015
26061,44,0,44,2015
26063,47,0,47,2015
26065,239,496,735,2015
26067,59,0,59,2015
26069,47,0,47,2015
26071,25,0,25,2015
26073,54,60,114,2015
26075,111,6,117,2015
26077,369,122,491,2015
26079,52,0,52,2015
26081,1282,556,1838,2015
26083,12,0,12,2015
26085,57,0,57,2015
26087,115,4,119,2015
26089,116,0,116,2015
26091,75,6,81,2015
26093,597,49,646,2015
26095,3,0,3,2015
26097,21,0,21,2015
26099,1367,619,1986,2015
26101,8,0,8,2015
26103,82,15,97,2015
26105,44,5,49,2015
26107,37,0,37,2015
26109,35,0,35,2015
26111,108,22,130,2015
26113,20,0,20,2015
26115,243,48,291,2015
26117,89,0,89,2015
26119,0,0,0,2015
26121,241,0,241,2015
26123,73,42,115,2015
26125,2180,465,2645,2015
26127,13,0,13,2015
26129,23,0,23,2015
26131,12,0,12,2015
26133,27,0,27,2015
26135,14,0,14,2015
26137,17,0,17,2015
26139,971,601,1572,2015
26141,1,0,1,2015
26143,18,0,18,2015
26145,156,226,382,2015
26147,134,0,134,2015
26149,60,12,72,2015
26151,38,0,38,2015
26153,16,0,16,2015
26155,27,0,27,2015
26157,45,2,47,2015
26159,132,0,132,2015
26161,390,30,420,2015
26163,799,975,1774,2015
26165,33,18,51,2015
27001,122,0,122,2015
27003,775,20,795,2015
27005,168,0,168,2015
27007,100,93,193,2015
27009,77,88,165,2015
27011,11,0,11,2015
27013,147,534,681,2015
27015,36,0,36,2015
27017,55,0,55,2015
27019,517,212,729,2015
27021,208,16,224,2015
27023,7,0,7,2015
27025,160,0,160,2015
27027,269,312,581,2015
27029,4,0,4,2015
27031,54,0,54,2015
27033,9,0,9,2015
27035,321,126,447,2015
27037,940,366,1306,2015
27039,68,2,70,2015
27041,160,138,298,2015
27043,10,0,10,2015
27045,48,0,48,2015
27047,26,112,138,2015
27049,72,0,72,2015
27051,3,0,3,2015
27053,1617,2759,4376,2015
27055,29,14,43,2015
27057,24,0,24,2015
27059,126,48,174,2015
27061,82,88,170,2015
27063,14,42,56,2015
27065,19,2,21,2015
27067,68,10,78,2015
27069,6,0,6,2015
27071,13,0,13,2015
27073,8,0,8,2015
27075,47,0,47,2015
27077,20,0,20,2015
27079,52,0,52,2015
27081,9,0,9,2015
27083,16,10,26,2015
27085,45,0,45,2015
27087,0,0,0,2015
27089,2,0,2,2015
27091,9,0,9,2015
27093,51,0,51,2015
27095,38,12,50,2015
27097,80,44,124,2015
27099,36,2,38,2015
27101,18,0,18,2015
27103,98,29,127,2015
27105,12,2,14,2015
27107,8,0,8,2015
27109,506,1116,1622,2015
27111,62,49,111,2015
27113,20,52,72,2015
27115,61,5,66,2015
27117,8,0,8,2015
27119,65,2,67,2015
27121,34,0,34,2015
27123,277,1027,1304,2015
27125,0,0,0,2015
27127,33,0,33,2015
27129,13,2,15,2015
27131,127,10,137,2015
27133,12,0,12,2015
27135,18,45,63,2015
27137,331,372,703,2015
27139,401,88,489,2015
27141,294,29,323,2015
27143,18,4,22,2015
27145,299,394,693,2015
27147,33,36,69,2015
27149,8,4,12,2015
27151,6,2,8,2015
27153,60,0,60,2015
27155,4,0,4,2015
27157,36,0,36,2015
27159,28,0,28,2015
27161,15,0,15,2015
27163,613,275,888,2015
27165,6,0,6,2015
27167,13,0,13,2015
27169,45,52,97,2015
27171,533,0,533,2015
27173,7,0,7,2015
28001,28,0,28,2015
28003,11,0,11,2015
28005,0,0,0,2015
28007,5,0,5,2015
28009,0,0,0,2015
28011,25,0,25,2015
28013,2,0,2,2015
28017,3,0,3,2015
28019,0,0,0,2015
28021,0,0,0,2015
28023,0,0,0,2015
28025,11,0,11,2015
28027,17,0,17,2015
28029,0,0,0,2015
28031,2,0,2,2015
28033,1021,10,1031,2015
28035,114,90,204,2015
28037,0,0,0,2015
28039,3,0,3,2015
28041,1,0,1,2015
28043,7,0,7,2015
28045,384,192,576,2015
28047,798,2,800,2015
28049,233,0,233,2015
28051,5,3,8,2015
28053,0,0,0,2015
28057,4,0,4,2015
28059,324,12,336,2015
28061,2,0,2,2015
28063,0,0,0,2015
28065,0,0,0,2015
28067,27,8,35,2015
28071,238,434,672,2015
28073,7,0,7,2015
28075,115,0,115,2015
28077,0,0,0,2015
28079,0,0,0,2015
28081,111,0,111,2015
28083,15,0,15,2015
28085,9,0,9,2015
28087,96,0,96,2015
28089,737,0,737,2015
28091,0,0,0,2015
28093,107,0,107,2015
28095,3,0,3,2015
28097,9,75,84,2015
28099,0,0,0,2015
28101,0,0,0,2015
28103,0,0,0,2015
28105,72,180,252,2015
28107,12,0,12,2015
28109,178,3,181,2015
28111,1,0,1,2015
28113,1,192,193,2015
28115,10,22,32,2015
28117,8,8,16,2015
28119,1,0,1,2015
28121,559,0,559,2015
28123,3,0,3,2015
28125,1,0,1,2015
28127,30,0,30,2015
28129,2,0,2,2015
28131,43,4,47,2015
28133,8,0,8,2015
28135,1,0,1,2015
28137,73,2,75,2015
28139,6,0,6,2015
28141,2,0,2,2015
28143,14,0,14,2015
28145,7,0,7,2015
28147,0,0,0,2015
28149,3,0,3,2015
28151,21,0,21,2015
28153,0,0,0,2015
28155,2,0,2,2015
28157,0,0,0,2015
28159,56,0,56,2015
28161,10,0,10,2015
28163,10,0,10,2015
29001,20,12,32,2015
29003,7,0,7,2015
29005,0,0,0,2015
29007,26,2,28,2015
29009,27,4,31,2015
29011,0,0,0,2015
29013,3,0,3,2015
29015,0,2,2,2015
29017,0,0,0,2015
29019,771,662,1433,2015
29021,80,117,197,2015
29023,4,52,56,2015
29025,21,0,21,2015
29027,25,60,85,2015
29029,147,34,181,2015
29031,119,60,179,2015
29033,14,0,14,2015
29035,0,0,0,2015
29037,293,22,315,2015
29039,7,0,7,2015
29041,1,0,1,2015
29043,484,0,484,2015
29045,5,0,5,2015
29047,232,105,337,2015
29049,27,0,27,2015
29051,140,44,184,2015
29053,8,0,8,2015
29055,6,4,10,2015
29057,0,0,0,2015
29059,2,0,2,2015
29061,0,0,0,2015
29063,3,0,3,2015
29065,0,0,0,2015
29067,0,0,0,2015
29069,17,0,17,2015
29071,395,29,424,2015
29073,3,0,3,2015
29075,4,0,4,2015
29077,677,951,1628,2015
29079,4,0,4,2015
29081,0,0,0,2015
29083,7,2,9,2015
29087,1,0,1,2015
29089,2,6,8,2015
29091,10,4,14,2015
29093,0,0,0,2015
29095,1602,2670,4272,2015
29097,422,66,488,2015
29099,534,8,542,2015
29101,30,227,257,2015
29103,0,0,0,2015
29105,18,0,18,2015
29107,27,0,27,2015
29109,10,0,10,2015
29111,2,0,2,2015
29113,79,42,121,2015
29115,2,0,2,2015
29117,13,4,17,2015
29119,1,0,1,2015
29121,2,0,2,2015
29123,3,4,7,2015
29125,1,0,1,2015
29127,63,0,63,2015
29129,0,0,0,2015
29131,12,14,26,2015
29133,9,0,9,2015
29135,1,0,1,2015
29137,1,0,1,2015
29139,18,0,18,2015
29141,2,10,12,2015
29143,8,2,10,2015
29145,23,20,43,2015
29147,17,26,43,2015
29149,1,0,1,2015
29151,0,0,0,2015
29153,1,4,5,2015
29155,3,6,9,2015
29157,21,15,36,2015
29159,3,18,21,2015
29161,59,85,144,2015
29163,12,0,12,2015
29165,263,121,384,2015
29167,34,16,50,2015
29169,49,0,49,2015
29171,0,0,0,2015
29173,1,0,1,2015
29175,13,0,13,2015
29177,19,0,19,2015
29179,0,0,0,2015
29181,0,0,0,2015
29183,1767,525,2292,2015
29185,0,0,0,2015
29186,7,0,7,2015
29187,68,122,190,2015
29189,947,1287,2234,2015
29195,5,36,41,2015
29197,3,0,3,2015
29199,1,0,1,2015
29201,46,18,64,2015
29203,0,0,0,2015
29205,0,0,0,2015
29207,17,6,23,2015
29209,116,2,118,2015
29211,1,0,1,2015
29213,136,4,140,2015
29215,3,2,5,2015
29217,9,0,9,2015
29219,103,0,103,2015
29221,0,0,0,2015
29223,0,0,0,2015
29225,59,0,59,2015
29227,0,0,0,2015
29229,5,0,5,2015
29510,75,473,548,2015
30000,0,0,0,2015
30001,3,0,3,2015
30003,0,0,0,2015
30005,0,0,0,2015
30007,0,0,0,2015
30009,4,0,4,2015
30011,1,0,1,2015
30013,152,74,226,2015
30015,9,0,9,2015
30017,4,0,4,2015
30019,0,0,0,2015
30021,7,0,7,2015
30023,15,0,15,2015
30025,7,21,28,2015
30027,0,0,0,2015
30029,149,132,281,2015
30031,872,624,1496,2015
30033,1,0,1,2015
30035,0,0,0,2015
30041,2,30,32,2015
30043,2,0,2,2015
30047,11,16,27,2015
30049,77,94,171,2015
30053,1,0,1,2015
30055,0,0,0,2015
30057,5,0,5,2015
30061,0,0,0,2015
30063,292,282,574,2015
30065,1,0,1,2015
30067,16,20,36,2015
30071,2,0,2,2015
30073,0,0,0,2015
30077,25,0,25,2015
30081,13,4,17,2015
30083,5,4,9,2015
30085,1,0,1,2015
30087,1,0,1,2015
30089,1,0,1,2015
30091,1,0,1,2015
30093,29,43,72,2015
30095,0,0,0,2015
30097,1,0,1,2015
30099,1,0,1,2015
30101,2,0,2,2015
30103,0,0,0,2015
30105,3,0,3,2015
30109,6,0,6,2015
30111,1270,490,1760,2015
31001,48,20,68,2015
31003,8,0,8,2015
31011,0,0,0,2015
31013,6,0,6,2015
31015,0,0,0,2015
31017,0,0,0,2015
31019,169,41,210,2015
31021,5,0,5,2015
31023,1,2,3,2015
31025,121,0,121,2015
31027,14,0,14,2015
31029,3,0,3,2015
31031,36,0,36,2015
31033,17,8,25,2015
31035,10,0,10,2015
31037,11,0,11,2015
31039,20,0,20,2015
31041,25,0,25,2015
31043,24,0,24,2015
31045,4,0,4,2015
31047,27,30,57,2015
31049,0,0,0,2015
31051,6,0,6,2015
31053,50,0,50,2015
31055,1653,1135,2788,2015
31057,1,0,1,2015
31059,1,0,1,2015
31061,3,0,3,2015
31063,1,0,1,2015
31065,4,0,4,2015
31067,15,0,15,2015
31069,2,0,2,2015
31071,6,0,6,2015
31073,13,0,13,2015
31075,0,0,0,2015
31077,1,0,1,2015
31079,154,78,232,2015
31081,14,0,14,2015
31083,6,0,6,2015
31085,2,0,2,2015
31087,0,0,0,2015
31089,15,0,15,2015
31091,2,0,2,2015
31093,30,0,30,2015
31095,7,0,7,2015
31097,1,0,1,2015
31099,14,0,14,2015
31101,15,0,15,2015
31103,0,0,0,2015
31105,0,4,4,2015
31107,26,3,29,2015
31109,1042,1458,2500,2015
31111,60,16,76,2015
31115,9,0,9,2015
31117,0,0,0,2015
31119,52,10,62,2015
31121,24,0,24,2015
31123,0,0,0,2015
31125,7,0,7,2015
31127,2,0,2,2015
31129,3,0,3,2015
31131,29,0,29,2015
31133,7,0,7,2015
31135,3,0,3,2015
31137,28,0,28,2015
31139,11,0,11,2015
31141,55,16,71,2015
31143,5,0,5,2015
31145,8,16,24,2015
31147,45,0,45,2015
31149,3,0,3,2015
31151,20,0,20,2015
31153,857,40,897,2015
31155,95,0,95,2015
31157,14,0,14,2015
31159,48,0,48,2015
31161,3,0,3,2015
31163,2,0,2,2015
31165,2,0,2,2015
31167,23,3,26,2015
31169,8,0,8,2015
31171,5,0,5,2015
31173,8,0,8,2015
31175,5,0,5,2015
31177,86,0,86,2015
31179,11,15,26,2015
31181,6,3,9,2015
31183,0,0,0,2015
31185,21,0,21,2015
32001,24,0,24,2015
32003,7805,2800,10605,2015
32005,138,2,140,2015
32007,200,36,236,2015
32013,19,32,51,2015
32015,2,0,2,2015
32017,8,0,8,2015
32019,179,0,179,2015
32021,0,0,0,2015
32027,0,0,0,2015
32029,7,0,7,2015
32031,1993,787,2780,2015
32033,8,0,8,2015
32510,39,4,43,2015
33001,191,173,364,2015
33003,177,32,209,2015
33005,61,151,212,2015
33007,33,0,33,2015
33009,144,100,244,2015
33011,557,364,921,2015
33013,227,151,378,2015
33015,753,288,1041,2015
33017,233,80,313,2015
33019,48,0,48,2015
34001,351,359,710,2015
34003,946,1725,2671,2015
34005,539,353,892,2015
34007,283,757,1040,2015
34009,453,161,614,2015
34011,185,52,237,2015
34013,459,2755,3214,2015
34015,452,286,738,2015
34017,400,4660,5060,2015
34019,151,274,425,2015
34021,284,612,896,2015
34023,839,2151,2990,2015
34025,944,455,1399,2015
34027,743,1519,2262,2015
34029,2237,384,2621,2015
34031,126,381,507,2015
34033,31,12,43,2015
34035,422,1129,1551,2015
34037,133,83,216,2015
34039,399,1786,2185,2015
34041,141,148,289,2015
35000,298,0,298,2015
35001,1122,169,1291,2015
35005,70,0,70,2015
35007,14,0,14,2015
35009,54,4,58,2015
35013,719,41,760,2015
35015,154,98,252,2015
35017,15,0,15,2015
35025,175,245,420,2015
35027,61,0,61,2015
35028,9,0,9,2015
35029,7,0,7,2015
35031,4,0,4,2015
35035,0,0,0,2015
35039,0,0,0,2015
35041,30,0,30,2015
35043,804,114,918,2015
35045,118,0,118,2015
35047,0,0,0,2015
35049,110,0,110,2015
35051,0,0,0,2015
35053,1,3,4,2015
35055,74,0,74,2015
35061,86,0,86,2015
36001,296,801,1097,2015
36003,49,0,49,2015
36005,4,4678,4682,2015
36007,36,116,152,2015
36009,73,4,77,2015
36011,80,28,108,2015
36013,79,0,79,2015
36015,46,32,78,2015
36017,33,230,263,2015
36019,103,42,145,2015
36021,84,125,209,2015
36023,32,41,73,2015
36025,47,0,47,2015
36027,182,111,293,2015
36029,821,661,1482,2015
36031,88,2,90,2015
36033,56,2,58,2015
36035,55,0,55,2015
36037,27,68,95,2015
36039,97,0,97,2015
36041,29,0,29,2015
36043,72,2,74,2015
36045,137,10,147,2015
36047,43,25983,26026,2015
36049,110,0,110,2015
36051,52,17,69,2015
36053,80,44,124,2015
36055,839,1041,1880,2015
36057,25,0,25,2015
36059,608,478,1086,2015
36061,4,12263,12267,2015
36063,171,24,195,2015
36065,152,20,172,2015
36067,392,533,925,2015
36069,363,131,494,2015
36071,403,688,1091,2015
36073,19,0,19,2015
36075,143,2,145,2015
36077,45,123,168,2015
36079,43,15,58,2015
36081,171,12496,12667,2015
36083,106,148,254,2015
36085,247,294,541,2015
36087,144,358,502,2015
36089,147,141,288,2015
36091,693,1093,1786,2015
36093,72,392,464,2015
36095,18,4,22,2015
36097,49,22,71,2015
36099,27,0,27,2015
36101,65,0,65,2015
36103,1128,90,1218,2015
36105,208,63,271,2015
36107,35,62,97,2015
36109,138,141,279,2015
36111,148,159,307,2015
36113,123,178,301,2015
36115,80,0,80,2015
36117,62,78,140,2015
36119,315,501,816,2015
36121,25,7,32,2015
36123,46,4,50,2015
37001,736,296,1032,2015
37003,59,6,65,2015
37005,17,0,17,2015
37007,33,3,36,2015
37009,77,0,77,2015
37011,47,0,47,2015
37013,148,0,148,2015
37015,18,0,18,2015
37017,36,6,42,2015
37019,2185,140,2325,2015
37021,1042,311,1353,2015
37023,123,101,224,2015
37025,1411,352,1763,2015
37027,118,50,168,2015
37029,20,0,20,2015
37031,311,34,345,2015
37033,56,0,56,2015
37035,238,110,348,2015
37037,590,6,596,2015
37039,132,0,132,2015
37041,10,0,10,2015
37043,39,0,39,2015
37045,58,2,60,2015
37047,31,0,31,2015
37049,234,120,354,2015
37051,664,448,1112,2015
37053,284,4,288,2015
37055,266,2,268,2015
37057,381,8,389,2015
37059,113,80,193,2015
37061,36,0,36,2015
37063,1593,1467,3060,2015
37065,32,0,32,2015
37067,1029,354,1383,2015
37069,353,0,353,2015
37071,850,511,1361,2015
37073,24,0,24,2015
37075,20,0,20,2015
37077,259,0,259,2015
37079,53,0,53,2015
37081,1320,494,1814,2015
37083,47,0,47,2015
37085,708,39,747,2015
37087,119,0,119,2015
37089,568,48,616,2015
37091,15,60,75,2015
37093,225,49,274,2015
37095,6,0,6,2015
37097,1072,284,1356,2015
37099,149,42,191,2015
37101,1545,0,1545,2015
37103,15,0,15,2015
37105,81,0,81,2015
37107,38,0,38,2015
37109,428,16,444,2015
37111,82,60,142,2015
37113,85,0,85,2015
37115,65,8,73,2015
37117,0,0,0,2015
37119,3972,5084,9056,2015
37121,23,0,23,2015
37123,28,0,28,2015
37125,560,2,562,2015
37127,217,14,231,2015
37129,1100,712,1812,2015
37131,25,0,25,2015
37133,856,38,894,2015
37135,369,322,691,2015
37137,66,0,66,2015
37139,86,0,86,2015
37141,546,0,546,2015
37143,26,0,26,2015
37145,64,0,64,2015
37147,352,186,538,2015
37149,61,0,61,2015
37151,211,0,211,2015
37153,90,98,188,2015
37155,97,8,105,2015
37157,127,60,187,2015
37159,204,90,294,2015
37161,106,4,110,2015
37163,76,0,76,2015
37165,29,0,29,2015
37167,92,0,92,2015
37169,75,0,75,2015
37171,92,62,154,2015
37173,50,2,52,2015
37175,82,0,82,2015
37177,1,0,1,2015
37179,1394,2,1396,2015
37181,74,0,74,2015
37183,6796,3293,10089,2015
37185,48,0,48,2015
37187,8,0,8,2015
37189,124,273,397,2015
37191,244,4,248,2015
37193,107,52,159,2015
37195,114,0,114,2015
37197,4,0,4,2015
37199,47,3,50,2015
38001,6,0,6,2015
38003,30,0,30,2015
38005,1,0,1,2015
38007,5,0,5,2015
38009,18,2,20,2015
38011,3,0,3,2015
38013,4,0,4,2015
38015,483,293,776,2015
38017,1090,1048,2138,2015
38019,5,0,5,2015
38021,3,0,3,2015
38023,1,0,1,2015
38025,38,2,40,2015
38027,11,0,11,2015
38029,0,0,0,2015
38031,4,0,4,2015
38033,12,0,12,2015
38035,180,282,462,2015
38037,1,4,5,2015
38039,1,0,1,2015
38041,0,0,0,2015
38043,2,0,2,2015
38045,1,0,1,2015
38047,0,0,0,2015
38049,10,0,10,2015
38051,3,0,3,2015
38053,554,191,745,2015
38055,49,0,49,2015
38057,19,24,43,2015
38059,163,125,288,2015
38061,43,5,48,2015
38063,3,0,3,2015
38065,18,0,18,2015
38067,0,0,0,2015
38069,5,0,5,2015
38071,10,26,36,2015
38073,2,0,2,2015
38075,8,0,8,2015
38077,31,0,31,2015
38079,0,0,0,2015
38081,18,12,30,2015
38083,4,0,4,2015
38085,0,0,0,2015
38087,4,0,4,2015
38089,162,44,206,2015
38091,3,0,3,2015
38093,65,0,65,2015
38095,0,0,0,2015
38097,12,0,12,2015
38099,2,2,4,2015
38101,173,131,304,2015
38103,2,0,2,2015
38105,178,625,803,2015
39001,4,0,4,2015
39003,64,13,77,2015
39005,63,4,67,2015
39007,68,20,88,2015
39009,10,81,91,2015
39011,98,10,108,2015
39013,8,44,52,2015
39015,63,0,63,2015
39017,591,436,1027,2015
39019,0,0,0,2015
39021,37,0,37,2015
39023,61,2,63,2015
39025,306,114,420,2015
39027,37,0,37,2015
39029,27,23,50,2015
39031,1,12,13,2015
39033,6,0,6,2015
39035,702,42,744,2015
39037,44,0,44,2015
39039,16,6,22,2015
39041,852,98,950,2015
39043,77,8,85,2015
39045,338,4,342,2015
39047,24,22,46,2015
39049,1508,3865,5373,2015
39051,66,2,68,2015
39053,5,0,5,2015
39055,132,0,132,2015
39057,296,97,393,2015
39059,28,10,38,2015
39061,634,259,893,2015
39063,93,6,99,2015
39065,27,2,29,2015
39067,1,0,1,2015
39069,27,0,27,2015
39071,5,3,8,2015
39073,5,44,49,2015
39075,5,0,5,2015
39077,41,15,56,2015
39079,65,0,65,2015
39081,8,0,8,2015
39083,117,4,121,2015
39085,326,213,539,2015
39087,5,6,11,2015
39089,269,11,280,2015
39091,82,0,82,2015
39093,699,148,847,2015
39095,356,34,390,2015
39097,41,0,41,2015
39099,127,0,127,2015
39101,31,0,31,2015
39103,674,2,676,2015
39105,4,0,4,2015
39107,58,8,66,2015
39109,141,10,151,2015
39111,0,0,0,2015
39113,420,16,436,2015
39115,39,0,39,2015
39117,27,0,27,2015
39119,15,64,79,2015
39121,26,0,26,2015
39123,88,50,138,2015
39125,16,0,16,2015
39127,38,4,42,2015
39129,55,0,55,2015
39131,66,0,66,2015
39133,231,175,406,2015
39135,32,0,32,2015
39137,36,2,38,2015
39139,62,0,62,2015
39141,20,0,20,2015
39143,32,66,98,2015
39145,4,142,146,2015
39147,31,2,33,2015
39149,59,2,61,2015
39151,405,153,558,2015
39153,561,0,561,2015
39155,77,0,77,2015
39157,60,8,68,2015
39159,390,6,396,2015
39161,17,0,17,2015
39163,0,0,0,2015
39165,898,64,962,2015
39167,12,9,21,2015
39169,164,47,211,2015
39171,30,0,30,2015
39173,227,30,257,2015
39175,18,0,18,2015
40001,13,0,13,2015
40003,2,0,2,2015
40005,0,0,0,2015
40007,0,0,0,2015
40009,10,0,10,2015
40011,1,0,1,2015
40013,41,12,53,2015
40015,7,0,7,2015
40017,191,34,225,2015
40019,61,0,61,2015
40021,46,14,60,2015
40023,36,0,36,2015
40025,0,0,0,2015
40027,756,188,944,2015
40029,1,0,1,2015
40031,96,4,100,2015
40033,0,0,0,2015
40035,2,0,2,2015
40037,92,110,202,2015
40039,24,7,31,2015
40041,30,42,72,2015
40045,1,0,1,2015
40047,74,0,74,2015
40049,29,0,29,2015
40051,101,4,105,2015
40053,0,0,0,2015
40055,0,0,0,2015
40059,1,0,1,2015
40061,6,0,6,2015
40063,0,0,0,2015
40065,31,4,35,2015
40069,6,0,6,2015
40071,10,6,16,2015
40073,22,0,22,2015
40075,0,0,0,2015
40077,0,0,0,2015
40079,72,5,77,2015
40081,12,0,12,2015
40083,66,0,66,2015
40085,0,0,0,2015
40087,269,0,269,2015
40089,3,0,3,2015
40091,35,0,35,2015
40093,5,0,5,2015
40095,4,0,4,2015
40097,11,32,43,2015
40099,12,0,12,2015
40101,64,0,64,2015
40103,0,2,2,2015
40105,13,0,13,2015
40107,0,0,0,2015
40109,4123,260,4383,2015
40111,6,2,8,2015
40113,80,8,88,2015
40115,8,0,8,2015
40117,2,0,2,2015
40119,132,368,500,2015
40121,21,52,73,2015
40123,21,6,27,2015
40125,63,0,63,2015
40127,0,0,0,2015
40129,0,0,0,2015
40131,478,20,498,2015
40133,8,0,8,2015
40135,46,13,59,2015
40137,37,0,37,2015
40139,5,0,5,2015
40141,0,0,0,2015
40143,1887,749,2636,2015
40145,340,0,340,2015
40147,39,8,47,2015
40149,0,0,0,2015
40151,1,0,1,2015
40153,18,24,42,2015
41000,139,0,139,2015
41001,21,0,21,2015
41003,138,4,142,2015
41005,1607,224,1831,2015
41007,122,86,208,2015
41009,98,0,98,2015
41011,25,4,29,2015
41013,90,0,90,2015
41015,40,0,40,2015
41017,1550,677,2227,2015
41019,170,2,172,2015
41025,7,0,7,2015
41027,82,16,98,2015
41029,604,113,717,2015
41031,45,0,45,2015
41033,173,64,237,2015
41035,90,0,90,2015
41037,4,0,4,2015
41039,578,143,721,2015
41041,132,18,150,2015
41043,344,21,365,2015
41045,31,0,31,2015
41047,655,349,1004,2015
41049,15,0,15,2015
41051,1082,3750,4832,2015
41053,152,141,293,2015
41057,96,2,98,2015
41059,82,2,84,2015
41061,19,0,19,2015
41063,16,0,16,2015
41067,1709,1629,3338,2015
41071,339,10,349,2015
42001,218,22,240,2015
42003,1349,1608,2957,2015
42005,25,0,25,2015
42007,102,2,104,2015
42009,49,0,49,2015
42011,343,73,416,2015
42013,108,9,117,2015
42015,83,38,121,2015
42017,905,161,1066,2015
42019,779,185,964,2015
42021,47,0,47,2015
42023,0,0,0,2015
42025,55,4,59,2015
42027,314,75,389,2015
42029,814,485,1299,2015
42031,23,50,73,2015
42033,84,108,192,2015
42035,41,0,41,2015
42037,98,55,153,2015
42039,57,0,57,2015
42041,689,142,831,2015
42043,437,278,715,2015
42045,341,8,349,2015
42047,36,4,40,2015
42049,192,75,267,2015
42051,145,19,164,2015
42053,2,0,2,2015
42055,231,0,231,2015
42057,26,0,26,2015
42059,36,0,36,2015
42061,48,0,48,2015
42063,53,0,53,2015
42065,6,0,6,2015
42067,35,0,35,2015
42069,573,20,593,2015
42071,968,186,1154,2015
42073,49,4,53,2015
42075,347,37,384,2015
42077,449,231,680,2015
42079,193,11,204,2015
42081,143,16,159,2015
42083,30,0,30,2015
42085,95,12,107,2015
42087,66,0,66,2015
42089,152,0,152,2015
42091,1006,396,1402,2015
42093,37,0,37,2015
42095,298,30,328,2015
42097,47,4,51,2015
42099,69,0,69,2015
42101,822,2844,3666,2015
42103,76,0,76,2015
42105,12,0,12,2015
42107,99,0,99,2015
42109,67,12,79,2015
42111,104,0,104,2015
42113,8,0,8,2015
42115,68,2,70,2015
42117,28,0,28,2015
42119,46,0,46,2015
42121,47,0,47,2015
42123,22,0,22,2015
42125,537,120,657,2015
42127,94,0,94,2015
42129,356,37,393,2015
42131,34,0,34,2015
42133,707,71,778,2015
44001,41,2,43,2015
44003,126,23,149,2015
44005,128,6,134,2015
44007,337,86,423,2015
44009,209,40,249,2015
45001,26,0,26,2015
45003,683,0,683,2015
45005,2,0,2,2015
45007,756,108,864,2015
45009,5,0,5,2015
45011,27,0,27,2015
45013,1441,342,1783,2015
45015,1377,583,1960,2015
45017,15,0,15,2015
45019,2537,1399,3936,2015
45021,87,0,87,2015
45023,15,0,15,2015
45025,56,0,56,2015
45027,37,0,37,2015
45029,48,0,48,2015
45031,154,0,154,2015
45033,19,0,19,2015
45035,694,0,694,2015
45037,76,0,76,2015
45039,33,0,33,2015
45041,264,6,270,2015
45043,273,26,299,2015
45045,2554,1784,4338,2015
45047,72,48,120,2015
45049,5,0,5,2015
45051,3578,251,3829,2015
45053,247,72,319,2015
45055,299,0,299,2015
45057,1109,0,1109,2015
45059,114,0,114,2015
45061,5,0,5,2015
45063,1673,224,1897,2015
45065,37,0,37,2015
45067,13,0,13,2015
45069,11,0,11,2015
45071,78,0,78,2015
45073,256,0,256,2015
45075,41,48,89,2015
45077,358,222,580,2015
45079,1628,740,2368,2015
45081,30,0,30,2015
45083,1399,0,1399,2015
45085,217,0,217,2015
45087,19,0,19,2015
45089,20,40,60,2015
45091,1934,815,2749,2015
46003,9,0,9,2015
46005,20,6,26,2015
46007,0,0,0,2015
46009,14,0,14,2015
46011,150,114,264,2015
46013,83,91,174,2015
46015,18,6,24,2015
46017,0,0,0,2015
46019,27,11,38,2015
46021,1,0,1,2015
46023,15,0,15,2015
46025,10,0,10,2015
46027,24,50,74,2015
46029,80,40,120,2015
46031,0,0,0,2015
46033,98,0,98,2015
46035,38,28,66,2015
46037,30,3,33,2015
46039,0,0,0,2015
46041,5,0,5,2015
46043,7,0,7,2015
46045,9,6,15,2015
46047,5,2,7,2015
46049,4,0,4,2015
46051,17,0,17,2015
46053,7,0,7,2015
46055,0,2,2,2015
46057,19,3,22,2015
46059,9,0,9,2015
46061,11,0,11,2015
46063,5,0,5,2015
46065,40,11,51,2015
46067,7,0,7,2015
46069,0,0,0,2015
46071,0,0,0,2015
46073,3,0,3,2015
46075,5,4,9,2015
46077,18,0,18,2015
46079,21,20,41,2015
46081,184,14,198,2015
46083,169,3,172,2015
46085,2,0,2,2015
46087,14,0,14,2015
46089,7,4,11,2015
46091,20,0,20,2015
46093,130,16,146,2015
46095,2,0,2,2015
46097,12,0,12,2015
46099,872,854,1726,2015
46101,11,6,17,2015
46103,344,210,554,2015
46105,0,0,0,2015
46107,1,0,1,2015
46109,28,0,28,2015
46111,5,0,5,2015
46115,23,0,23,2015
46117,19,0,19,2015
46119,8,0,8,2015
46121,0,0,0,2015
46123,1,10,11,2015
46125,14,0,14,2015
46127,119,18,137,2015
46129,10,12,22,2015
46135,64,70,134,2015
47001,120,0,120,2015
47003,135,26,161,2015
47005,3,0,3,2015
47007,0,0,0,2015
47009,417,214,631,2015
47011,285,293,578,2015
47013,191,0,191,2015
47015,11,0,11,2015
47017,6,0,6,2015
47019,100,10,110,2015
47021,121,0,121,2015
47023,13,0,13,2015
47025,74,13,87,2015
47027,13,0,13,2015
47029,2,0,2,2015
47031,132,0,132,2015
47033,0,0,0,2015
47035,260,2,262,2015
47037,3832,4365,8197,2015
47039,0,0,0,2015
47041,51,0,51,2015
47043,204,7,211,2015
47045,58,6,64,2015
47047,236,0,236,2015
47049,2,0,2,2015
47051,127,0,127,2015
47053,96,2,98,2015
47055,70,0,70,2015
47057,37,0,37,2015
47059,105,0,105,2015
47061,3,0,3,2015
47063,79,0,79,2015
47065,1199,440,1639,2015
47067,0,0,0,2015
47069,24,64,88,2015
47071,9,0,9,2015
47073,91,0,91,2015
47075,12,4,16,2015
47077,9,0,9,2015
47079,11,4,15,2015
47081,53,0,53,2015
47083,1,0,1,2015
47085,10,0,10,2015
47087,0,0,0,2015
47089,107,2,109,2015
47091,1,0,1,2015
47093,1483,254,1737,2015
47095,4,2,6,2015
47097,11,0,11,2015
47099,6,2,8,2015
47101,5,0,5,2015
47103,8,0,8,2015
47105,272,0,272,2015
47107,15,0,15,2015
47109,3,0,3,2015
47111,73,71,144,2015
47113,193,8,201,2015
47115,84,8,92,2015
47117,107,0,107,2015
47119,875,0,875,2015
47121,45,0,45,2015
47123,66,0,66,2015
47125,1077,186,1263,2015
47127,27,0,27,2015
47129,0,0,0,2015
47131,10,64,74,2015
47133,3,0,3,2015
47135,4,0,4,2015
47139,154,0,154,2015
47141,232,331,563,2015
47143,12,0,12,2015
47145,8,0,8,2015
47147,268,9,277,2015
47149,2006,1551,3557,2015
47151,4,0,4,2015
47153,3,0,3,2015
47155,315,4,319,2015
47157,965,1360,2325,2015
47159,41,0,41,2015
47161,0,0,0,2015
47163,236,278,514,2015
47165,996,78,1074,2015
47167,105,0,105,2015
47169,53,16,69,2015
47171,4,0,4,2015
47173,64,0,64,2015
47175,0,0,0,2015
47177,52,0,52,2015
47179,443,132,575,2015
47181,0,0,0,2015
47183,23,0,23,2015
47185,87,0,87,2015
47187,1947,357,2304,2015
47189,937,420,1357,2015
48001,7,0,7,2015
48003,22,0,22,2015
48005,54,0,54,2015
48007,177,2,179,2015
48009,6,0,6,2015
48011,1,0,1,2015
48013,43,0,43,2015
48015,19,0,19,2015
48017,0,0,0,2015
48019,0,0,0,2015
48021,113,14,127,2015
48023,1,0,1,2015
48025,7,0,7,2015
48027,1680,362,2042,2015
48029,3294,1110,4404,2015
48031,10,0,10,2015
48035,1,4,5,2015
48037,25,260,285,2015
48039,2975,390,3365,2015
48041,1131,485,1616,2015
48043,4,7,11,2015
48047,0,0,0,2015
48049,66,60,126,2015
48051,3,6,9,2015
48053,305,2,307,2015
48055,268,0,268,2015
48057,69,12,81,2015
48059,4,0,4,2015
48061,1129,156,1285,2015
48063,8,0,8,2015
48065,7,0,7,2015
48067,16,0,16,2015
48069,0,0,0,2015
48071,317,0,317,2015
48073,5,0,5,2015
48075,0,0,0,2015
48077,2,0,2,2015
48079,0,0,0,2015
48081,0,0,0,2015
48083,0,0,0,2015
48085,7878,6259,14137,2015
48087,0,0,0,2015
48089,5,0,5,2015
48091,1670,72,1742,2015
48093,0,0,0,2015
48095,2,0,2,2015
48097,40,0,40,2015
48099,142,108,250,2015
48101,0,0,0,2015
48103,2,0,2,2015
48107,5,0,5,2015
48109,1,0,1,2015
48111,20,0,20,2015
48113,4806,16892,21698,2015
48115,0,0,0,2015
48117,2,8,10,2015
48119,3,0,3,2015
48121,6594,1293,7887,2015
48123,13,0,13,2015
48127,6,0,6,2015
48129,0,0,0,2015
48133,0,0,0,2015
48135,468,144,612,2015
48139,1327,10,1337,2015
48141,2518,1973,4491,2015
48143,30,188,218,2015
48145,5,0,5,2015
48147,11,10,21,2015
48149,8,0,8,2015
48153,4,0,4,2015
48157,9096,182,9278,2015
48159,1,0,1,2015
48161,3,0,3,2015
48163,6,2,8,2015
48165,1,0,1,2015
48167,2372,75,2447,2015
48169,0,0,0,2015
48171,41,0,41,2015
48175,3,0,3,2015
48177,18,0,18,2015
48179,2,0,2,2015
48181,322,18,340,2015
48183,206,23,229,2015
48185,17,0,17,2015
48187,1197,116,1313,2015
48189,16,0,16,2015
48191,0,0,0,2015
48193,6,0,6,2015
48195,3,0,3,2015
48197,0,0,0,2015
48199,229,3,232,2015
48201,16721,17254,33975,2015
48203,34,20,54,2015
48207,2,0,2,2015
48209,2077,549,2626,2015
48211,1,0,1,2015
48213,47,0,47,2015
48215,2929,1377,4306,2015
48217,7,0,7,2015
48219,4,0,4,2015
48221,140,4,144,2015
48223,10,6,16,2015
48225,0,0,0,2015
48227,100,0,100,2015
48231,102,0,102,2015
48233,0,48,48,2015
48235,0,0,0,2015
48237,0,0,0,2015
48239,13,0,13,2015
48241,11,0,11,2015
48245,505,94,599,2015
48249,12,0,12,2015
48251,558,189,747,2015
48253,0,0,0,2015
48255,45,0,45,2015
48257,265,313,578,2015
48259,190,0,190,2015
48265,63,0,63,2015
48267,0,0,0,2015
48271,2,0,2,2015
48273,44,11,55,2015
48275,0,0,0,2015
48277,20,20,40,2015
48279,1,0,1,2015
48281,18,0,18,2015
48283,11,11,22,2015
48285,19,0,19,2015
48287,8,0,8,2015
48289,5,0,5,2015
48291,306,0,306,2015
48293,2,0,2,2015
48295,0,0,0,2015
48297,10,0,10,2015
48299,76,0,76,2015
48303,952,898,1850,2015
48305,1,0,1,2015
48307,0,0,0,2015
48309,587,915,1502,2015
48313,3,0,3,2015
48315,1,0,1,2015
48317,5,0,5,2015
48319,3,0,3,2015
48321,85,0,85,2015
48323,79,16,95,2015
48325,36,0,36,2015
48329,761,264,1025,2015
48331,4,10,14,2015
48335,1,0,1,2015
48337,2,0,2,2015
48339,4970,2054,7024,2015
48341,12,2,14,2015
48343,0,0,0,2015
48347,13,8,21,2015
48349,96,2,98,2015
48353,0,0,0,2015
48355,1205,12,1217,2015
48357,5,0,5,2015
48359,4,0,4,2015
48361,219,82,301,2015
48363,7,0,7,2015
48365,7,0,7,2015
48367,383,12,395,2015
48369,3,0,3,2015
48371,7,0,7,2015
48373,471,0,471,2015
48375,502,302,804,2015
48377,7,0,7,2015
48379,2,0,2,2015
48381,50,14,64,2015
48383,0,0,0,2015
48385,0,0,0,2015
48387,9,0,9,2015
48389,3,0,3,2015
48391,4,0,4,2015
48395,75,12,87,2015
48397,1046,0,1046,2015
48399,2,0,2,2015
48401,13,0,13,2015
48403,3,0,3,2015
48405,0,0,0,2015
48407,177,0,177,2015
48409,225,532,757,2015
48411,2,0,2,2015
48413,2,0,2,2015
48415,6,0,6,2015
48419,0,0,0,2015
48421,7,4,11,2015
48423,420,50,470,2015
48425,9,0,9,2015
48427,6,3,9,2015
48429,2,0,2,2015
48435,10,0,10,2015
48437,0,0,0,2015
48439,5850,3134,8984,2015
48441,299,232,531,2015
48445,3,0,3,2015
48449,20,122,142,2015
48451,236,0,236,2015
48453,5652,8172,13824,2015
48455,1,0,1,2015
48457,9,0,9,2015
48459,2,4,6,2015
48461,1,0,1,2015
48463,20,8,28,2015
48465,79,0,79,2015
48467,17,0,17,2015
48469,136,0,136,2015
48471,158,0,158,2015
48473,10,160,170,2015
48475,40,0,40,2015
48477,51,80,131,2015
48479,1032,816,1848,2015
48481,69,2,71,2015
48483,1,0,1,2015
48485,72,0,72,2015
48487,2,0,2,2015
48489,54,80,134,2015
48491,3747,1778,5525,2015
48493,48,48,96,2015
48495,0,0,0,2015
48497,80,2,82,2015
48499,0,23,23,2015
48501,12,0,12,2015
48503,12,0,12,2015
48507,5,0,5,2015
49001,23,0,23,2015
49003,216,20,236,2015
49005,316,246,562,2015
49007,22,0,22,2015
49009,4,0,4,2015
49011,1367,354,1721,2015
49013,73,26,99,2015
49015,16,0,16,2015
49017,3,0,3,2015
49019,76,8,84,2015
49021,188,53,241,2015
49023,60,5,65,2015
49025,9,0,9,2015
49027,30,5,35,2015
49029,86,24,110,2015
49031,16,0,16,2015
49033,47,0,47,2015
49035,3333,2941,6274,2015
49037,22,0,22,2015
49039,45,0,45,2015
49041,90,0,90,2015
49043,175,72,247,2015
49045,429,52,481,2015
49047,85,0,85,2015
49049,3038,1446,4484,2015
49051,477,75,552,2015
49053,1614,44,1658,2015
49055,13,0,13,2015
49057,650,403,1053,2015
50001,80,83,163,2015
50003,34,6,40,2015
50005,46,4,50,2015
50007,229,527,756,2015
50009,6,0,6,2015
50011,114,28,142,2015
50013,14,4,18,2015
50015,42,14,56,2015
50017,23,0,23,2015
50019,34,269,303,2015
50021,54,0,54,2015
50023,100,52,152,2015
50025,102,75,177,2015
50027,58,0,58,2015
51001,43,0,43,2015
51003,432,65,497,2015
51005,15,0,15,2015
51007,34,0,34,2015
51009,51,0,51,2015
51011,51,0,51,2015
51013,245,407,652,2015
51015,217,0,217,2015
51017,12,0,12,2015
51019,302,0,302,2015
51021,11,0,11,2015
51023,83,0,83,2015
51025,16,0,16,2015
51027,2,0,2,2015
51029,47,0,47,2015
51031,110,2,112,2015
51033,77,0,77,2015
51035,53,0,53,2015
51036,14,0,14,2015
51037,14,0,14,2015
51041,1053,210,1263,2015
51043,45,0,45,2015
51045,11,0,11,2015
51047,216,0,216,2015
51049,16,2,18,2015
51051,6,0,6,2015
51053,60,0,60,2015
51057,18,0,18,2015
51059,823,1898,2721,2015
51061,200,0,200,2015
51063,40,0,40,2015
51065,99,0,99,2015
51067,138,4,142,2015
51069,532,137,669,2015
51071,19,0,19,2015
51073,121,6,127,2015
51075,136,0,136,2015
51077,24,0,24,2015
51079,56,0,56,2015
51081,22,0,22,2015
51083,61,0,61,2015
51085,637,0,637,2015
51087,749,701,1450,2015
51089,26,0,26,2015
51091,10,0,10,2015
51093,121,208,329,2015
51095,381,76,457,2015
51097,13,0,13,2015
51099,108,0,108,2015
51101,100,0,100,2015
51103,18,0,18,2015
51105,12,0,12,2015
51107,2635,979,3614,2015
51109,198,0,198,2015
51111,20,0,20,2015
51113,41,0,41,2015
51115,22,0,22,2015
51117,86,0,86,2015
51119,45,0,45,2015
51121,374,2,376,2015
51125,57,2,59,2015
51127,187,0,187,2015
51131,31,19,50,2015
51133,57,0,57,2015
51135,33,0,33,2015
51137,9,0,9,2015
51139,44,2,46,2015
51141,20,0,20,2015
51143,0,0,0,2015
51145,171,0,171,2015
51147,45,0,45,2015
51149,68,0,68,2015
51153,1444,396,1840,2015
51155,37,0,37,2015
51157,26,0,26,2015
51159,8,0,8,2015
51161,127,210,337,2015
51163,109,0,109,2015
51165,343,0,343,2015
51167,17,0,17,2015
51169,25,2,27,2015
51171,92,0,92,2015
51173,18,0,18,2015
51175,28,0,28,2015
51177,390,0,390,2015
51179,785,0,785,2015
51181,22,0,22,2015
51183,18,0,18,2015
51185,31,0,31,2015
51187,116,0,116,2015
51191,57,6,63,2015
51193,72,0,72,2015
51195,6,0,6,2015
51197,28,6,34,2015
51199,110,12,122,2015
51510,193,0,193,2015
51520,10,0,10,2015
51530,1,0,1,2015
51540,66,165,231,2015
51550,1097,228,1325,2015
51570,4,0,4,2015
51580,0,0,0,2015
51590,13,0,13,2015
51595,8,0,8,2015
51600,30,0,30,2015
51610,33,0,33,2015
51620,3,0,3,2015
51630,53,0,53,2015
51640,1,0,1,2015
51650,162,0,162,2015
51660,58,5,63,2015
51670,48,0,48,2015
51678,5,0,5,2015
51680,77,204,281,2015
51683,137,0,137,2015
51685,10,0,10,2015
51690,2,0,2,2015
51700,107,405,512,2015
51710,405,526,931,2015
51720,1,0,1,2015
51730,5,80,85,2015
51735,18,0,18,2015
51740,94,0,94,2015
51750,4,0,4,2015
51760,258,265,523,2015
51770,14,141,155,2015
51775,35,0,35,2015
51790,27,0,27,2015
51800,362,436,798,2015
51810,696,797,1493,2015
51820,43,0,43,2015
51830,20,0,20,2015
51840,13,0,13,2015
53001,75,88,163,2015
53003,31,0,31,2015
53005,825,243,1068,2015
53007,358,14,372,2015
53009,215,2,217,2015
53011,2220,1252,3472,2015
53013,10,0,10,2015
53015,168,10,178,2015
53017,132,89,221,2015
53019,16,0,16,2015
53021,396,0,396,2015
53023,0,0,0,2015
53025,228,239,467,2015
53027,174,4,178,2015
53029,281,0,281,2015
53031,154,2,156,2015
53033,4010,14527,18537,2015
53035,796,122,918,2015
53037,285,10,295,2015
53039,120,0,120,2015
53041,129,0,129,2015
53043,33,0,33,2015
53045,111,0,111,2015
53047,164,2,166,2015
53049,62,0,62,2015
53051,47,0,47,2015
53053,2253,644,2897,2015
53055,100,0,100,2015
53057,410,28,438,2015
53059,47,0,47,2015
53061,2383,1191,3574,2015
53063,1340,1277,2617,2015
53065,74,0,74,2015
53067,881,139,1020,2015
53069,15,0,15,2015
53071,184,20,204,2015
53073,599,545,1144,2015
53075,81,124,205,2015
53077,390,5,395,2015
54001,25,0,25,2015
54003,610,48,658,2015
54005,16,0,16,2015
54007,19,0,19,2015
54009,13,0,13,2015
54011,68,27,95,2015
54015,11,0,11,2015
54017,0,0,0,2015
54019,32,0,32,2015
54021,7,20,27,2015
54023,27,52,79,2015
54025,54,0,54,2015
54027,92,0,92,2015
54029,27,0,27,2015
54031,34,0,34,2015
54033,73,8,81,2015
54035,2,0,2,2015
54037,204,100,304,2015
54039,63,193,256,2015
54041,3,0,3,2015
54043,13,0,13,2015
54045,1,0,1,2015
54047,15,0,15,2015
54049,17,18,35,2015
54051,4,0,4,2015
54053,1,0,1,2015
54055,2,2,4,2015
54057,35,0,35,2015
54059,0,0,0,2015
54061,23,142,165,2015
54063,0,0,0,2015
54065,40,0,40,2015
54067,0,0,0,2015
54069,59,0,59,2015
54071,21,0,21,2015
54073,6,0,6,2015
54075,3,0,3,2015
54077,1,0,1,2015
54079,85,58,143,2015
54081,68,0,68,2015
54083,2,4,6,2015
54085,29,0,29,2015
54087,0,0,0,2015
54089,20,2,22,2015
54091,0,3,3,2015
54093,0,0,0,2015
54095,7,0,7,2015
54097,37,54,91,2015
54099,16,0,16,2015
54101,0,0,0,2015
54103,5,14,19,2015
54105,22,30,52,2015
54107,115,10,125,2015
54109,2,0,2,2015
55001,60,0,60,2015
55003,9,0,9,2015
55005,96,46,142,2015
55007,75,0,75,2015
55009,520,362,882,2015
55011,31,10,41,2015
55013,70,0,70,2015
55015,140,134,274,2015
55017,181,86,267,2015
55019,36,0,36,2015
55021,97,78,175,2015
55023,37,0,37,2015
55025,1195,2002,3197,2015
55027,101,36,137,2015
55029,172,57,229,2015
55031,81,2,83,2015
55033,80,107,187,2015
55035,219,191,410,2015
55037,16,0,16,2015
55039,140,55,195,2015
55041,32,0,32,2015
55043,109,46,155,2015
55045,61,10,71,2015
55047,25,0,25,2015
55049,53,2,55,2015
55051,30,0,30,2015
55053,40,0,40,2015
55055,136,106,242,2015
55057,82,0,82,2015
55059,178,110,288,2015
55061,31,0,31,2015
55063,204,250,454,2015
55065,36,6,42,2015
55067,39,2,41,2015
55069,85,12,97,2015
55071,65,52,117,2015
55073,229,12,241,2015
55075,95,0,95,2015
55077,8,0,8,2015
55078,9,0,9,2015
55079,128,1141,1269,2015
55081,98,10,108,2015
55083,105,0,105,2015
55085,137,91,228,2015
55087,428,417,845,2015
55089,170,0,170,2015
55091,15,2,17,2015
55093,123,0,123,2015
55095,103,0,103,2015
55097,129,120,249,2015
55099,51,0,51,2015
55101,189,28,217,2015
55103,31,0,31,2015
55105,184,32,216,2015
55107,68,0,68,2015
55109,286,63,349,2015
55111,164,4,168,2015
55113,85,16,101,2015
55115,48,0,48,2015
55117,101,22,123,2015
55119,37,8,45,2015
55121,64,58,122,2015
55123,81,0,81,2015
55125,168,56,224,2015
55127,192,32,224,2015
55129,71,2,73,2015
55131,315,129,444,2015
55133,803,362,1165,2015
55135,77,38,115,2015
55137,53,0,53,2015
55139,303,407,710,2015
55141,81,190,271,2015
56001,122,20,142,2015
56003,9,0,9,2015
56005,109,0,109,2015
56007,34,0,34,2015
56009,30,10,40,2015
56011,5,0,5,2015
56013,15,4,19,2015
56015,4,0,4,2015
56017,0,0,0,2015
56019,17,2,19,2015
56021,388,52,440,2015
56023,105,0,105,2015
56025,227,44,271,2015
56027,2,9,11,2015
56029,137,6,143,2015
56031,23,0,23,2015
56033,120,13,133,2015
56035,30,0,30,2015
56037,84,0,84,2015
56039,174,62,236,2015
56041,35,0,35,2015
56043,5,0,5,2015
56045,6,0,6,2015
01001,169,0,169,2016
01003,2137,383,2520,2016
01005,3,0,3,2016
01007,10,0,10,2016
01009,14,0,14,2016
01011,0,0,0,2016
01013,9,0,9,2016
01015,62,15,77,2016
01017,12,0,12,2016
01019,6,0,6,2016
01021,24,0,24,2016
01023,0,0,0,2016
01025,5,0,5,2016
01027,0,0,0,2016
01029,1,0,1,2016
01031,67,0,67,2016
01033,136,0,136,2016
01035,2,0,2,2016
01037,0,0,0,2016
01039,8,0,8,2016
01041,4,0,4,2016
01043,103,10,113,2016
01045,23,0,23,2016
01047,25,0,25,2016
01049,22,0,22,2016
01051,92,9,101,2016
01053,9,0,9,2016
01055,97,0,97,2016
01057,2,0,2,2016
01059,9,7,16,2016
01061,10,0,10,2016
01063,5,0,5,2016
01065,6,0,6,2016
01067,19,0,19,2016
01069,325,6,331,2016
01071,36,0,36,2016
01073,1463,522,1985,2016
01075,0,0,0,2016
01077,101,78,179,2016
01079,0,0,0,2016
01081,853,38,891,2016
01083,117,0,117,2016
01085,0,0,0,2016
01087,1,0,1,2016
01089,2203,672,2875,2016
01091,10,0,10,2016
01093,2,0,2,2016
01095,38,0,38,2016
01097,754,441,1195,2016
01099,0,0,0,2016
01101,455,80,535,2016
01103,190,4,194,2016
01105,0,0,0,2016
01107,9,0,9,2016
01109,33,0,33,2016
01111,0,0,0,2016
01113,116,14,130,2016
01115,157,0,157,2016
01117,1054,60,1114,2016
01119,4,0,4,2016
01121,30,42,72,2016
01123,114,0,114,2016
01125,522,928,1450,2016
01127,8,0,8,2016
01129,3,0,3,2016
01131,0,0,0,2016
01133,3,0,3,2016
02013,0,0,0,2016
02016,4,0,4,2016
02020,719,211,930,2016
02050,6,2,8,2016
02060,2,0,2,2016
02070,2,0,2,2016
02090,11,0,11,2016
02100,8,0,8,2016
02105,3,0,3,2016
02110,50,103,153,2016
02122,82,31,113,2016
02130,32,6,38,2016
02150,12,6,18,2016
02158,0,0,0,2016
02170,32,84,116,2016
02180,7,2,9,2016
02185,9,2,11,2016
02188,6,0,6,2016
02195,6,0,6,2016
02198,3,5,8,2016
02220,10,14,24,2016
02230,11,2,13,2016
02261,13,0,13,2016
02275,6,0,6,2016
02282,1,0,1,2016
02290,0,0,0,2016
04001,36,0,36,2016
04003,149,0,149,2016
04005,401,246,647,2016
04007,116,0,116,2016
04009,69,6,75,2016
04011,5,0,5,2016
04012,22,6,28,2016
04013,15890,9966,25856,2016
04015,657,26,683,2016
04017,219,2,221,2016
04019,2420,46,2466,2016
04021,2543,184,2727,2016
04023,70,0,70,2016
04025,1366,236,1602,2016
04027,890,7,897,2016
05001,8,0,8,2016
05003,0,0,0,2016
05005,18,6,24,2016
05007,2354,529,2883,2016
05009,8,0,8,2016
05011,2,0,2,2016
05013,0,0,0,2016
05015,16,11,27,2016
05017,3,0,3,2016
05019,4,36,40,2016
05021,3,0,3,2016
05023,0,0,0,2016
05025,0,0,0,2016
05027,0,0,0,2016
05029,7,12,19,2016
05031,562,459,1021,2016
05033,104,8,112,2016
05035,67,0,67,2016
05037,11,0,11,2016
05039,4,0,4,2016
05041,0,0,0,2016
05043,10,0,10,2016
05045,258,61,319,2016
05047,5,0,5,2016
05049,0,0,0,2016
05051,45,0,45,2016
05053,14,0,14,2016
05055,105,44,149,2016
05057,1,4,5,2016
05059,0,0,0,2016
05061,4,0,4,2016
05063,32,0,32,2016
05065,3,0,3,2016
05067,9,0,9,2016
05069,32,14,46,2016
05071,23,0,23,2016
05073,0,0,0,2016
05075,12,4,16,2016
05077,0,0,0,2016
05079,0,0,0,2016
05081,6,8,14,2016
05083,4,2,6,2016
05085,303,0,303,2016
05087,2,12,14,2016
05089,44,0,44,2016
05091,42,0,42,2016
05093,24,24,48,2016
05095,3,0,3,2016
05099,0,0,0,2016
05101,0,0,0,2016
05103,6,0,6,2016
05105,2,0,2,2016
05107,1,39,40,2016
05111,7,0,7,2016
05113,0,2,2,2016
05115,97,10,107,2016
05117,2,0,2,2016
05119,731,583,1314,2016
05121,16,2,18,2016
05123,3,0,3,2016
05125,341,34,375,2016
05127,4,0,4,2016
05129,1,0,1,2016
05131,166,276,442,2016
05133,4,2,6,2016
05135,6,0,6,2016
05137,5,4,9,2016
05139,8,78,86,2016
05141,3,0,3,2016
05143,1151,372,1523,2016
05145,100,16,116,2016
05147,0,0,0,2016
05149,10,6,16,2016
06001,2398,3294,5692,2016
06003,2,0,2,2016
06005,41,0,41,2016
06007,445,252,697,2016
06009,182,0,182,2016
06011,47,0,47,2016
06013,1924,997,2921,2016
06015,22,0,22,2016
06017,762,0,762,2016
06019,2553,351,2904,2016
06021,57,0,57,2016
06023,152,77,229,2016
06025,213,2,215,2016
06027,9,6,15,2016
06029,2141,115,2256,2016
06031,518,87,605,2016
06033,240,2,242,2016
06035,13,0,13,2016
06037,5022,15569,20591,2016
06039,300,0,300,2016
06041,95,17,112,2016
06043,32,2,34,2016
06045,115,48,163,2016
06047,611,109,720,2016
06049,6,0,6,2016
06051,39,0,39,2016
06053,471,156,627,2016
06055,207,5,212,2016
06057,236,16,252,2016
06059,4357,7166,11523,2016
06061,2107,312,2419,2016
06063,47,0,47,2016
06065,5987,1009,6996,2016
06067,2681,669,3350,2016
06069,453,5,458,2016
06071,2850,1075,3925,2016
06073,2351,8440,10791,2016
06075,123,3964,4087,2016
06077,1862,136,1998,2016
06079,583,270,853,2016
06081,427,1548,1975,2016
06083,455,387,842,2016
06085,1646,4063,5709,2016
06087,223,266,489,2016
06089,349,51,400,2016
06091,8,0,8,2016
06093,67,0,67,2016
06095,827,117,944,2016
06097,621,298,919,2016
06099,573,0,573,2016
06101,70,4,74,2016
06103,92,0,92,2016
06105,27,0,27,2016
06107,1190,126,1316,2016
06109,41,0,41,2016
06111,669,940,1609,2016
06113,585,88,673,2016
06115,187,0,187,2016
08001,1997,660,2657,2016
08003,17,58,75,2016
08005,2016,2644,4660,2016
08007,129,2,131,2016
08009,1,0,1,2016
08011,3,0,3,2016
08013,716,1133,1849,2016
08014,523,23,546,2016
08015,115,11,126,2016
08017,1,2,3,2016
08019,12,0,12,2016
08021,20,0,20,2016
08023,44,0,44,2016
08025,4,0,4,2016
08027,57,0,57,2016
08029,15,0,15,2016
08031,1887,5955,7842,2016
08033,0,0,0,2016
08035,2014,1318,3332,2016
08037,190,156,346,2016
08039,120,0,120,2016
08041,3526,1508,5034,2016
08043,85,0,85,2016
08045,139,17,156,2016
08047,31,0,31,2016
08049,148,13,161,2016
08051,103,0,103,2016
08053,7,0,7,2016
08055,31,0,31,2016
08057,7,0,7,2016
08059,1510,1100,2610,2016
08061,0,0,0,2016
08063,0,0,0,2016
08065,32,0,32,2016
08067,211,49,260,2016
08069,1622,1910,3532,2016
08071,4,0,4,2016
08073,10,0,10,2016
08075,14,0,14,2016
08077,498,99,597,2016
08079,14,0,14,2016
08081,10,0,10,2016
08083,23,0,23,2016
08085,114,0,114,2016
08087,34,0,34,2016
08089,3,0,3,2016
08091,45,4,49,2016
08093,137,0,137,2016
08095,1,0,1,2016
08097,48,6,54,2016
08099,6,0,6,2016
08101,265,17,282,2016
08103,6,0,6,2016
08105,5,0,5,2016
08107,115,48,163,2016
08109,54,0,54,2016
08111,8,0,8,2016
08113,30,5,35,2016
08115,3,0,3,2016
08117,241,65,306,2016
08119,84,48,132,2016
08121,6,0,6,2016
08123,2463,546,3009,2016
08125,3,0,3,2016
09001,712,1191,1903,2016
09003,553,908,1461,2016
09005,112,45,157,2016
09007,164,56,220,2016
09009,378,540,918,2016
09011,258,72,330,2016
09013,155,229,384,2016
09015,129,2,131,2016
10001,1124,152,1276,2016
10003,1164,566,1730,2016
10005,2399,399,2798,2016
11001,336,4354,4690,2016
12001,559,501,1060,2016
12003,68,2,70,2016
12005,776,122,898,2016
12007,30,0,30,2016
12009,2166,749,2915,2016
12011,1535,2570,4105,2016
12013,12,0,12,2016
12015,657,8,665,2016
12017,371,145,516,2016
12019,1046,144,1190,2016
12021,2892,937,3829,2016
12023,104,0,104,2016
12027,71,0,71,2016
12029,30,0,30,2016
12031,2908,2843,5751,2016
12033,952,504,1456,2016
12035,786,10,796,2016
12037,65,0,65,2016
12039,41,0,41,2016
12041,50,0,50,2016
12043,8,50,58,2016
12045,107,50,157,2016
12047,0,0,0,2016
12049,21,0,21,2016
12051,62,2,64,2016
12053,627,160,787,2016
12055,122,6,128,2016
12057,6308,4354,10662,2016
12059,18,0,18,2016
12061,970,48,1018,2016
12063,48,0,48,2016
12065,23,0,23,2016
12067,7,0,7,2016
12069,3409,557,3966,2016
12071,4092,1325,5417,2016
12073,577,803,1380,2016
12075,143,0,143,2016
12077,18,0,18,2016
12079,30,0,30,2016
12081,2957,1211,4168,2016
12083,1412,16,1428,2016
12085,333,94,427,2016
12086,2873,6444,9317,2016
12087,208,12,220,2016
12089,1007,18,1025,2016
12091,745,92,837,2016
12093,41,0,41,2016
12095,6156,5796,11952,2016
12097,3796,501,4297,2016
12099,2297,3023,5320,2016
12101,2750,1155,3905,2016
12103,1000,1398,2398,2016
12105,3424,1143,4567,2016
12107,80,0,80,2016
12109,3568,164,3732,2016
12111,1363,147,1510,2016
12113,1417,0,1417,2016
12115,2857,1079,3936,2016
12117,866,2173,3039,2016
12119,1068,4,1072,2016
12121,53,18,71,2016
12123,38,11,49,2016
12125,27,0,27,2016
12127,1494,406,1900,2016
12129,169,0,169,2016
12131,1395,297,1692,2016
12133,45,0,45,2016
13001,3,0,3,2016
13003,0,0,0,2016
13005,0,0,0,2016
13007,0,0,0,2016
13009,50,9,59,2016
13011,29,0,29,2016
13013,388,0,388,2016
13015,514,0,514,2016
13017,7,0,7,2016
13019,20,0,20,2016
13021,89,0,89,2016
13023,12,0,12,2016
13025,2,0,2,2016
13027,23,0,23,2016
13029,409,24,433,2016
13031,327,18,345,2016
13033,50,0,50,2016
13035,50,0,50,2016
13037,3,0,3,2016
13039,215,0,215,2016
13043,0,0,0,2016
13045,272,18,290,2016
13047,158,14,172,2016
13049,20,0,20,2016
13051,780,178,958,2016
13053,2,0,2,2016
13055,2,0,2,2016
13057,2100,394,2494,2016
13059,115,4,119,2016
13061,6,0,6,2016
13063,560,0,560,2016
13065,5,0,5,2016
13067,1654,2363,4017,2016
13069,64,0,64,2016
13071,56,4,60,2016
13073,1220,60,1280,2016
13075,27,0,27,2016
13077,852,120,972,2016
13079,17,0,17,2016
13081,20,0,20,2016
13083,1,0,1,2016
13085,272,220,492,2016
13087,13,0,13,2016
13089,1425,894,2319,2016
13091,11,0,11,2016
13093,0,0,0,2016
13095,32,54,86,2016
13097,382,0,382,2016
13099,10,0,10,2016
13101,3,0,3,2016
13103,580,0,580,2016
13105,21,0,21,2016
13107,3,6,9,2016
13109,14,0,14,2016
13111,261,0,261,2016
13113,357,80,437,2016
13115,102,124,226,2016
13117,2741,774,3515,2016
13119,40,0,40,2016
13121,3281,8130,11411,2016
13123,128,0,128,2016
13127,483,0,483,2016
13129,98,5,103,2016
13131,27,0,27,2016
13133,188,0,188,2016
13135,3779,198,3977,2016
13137,96,0,96,2016
13139,1033,545,1578,2016
13141,19,0,19,2016
13143,43,0,43,2016
13145,180,0,180,2016
13147,58,6,64,2016
13149,22,0,22,2016
13151,1394,60,1454,2016
13153,775,0,775,2016
13155,19,0,19,2016
13157,873,0,873,2016
13159,62,0,62,2016
13161,2,0,2,2016
13163,1,0,1,2016
13165,13,0,13,2016
13167,0,0,0,2016
13169,23,0,23,2016
13171,45,0,45,2016
13173,16,0,16,2016
13175,15,2,17,2016
13177,121,0,121,2016
13179,276,0,276,2016
13181,24,0,24,2016
13183,141,0,141,2016
13185,892,84,976,2016
13187,171,2,173,2016
13189,23,0,23,2016
13191,41,0,41,2016
13193,4,0,4,2016
13195,8,0,8,2016
13197,13,0,13,2016
13199,36,0,36,2016
13201,1,0,1,2016
13205,11,0,11,2016
13207,106,0,106,2016
13209,14,0,14,2016
13211,105,0,105,2016
13213,42,0,42,2016
13215,270,114,384,2016
13217,327,6,333,2016
13219,361,57,418,2016
13221,39,0,39,2016
13223,1339,0,1339,2016
13225,56,0,56,2016
13227,116,0,116,2016
13229,34,0,34,2016
13231,76,0,76,2016
13233,106,0,106,2016
13235,8,0,8,2016
13237,62,0,62,2016
13239,1,0,1,2016
13241,55,0,55,2016
13243,3,0,3,2016
13245,322,276,598,2016
13247,200,0,200,2016
13249,6,0,6,2016
13251,32,0,32,2016
13253,4,0,4,2016
13255,195,0,195,2016
13257,32,0,32,2016
13259,0,0,0,2016
13261,16,0,16,2016
13263,5,0,5,2016
13267,24,0,24,2016
13269,12,0,12,2016
13271,1,48,49,2016
13273,6,0,6,2016
13275,79,160,239,2016
13277,39,120,159,2016
13279,8,12,20,2016
13281,128,0,128,2016
13283,0,0,0,2016
13285,148,0,148,2016
13287,6,0,6,2016
13289,1,0,1,2016
13291,155,0,155,2016
13293,18,0,18,2016
13295,142,2,144,2016
13297,513,0,513,2016
13299,114,0,114,2016
13301,0,0,0,2016
13303,71,0,71,2016
13305,31,0,31,2016
13307,6,0,6,2016
13309,0,0,0,2016
13311,70,0,70,2016
13313,122,9,131,2016
13317,5,0,5,2016
13319,9,0,9,2016
13321,17,0,17,2016
15001,792,186,978,2016
15003,846,812,1658,2016
15007,150,16,166,2016
15009,256,311,567,2016
16001,3798,899,4697,2016
16003,9,0,9,2016
16005,202,0,202,2016
16007,34,0,34,2016
16009,14,0,14,2016
16011,98,32,130,2016
16013,85,0,85,2016
16015,57,0,57,2016
16017,56,74,130,2016
16019,659,48,707,2016
16021,51,0,51,2016
16023,5,0,5,2016
16025,5,0,5,2016
16027,1442,440,1882,2016
16029,11,0,11,2016
16031,60,14,74,2016
16033,0,0,0,2016
16035,29,0,29,2016
16037,0,0,0,2016
16039,58,0,58,2016
16041,60,0,60,2016
16043,103,0,103,2016
16045,61,36,97,2016
16047,19,0,19,2016
16049,1,0,1,2016
16051,169,0,169,2016
16053,73,0,73,2016
16055,1296,370,1666,2016
16057,78,49,127,2016
16059,35,6,41,2016
16061,0,20,20,2016
16063,1,0,1,2016
16065,118,293,411,2016
16067,200,40,240,2016
16069,63,13,76,2016
16071,8,0,8,2016
16073,25,0,25,2016
16075,86,4,90,2016
16077,15,0,15,2016
16079,13,0,13,2016
16081,108,8,116,2016
16083,369,74,443,2016
16085,143,6,149,2016
16087,22,0,22,2016
17001,66,0,66,2016
17003,0,0,0,2016
17005,13,0,13,2016
17007,15,4,19,2016
17009,0,0,0,2016
17011,20,0,20,2016
17013,5,0,5,2016
17015,16,0,16,2016
17017,9,0,9,2016
17019,411,563,974,2016
17021,22,0,22,2016
17023,5,12,17,2016
17025,6,7,13,2016
17027,75,6,81,2016
17029,8,4,12,2016
17031,1812,9144,10956,2016
17033,2,0,2,2016
17035,2,0,2,2016
17037,70,4,74,2016
17039,11,0,11,2016
17041,25,0,25,2016
17043,971,415,1386,2016
17045,3,0,3,2016
17049,29,10,39,2016
17051,1,0,1,2016
17053,4,6,10,2016
17055,16,3,19,2016
17057,56,0,56,2016
17061,3,0,3,2016
17063,72,136,208,2016
17067,7,0,7,2016
17069,0,0,0,2016
17071,13,0,13,2016
17073,29,6,35,2016
17075,24,0,24,2016
17077,11,12,23,2016
17079,0,0,0,2016
17081,10,0,10,2016
17083,32,0,32,2016
17085,50,0,50,2016
17087,0,0,0,2016
17089,1066,530,1596,2016
17091,86,0,86,2016
17093,224,50,274,2016
17095,16,0,16,2016
17097,602,240,842,2016
17099,72,2,74,2016
17101,46,0,46,2016
17103,31,0,31,2016
17105,15,2,17,2016
17107,7,0,7,2016
17109,1,0,1,2016
17111,305,161,466,2016
17113,203,128,331,2016
17115,56,0,56,2016
17117,53,0,53,2016
17119,399,88,487,2016
17121,4,0,4,2016
17123,6,0,6,2016
17125,8,0,8,2016
17127,1,0,1,2016
17129,20,0,20,2016
17131,12,0,12,2016
17133,136,6,142,2016
17135,21,6,27,2016
17137,6,0,6,2016
17139,30,19,49,2016
17141,40,2,42,2016
17143,101,4,105,2016
17145,48,0,48,2016
17147,25,2,27,2016
17149,16,0,16,2016
17151,0,0,0,2016
17153,8,0,8,2016
17155,16,0,16,2016
17157,26,0,26,2016
17159,3,0,3,2016
17161,78,29,107,2016
17163,428,8,436,2016
17165,0,0,0,2016
17167,254,152,406,2016
17169,0,0,0,2016
17173,35,0,35,2016
17175,4,0,4,2016
17177,10,0,10,2016
17179,152,16,168,2016
17181,13,0,13,2016
17183,10,0,10,2016
17185,0,0,0,2016
17187,10,0,10,2016
17189,22,0,22,2016
17191,1,0,1,2016
17193,2,0,2,2016
17195,18,0,18,2016
17197,1197,585,1782,2016
17199,79,34,113,2016
17201,178,16,194,2016
17203,63,4,67,2016
18001,12,12,24,2016
18003,936,402,1338,2016
18005,300,0,300,2016
18007,9,0,9,2016
18009,4,0,4,2016
18011,415,18,433,2016
18013,45,0,45,2016
18015,57,0,57,2016
18017,17,0,17,2016
18019,476,61,537,2016
18021,6,0,6,2016
18023,26,0,26,2016
18025,0,0,0,2016
18027,0,4,4,2016
18029,88,32,120,2016
18031,47,0,47,2016
18033,151,0,151,2016
18035,82,42,124,2016
18037,59,6,65,2016
18039,348,6,354,2016
18041,5,0,5,2016
18043,258,0,258,2016
18045,3,44,47,2016
18047,38,0,38,2016
18049,10,0,10,2016
18051,85,64,149,2016
18053,46,0,46,2016
18057,2161,392,2553,2016
18059,407,80,487,2016
18061,132,0,132,2016
18063,894,338,1232,2016
18065,27,24,51,2016
18067,116,202,318,2016
18069,71,0,71,2016
18071,66,125,191,2016
18073,69,10,79,2016
18075,19,2,21,2016
18077,33,0,33,2016
18079,37,0,37,2016
18081,666,22,688,2016
18083,39,6,45,2016
18085,171,110,281,2016
18087,128,0,128,2016
18089,1034,88,1122,2016
18091,92,16,108,2016
18093,14,4,18,2016
18095,87,11,98,2016
18097,927,1068,1995,2016
18099,85,0,85,2016
18101,0,0,0,2016
18103,17,0,17,2016
18105,256,209,465,2016
18107,46,0,46,2016
18109,112,0,112,2016
18111,16,0,16,2016
18113,105,6,111,2016
18115,11,0,11,2016
18117,3,0,3,2016
18119,36,0,36,2016
18121,36,5,41,2016
18123,30,0,30,2016
18125,20,0,20,2016
18127,412,200,612,2016
18129,36,0,36,2016
18131,15,0,15,2016
18133,52,6,58,2016
18135,20,0,20,2016
18137,79,30,109,2016
18139,11,0,11,2016
18141,223,68,291,2016
18143,22,0,22,2016
18145,62,10,72,2016
18147,49,4,53,2016
18149,49,0,49,2016
18151,125,8,133,2016
18153,2,0,2,2016
18155,57,0,57,2016
18157,429,132,561,2016
18159,7,0,7,2016
18161,12,0,12,2016
18163,322,104,426,2016
18165,0,0,0,2016
18167,62,344,406,2016
18169,28,0,28,2016
18171,21,0,21,2016
18173,239,200,439,2016
18175,33,0,33,2016
18177,35,72,107,2016
18179,38,24,62,2016
18181,40,0,40,2016
18183,102,34,136,2016
19001,50,0,50,2016
19003,4,0,4,2016
19005,33,0,33,2016
19007,7,52,59,2016
19009,1,0,1,2016
19011,29,0,29,2016
19013,274,148,422,2016
19015,66,2,68,2016
19017,75,46,121,2016
19019,22,7,29,2016
19021,5,0,5,2016
19023,32,2,34,2016
19025,21,0,21,2016
19027,39,10,49,2016
19029,7,0,7,2016
19031,35,0,35,2016
19033,36,2,38,2016
19035,14,0,14,2016
19037,9,0,9,2016
19039,31,0,31,2016
19041,16,69,85,2016
19043,38,8,46,2016
19045,54,26,80,2016
19047,9,0,9,2016
19049,813,367,1180,2016
19051,3,0,3,2016
19053,0,0,0,2016
19055,13,16,29,2016
19057,18,14,32,2016
19059,231,131,362,2016
19061,266,102,368,2016
19063,5,3,8,2016
19065,29,0,29,2016
19067,20,0,20,2016
19069,2,0,2,2016
19071,9,0,9,2016
19073,11,0,11,2016
19075,8,0,8,2016
19077,8,0,8,2016
19079,3,0,3,2016
19081,16,0,16,2016
19083,9,0,9,2016
19085,32,2,34,2016
19087,33,8,41,2016
19089,6,0,6,2016
19091,14,2,16,2016
19093,6,0,6,2016
19095,11,9,20,2016
19097,38,0,38,2016
19099,57,2,59,2016
19101,18,0,18,2016
19103,548,1326,1874,2016
19105,10,0,10,2016
19107,0,0,0,2016
19109,8,0,8,2016
19111,10,45,55,2016
19113,516,232,748,2016
19115,5,0,5,2016
19117,1,0,1,2016
19119,32,0,32,2016
19121,82,9,91,2016
19123,18,16,34,2016
19125,79,0,79,2016
19127,40,26,66,2016
19129,4,0,4,2016
19131,20,0,20,2016
19133,9,0,9,2016
19135,12,0,12,2016
19137,9,2,11,2016
19139,62,0,62,2016
19141,11,35,46,2016
19143,0,0,0,2016
19145,8,10,18,2016
19147,5,0,5,2016
19149,61,0,61,2016
19151,2,0,2,2016
19153,2591,2423,5014,2016
19155,114,0,114,2016
19157,30,4,34,2016
19159,1,0,1,2016
19161,11,0,11,2016
19163,363,130,493,2016
19165,13,0,13,2016
19167,109,30,139,2016
19169,210,499,709,2016
19171,12,0,12,2016
19173,5,0,5,2016
19175,24,0,24,2016
19177,2,0,2,2016
19179,20,0,20,2016
19181,266,138,404,2016
19183,47,0,47,2016
19185,3,0,3,2016
19187,18,0,18,2016
19189,5,33,38,2016
19191,56,0,56,2016
19193,149,128,277,2016
19195,5,0,5,2016
19197,11,0,11,2016
20001,7,12,19,2016
20003,0,0,0,2016
20005,5,0,5,2016
20007,0,0,0,2016
20009,24,0,24,2016
20011,0,0,0,2016
20013,2,0,2,2016
20015,163,2,165,2016
20017,1,0,1,2016
20019,0,0,0,2016
20021,2,0,2,2016
20023,1,0,1,2016
20025,2,0,2,2016
20027,13,0,13,2016
20029,0,0,0,2016
20031,24,0,24,2016
20033,0,0,0,2016
20035,32,2,34,2016
20037,55,4,59,2016
20039,0,0,0,2016
20041,19,0,19,2016
20043,4,0,4,2016
20045,261,1134,1395,2016
20047,1,0,1,2016
20051,53,24,77,2016
20053,4,0,4,2016
20055,27,2,29,2016
20057,22,0,22,2016
20059,23,0,23,2016
20061,17,0,17,2016
20063,0,22,22,2016
20065,0,0,0,2016
20067,4,2,6,2016
20069,4,2,6,2016
20071,1,0,1,2016
20073,0,0,0,2016
20075,1,0,1,2016
20077,4,0,4,2016
20079,46,0,46,2016
20081,0,0,0,2016
20083,2,0,2,2016
20085,27,0,27,2016
20087,58,0,58,2016
20089,0,0,0,2016
20091,1683,1573,3256,2016
20093,4,0,4,2016
20095,11,0,11,2016
20097,0,0,0,2016
20099,3,0,3,2016
20101,0,0,0,2016
20103,240,58,298,2016
20105,0,0,0,2016
20107,42,0,42,2016
20109,0,0,0,2016
20111,31,12,43,2016
20113,62,127,189,2016
20115,13,0,13,2016
20117,17,0,17,2016
20119,3,0,3,2016
20121,130,0,130,2016
20123,8,0,8,2016
20125,20,0,20,2016
20127,2,0,2,2016
20129,0,0,0,2016
20131,14,0,14,2016
20133,5,0,5,2016
20135,0,0,0,2016
20137,8,0,8,2016
20139,29,0,29,2016
20141,0,0,0,2016
20143,3,0,3,2016
20145,1,0,1,2016
20147,2,0,2,2016
20149,160,4,164,2016
20151,1,0,1,2016
20153,2,0,2,2016
20155,37,16,53,2016
20157,0,0,0,2016
20159,19,0,19,2016
20161,137,661,798,2016
20163,1,0,1,2016
20165,0,0,0,2016
20167,6,0,6,2016
20169,49,4,53,2016
20171,16,0,16,2016
20173,1007,850,1857,2016
20175,15,10,25,2016
20177,244,20,264,2016
20181,0,0,0,2016
20183,0,0,0,2016
20185,9,0,9,2016
20187,0,0,0,2016
20189,3,0,3,2016
20191,13,6,19,2016
20193,9,0,9,2016
20195,2,0,2,2016
20197,10,0,10,2016
20199,0,0,0,2016
20201,0,0,0,2016
20203,0,0,0,2016
20205,1,0,1,2016
20207,7,0,7,2016
20209,242,30,272,2016
21001,7,0,7,2016
21003,2,8,10,2016
21005,77,0,77,2016
21009,55,6,61,2016
21011,2,0,2,2016
21013,26,0,26,2016
21015,401,155,556,2016
21017,26,12,38,2016
21019,0,0,0,2016
21021,30,5,35,2016
21025,0,0,0,2016
21027,1,0,1,2016
21029,404,25,429,2016
21031,0,0,0,2016
21033,0,0,0,2016
21035,27,92,119,2016
21037,163,284,447,2016
21041,0,0,0,2016
21043,6,0,6,2016
21045,0,0,0,2016
21047,65,73,138,2016
21049,47,70,117,2016
21051,0,0,0,2016
21053,0,0,0,2016
21055,1,0,1,2016
21057,0,0,0,2016
21059,234,136,370,2016
21065,0,0,0,2016
21067,670,695,1365,2016
21069,0,0,0,2016
21071,2,0,2,2016
21073,52,6,58,2016
21075,0,0,0,2016
21077,14,0,14,2016
21079,0,0,0,2016
21081,29,4,33,2016
21083,0,0,0,2016
21085,3,18,21,2016
21087,0,0,0,2016
21089,15,0,15,2016
21091,5,0,5,2016
21093,218,145,363,2016
21095,0,0,0,2016
21097,37,0,37,2016
21099,49,60,109,2016
21101,36,10,46,2016
21103,36,0,36,2016
21107,51,6,57,2016
21109,0,0,0,2016
21111,1108,1744,2852,2016
21113,180,16,196,2016
21115,3,0,3,2016
21117,308,41,349,2016
21121,0,0,0,2016
21123,21,2,23,2016
21125,3,6,9,2016
21133,0,0,0,2016
21135,0,2,2,2016
21137,28,0,28,2016
21141,4,16,20,2016
21143,10,4,14,2016
21145,209,30,239,2016
21147,0,0,0,2016
21149,0,2,2,2016
21151,192,151,343,2016
21155,11,4,15,2016
21157,62,24,86,2016
21161,26,0,26,2016
21163,79,2,81,2016
21167,34,0,34,2016
21173,45,14,59,2016
21175,20,0,20,2016
21177,3,4,7,2016
21179,156,3,159,2016
21181,0,0,0,2016
21183,9,4,13,2016
21185,317,24,341,2016
21187,0,4,4,2016
21191,0,0,0,2016
21193,6,0,6,2016
21195,7,0,7,2016
21197,0,0,0,2016
21199,28,4,32,2016
21205,9,15,24,2016
21207,4,12,16,2016
21209,472,459,931,2016
21211,209,168,377,2016
21213,78,84,162,2016
21215,132,0,132,2016
21217,10,7,17,2016
21219,3,2,5,2016
21221,10,0,10,2016
21225,7,2,9,2016
21227,578,757,1335,2016
21229,1,27,28,2016
21231,0,0,0,2016
21233,1,4,5,2016
21235,5,2,7,2016
21239,85,0,85,2016
22001,90,53,143,2016
22003,40,0,40,2016
22005,857,0,857,2016
22007,47,0,47,2016
22009,50,0,50,2016
22011,146,0,146,2016
22013,0,0,0,2016
22015,598,82,680,2016
22017,259,0,259,2016
22019,875,637,1512,2016
22021,18,0,18,2016
22023,51,0,51,2016
22025,11,0,11,2016
22027,0,0,0,2016
22029,10,0,10,2016
22031,95,120,215,2016
22033,1324,16,1340,2016
22035,0,0,0,2016
22037,44,4,48,2016
22039,49,0,49,2016
22041,14,0,14,2016
22043,42,0,42,2016
22045,65,19,84,2016
22047,111,0,111,2016
22049,28,0,28,2016
22051,442,156,598,2016
22053,85,0,85,2016
22055,1082,108,1190,2016
22057,317,221,538,2016
22059,12,0,12,2016
22061,125,0,125,2016
22063,729,4,733,2016
22065,76,0,76,2016
22067,1,40,41,2016
22069,55,0,55,2016
22071,280,328,608,2016
22073,531,104,635,2016
22075,51,2,53,2016
22077,45,0,45,2016
22079,284,64,348,2016
22081,0,0,0,2016
22083,19,0,19,2016
22085,60,0,60,2016
22087,107,0,107,2016
22089,124,2,126,2016
22091,0,0,0,2016
22093,41,0,41,2016
22095,42,0,42,2016
22097,118,0,118,2016
22099,159,0,159,2016
22101,43,0,43,2016
22103,1407,4,1411,2016
22105,684,14,698,2016
22107,9,4,13,2016
22109,141,3,144,2016
22111,35,0,35,2016
22113,122,0,122,2016
22115,54,0,54,2016
22117,84,0,84,2016
22119,32,0,32,2016
22121,263,0,263,2016
22123,6,0,6,2016
22125,29,0,29,2016
22127,0,0,0,2016
23000,83,0,83,2016
23001,143,42,185,2016
23003,55,2,57,2016
23005,953,413,1366,2016
23007,55,12,67,2016
23009,165,33,198,2016
23011,212,4,216,2016
23013,110,2,112,2016
23015,85,4,89,2016
23017,150,4,154,2016
23019,194,77,271,2016
23021,17,0,17,2016
23023,110,16,126,2016
23025,52,6,58,2016
23027,68,0,68,2016
23029,38,0,38,2016
23031,775,130,905,2016
24001,25,16,41,2016
24003,1679,715,2394,2016
24005,742,551,1293,2016
24009,236,0,236,2016
24011,49,36,85,2016
24013,286,8,294,2016
24015,78,0,78,2016
24017,797,72,869,2016
24019,40,41,81,2016
24021,856,1050,1906,2016
24023,43,0,43,2016
24025,599,248,847,2016
24027,1039,1115,2154,2016
24029,28,0,28,2016
24031,1414,756,2170,2016
24033,1560,500,2060,2016
24035,119,26,145,2016
24037,689,9,698,2016
24039,25,0,25,2016
24041,50,0,50,2016
24043,194,6,200,2016
24045,80,91,171,2016
24047,164,69,233,2016
24510,267,676,943,2016
25001,495,10,505,2016
25003,95,96,191,2016
25005,743,595,1338,2016
25007,117,4,121,2016
25009,716,349,1065,2016
25011,46,8,54,2016
25013,295,33,328,2016
25015,240,17,257,2016
25017,1668,2668,4336,2016
25019,150,50,200,2016
25021,818,925,1743,2016
25023,998,221,1219,2016
25025,66,3373,3439,2016
25027,1194,298,1492,2016
26000,65,0,65,2016
26001,24,0,24,2016
26003,24,0,24,2016
26005,331,18,349,2016
26007,24,8,32,2016
26009,49,0,49,2016
26011,3,0,3,2016
26013,7,0,7,2016
26015,149,22,171,2016
26017,63,8,71,2016
26019,76,0,76,2016
26021,246,66,312,2016
26023,41,0,41,2016
26025,44,0,44,2016
26027,114,0,114,2016
26029,66,0,66,2016
26031,62,0,62,2016
26033,50,0,50,2016
26035,23,0,23,2016
26037,124,78,202,2016
26039,15,0,15,2016
26041,36,0,36,2016
26043,25,2,27,2016
26045,155,10,165,2016
26047,135,0,135,2016
26049,322,52,374,2016
26051,49,0,49,2016
26053,20,0,20,2016
26055,434,172,606,2016
26057,29,0,29,2016
26059,55,57,112,2016
26061,44,0,44,2016
26063,21,0,21,2016
26065,242,616,858,2016
26067,85,0,85,2016
26069,34,0,34,2016
26071,17,0,17,2016
26073,36,24,60,2016
26075,136,0,136,2016
26077,461,159,620,2016
26079,40,0,40,2016
26081,1258,1565,2823,2016
26083,8,0,8,2016
26085,57,0,57,2016
26087,139,0,139,2016
26089,137,0,137,2016
26091,110,0,110,2016
26093,648,12,660,2016
26095,6,0,6,2016
26097,42,0,42,2016
26099,1547,200,1747,2016
26101,11,32,43,2016
26103,93,2,95,2016
26105,50,0,50,2016
26107,58,66,124,2016
26109,34,0,34,2016
26111,109,92,201,2016
26113,20,0,20,2016
26115,269,242,511,2016
26117,84,6,90,2016
26119,0,0,0,2016
26121,233,0,233,2016
26123,79,0,79,2016
26125,2143,1053,3196,2016
26127,2,0,2,2016
26129,23,0,23,2016
26131,9,0,9,2016
26133,21,0,21,2016
26135,19,0,19,2016
26137,16,0,16,2016
26139,1158,475,1633,2016
26141,1,0,1,2016
26143,35,0,35,2016
26145,149,132,281,2016
26147,188,0,188,2016
26149,64,0,64,2016
26151,39,0,39,2016
26153,9,0,9,2016
26155,40,0,40,2016
26157,38,0,38,2016
26159,102,2,104,2016
26161,438,0,438,2016
26163,1046,683,1729,2016
26165,26,20,46,2016
27001,155,0,155,2016
27003,910,377,1287,2016
27005,171,0,171,2016
27007,89,312,401,2016
27009,101,116,217,2016
27011,9,4,13,2016
27013,177,108,285,2016
27015,52,0,52,2016
27017,82,0,82,2016
27019,620,58,678,2016
27021,161,0,161,2016
27023,8,0,8,2016
27025,214,0,214,2016
27027,227,349,576,2016
27029,6,0,6,2016
27031,38,0,38,2016
27033,18,3,21,2016
27035,152,6,158,2016
27037,1130,212,1342,2016
27039,87,0,87,2016
27041,153,54,207,2016
27043,4,0,4,2016
27045,43,0,43,2016
27047,27,0,27,2016
27049,86,64,150,2016
27051,0,0,0,2016
27053,1641,3723,5364,2016
27055,25,0,25,2016
27057,26,29,55,2016
27059,202,2,204,2016
27061,98,79,177,2016
27063,11,0,11,2016
27065,22,2,24,2016
27067,100,2,102,2016
27069,3,0,3,2016
27071,13,0,13,2016
27073,4,0,4,2016
27075,52,0,52,2016
27077,21,0,21,2016
27079,59,0,59,2016
27081,7,2,9,2016
27083,30,8,38,2016
27085,50,2,52,2016
27087,0,0,0,2016
27089,2,0,2,2016
27091,12,0,12,2016
27093,50,0,50,2016
27095,50,0,50,2016
27097,86,8,94,2016
27099,39,0,39,2016
27101,15,0,15,2016
27103,68,51,119,2016
27105,13,48,61,2016
27107,8,0,8,2016
27109,570,993,1563,2016
27111,85,112,197,2016
27113,12,54,66,2016
27115,58,5,63,2016
27117,11,2,13,2016
27119,63,41,104,2016
27121,28,0,28,2016
27123,277,1221,1498,2016
27125,1,0,1,2016
27127,22,0,22,2016
27129,11,0,11,2016
27131,147,10,157,2016
27133,18,0,18,2016
27135,18,0,18,2016
27137,359,67,426,2016
27139,520,68,588,2016
27141,363,38,401,2016
27143,13,4,17,2016
27145,374,516,890,2016
27147,65,0,65,2016
27149,10,61,71,2016
27151,4,0,4,2016
27153,63,42,105,2016
27155,9,0,9,2016
27157,44,0,44,2016
27159,28,3,31,2016
27161,9,0,9,2016
27163,727,454,1181,2016
27165,6,0,6,2016
27167,12,0,12,2016
27169,55,13,68,2016
27171,655,53,708,2016
27173,7,2,9,2016
28001,33,0,33,2016
28003,10,0,10,2016
28005,1,0,1,2016
28007,5,0,5,2016
28009,0,0,0,2016
28011,26,0,26,2016
28013,2,0,2,2016
28017,4,0,4,2016
28019,0,0,0,2016
28021,0,0,0,2016
28023,2,0,2,2016
28025,12,0,12,2016
28027,16,0,16,2016
28029,7,0,7,2016
28031,2,0,2,2016
28033,1161,13,1174,2016
28035,92,73,165,2016
28037,0,0,0,2016
28039,1,0,1,2016
28041,0,0,0,2016
28043,8,0,8,2016
28045,342,136,478,2016
28047,889,26,915,2016
28049,194,0,194,2016
28051,5,4,9,2016
28053,0,0,0,2016
28057,4,0,4,2016
28059,383,0,383,2016
28061,0,0,0,2016
28063,0,0,0,2016
28065,0,0,0,2016
28067,24,2,26,2016
28071,256,154,410,2016
28073,9,0,9,2016
28075,65,2,67,2016
28077,1,0,1,2016
28079,0,0,0,2016
28081,226,0,226,2016
28083,13,0,13,2016
28085,12,0,12,2016
28087,125,0,125,2016
28089,714,0,714,2016
28091,0,12,12,2016
28093,149,0,149,2016
28095,3,0,3,2016
28097,11,64,75,2016
28099,1,0,1,2016
28101,0,0,0,2016
28103,0,0,0,2016
28105,79,8,87,2016
28107,11,0,11,2016
28109,202,18,220,2016
28111,0,0,0,2016
28113,2,188,190,2016
28115,23,22,45,2016
28117,9,8,17,2016
28119,1,0,1,2016
28121,715,4,719,2016
28123,7,0,7,2016
28125,2,0,2,2016
28127,28,0,28,2016
28129,3,0,3,2016
28131,52,0,52,2016
28133,9,0,9,2016
28135,1,0,1,2016
28137,83,8,91,2016
28139,7,0,7,2016
28141,3,0,3,2016
28143,20,0,20,2016
28145,14,0,14,2016
28147,0,0,0,2016
28149,2,0,2,2016
28151,27,0,27,2016
28153,5,2,7,2016
28155,3,0,3,2016
28157,0,0,0,2016
28159,3,0,3,2016
28161,12,0,12,2016
28163,11,0,11,2016
29001,51,13,64,2016
29003,9,0,9,2016
29005,0,0,0,2016
29007,9,26,35,2016
29009,18,0,18,2016
29011,0,0,0,2016
29013,2,0,2,2016
29015,0,36,36,2016
29017,0,0,0,2016
29019,863,441,1304,2016
29021,76,6,82,2016
29023,1,0,1,2016
29025,32,0,32,2016
29027,18,36,54,2016
29029,139,10,149,2016
29031,132,40,172,2016
29033,1,0,1,2016
29035,0,0,0,2016
29037,472,129,601,2016
29039,7,0,7,2016
29041,0,0,0,2016
29043,491,126,617,2016
29045,5,0,5,2016
29047,349,372,721,2016
29049,51,0,51,2016
29051,140,77,217,2016
29053,12,0,12,2016
29055,7,4,11,2016
29057,1,0,1,2016
29059,2,0,2,2016
29061,1,0,1,2016
29063,6,0,6,2016
29065,1,0,1,2016
29067,3,0,3,2016
29069,17,0,17,2016
29071,396,6,402,2016
29073,3,0,3,2016
29075,2,0,2,2016
29077,715,543,1258,2016
29079,4,0,4,2016
29081,2,0,2,2016
29083,7,30,37,2016
29087,3,0,3,2016
29089,1,4,5,2016
29091,11,16,27,2016
29093,1,2,3,2016
29095,1733,2774,4507,2016
29097,352,31,383,2016
29099,592,10,602,2016
29101,24,32,56,2016
29103,1,0,1,2016
29105,13,2,15,2016
29107,36,0,36,2016
29109,9,0,9,2016
29111,3,0,3,2016
29113,164,10,174,2016
29115,0,0,0,2016
29117,21,16,37,2016
29119,1,0,1,2016
29121,1,0,1,2016
29123,1,2,3,2016
29125,1,0,1,2016
29127,57,11,68,2016
29129,0,0,0,2016
29131,17,0,17,2016
29133,11,0,11,2016
29135,1,0,1,2016
29137,0,0,0,2016
29139,26,0,26,2016
29141,2,0,2,2016
29143,4,0,4,2016
29145,31,8,39,2016
29147,21,6,27,2016
29149,0,0,0,2016
29151,3,47,50,2016
29153,1,4,5,2016
29155,3,6,9,2016
29157,24,60,84,2016
29159,15,0,15,2016
29161,92,137,229,2016
29163,11,4,15,2016
29165,254,113,367,2016
29167,19,2,21,2016
29169,49,0,49,2016
29171,1,0,1,2016
29173,2,0,2,2016
29175,18,0,18,2016
29177,26,48,74,2016
29179,0,0,0,2016
29181,0,0,0,2016
29183,1817,524,2341,2016
29185,1,0,1,2016
29186,8,0,8,2016
29187,81,154,235,2016
29189,945,690,1635,2016
29195,6,10,16,2016
29197,3,0,3,2016
29199,1,0,1,2016
29201,34,10,44,2016
29203,0,0,0,2016
29205,3,0,3,2016
29207,16,2,18,2016
29209,140,2,142,2016
29211,1,0,1,2016
29213,135,0,135,2016
29215,2,18,20,2016
29217,15,44,59,2016
29219,238,0,238,2016
29221,1,0,1,2016
29223,0,0,0,2016
29225,53,26,79,2016
29227,0,0,0,2016
29229,6,0,6,2016
29510,85,985,1070,2016
30000,0,0,0,2016
30001,3,0,3,2016
30003,2,0,2,2016
30005,0,0,0,2016
30007,0,0,0,2016
30009,8,0,8,2016
30011,1,0,1,2016
30013,153,89,242,2016
30015,10,0,10,2016
30017,0,0,0,2016
30019,0,0,0,2016
30021,1,0,1,2016
30023,17,0,17,2016
30025,9,26,35,2016
30027,1,0,1,2016
30029,187,129,316,2016
30031,1072,478,1550,2016
30033,0,0,0,2016
30035,0,0,0,2016
30041,4,0,4,2016
30043,5,0,5,2016
30047,16,28,44,2016
30049,52,124,176,2016
30053,8,0,8,2016
30055,0,0,0,2016
30057,7,0,7,2016
30061,1,0,1,2016
30063,361,569,930,2016
30065,1,0,1,2016
30067,20,24,44,2016
30071,2,0,2,2016
30073,1,0,1,2016
30077,32,0,32,2016
30081,14,6,20,2016
30083,16,0,16,2016
30085,1,0,1,2016
30087,1,0,1,2016
30089,0,0,0,2016
30091,2,0,2,2016
30093,43,43,86,2016
30095,0,0,0,2016
30097,1,0,1,2016
30099,1,0,1,2016
30101,2,0,2,2016
30103,0,0,0,2016
30105,4,0,4,2016
30109,8,0,8,2016
30111,1046,152,1198,2016
31001,71,0,71,2016
31003,1,0,1,2016
31011,0,0,0,2016
31013,3,0,3,2016
31015,0,0,0,2016
31017,0,0,0,2016
31019,133,82,215,2016
31021,8,0,8,2016
31023,3,0,3,2016
31025,92,10,102,2016
31027,13,0,13,2016
31029,3,0,3,2016
31031,20,0,20,2016
31033,7,0,7,2016
31035,5,0,5,2016
31037,20,14,34,2016
31039,9,6,15,2016
31041,17,0,17,2016
31043,33,0,33,2016
31045,10,4,14,2016
31047,13,0,13,2016
31049,0,0,0,2016
31051,5,2,7,2016
31053,54,0,54,2016
31055,1567,1137,2704,2016
31057,4,0,4,2016
31059,2,0,2,2016
31061,1,0,1,2016
31063,4,0,4,2016
31065,2,0,2,2016
31067,15,2,17,2016
31069,0,0,0,2016
31071,7,2,9,2016
31073,6,0,6,2016
31075,0,0,0,2016
31077,2,0,2,2016
31079,124,189,313,2016
31081,24,0,24,2016
31083,3,0,3,2016
31085,3,0,3,2016
31087,1,0,1,2016
31089,9,16,25,2016
31091,2,0,2,2016
31093,28,0,28,2016
31095,5,0,5,2016
31097,2,0,2,2016
31099,13,0,13,2016
31101,16,0,16,2016
31103,0,0,0,2016
31105,0,0,0,2016
31107,17,0,17,2016
31109,1081,1238,2319,2016
31111,59,8,67,2016
31115,7,0,7,2016
31117,0,0,0,2016
31119,66,8,74,2016
31121,21,0,21,2016
31123,0,0,0,2016
31125,4,0,4,2016
31127,5,0,5,2016
31129,3,0,3,2016
31131,62,2,64,2016
31133,7,0,7,2016
31135,3,0,3,2016
31137,14,0,14,2016
31139,10,0,10,2016
31141,64,27,91,2016
31143,6,0,6,2016
31145,24,0,24,2016
31147,3,0,3,2016
31149,2,0,2,2016
31151,20,4,24,2016
31153,933,180,1113,2016
31155,108,5,113,2016
31157,15,12,27,2016
31159,62,3,65,2016
31161,3,0,3,2016
31163,1,0,1,2016
31165,3,0,3,2016
31167,6,0,6,2016
31169,4,0,4,2016
31171,1,0,1,2016
31173,5,20,25,2016
31175,4,0,4,2016
31177,56,0,56,2016
31179,15,23,38,2016
31181,2,0,2,2016
31183,1,0,1,2016
31185,23,4,27,2016
32001,30,0,30,2016
32003,8805,4772,13577,2016
32005,162,0,162,2016
32007,172,2,174,2016
32013,12,0,12,2016
32015,0,0,0,2016
32017,10,0,10,2016
32019,224,0,224,2016
32021,0,0,0,2016
32027,0,0,0,2016
32029,12,0,12,2016
32031,1856,1732,3588,2016
32033,4,0,4,2016
32510,87,72,159,2016
33001,196,2,198,2016
33003,214,28,242,2016
33005,88,111,199,2016
33007,57,8,65,2016
33009,153,96,249,2016
33011,701,396,1097,2016
33013,241,7,248,2016
33015,718,386,1104,2016
33017,259,82,341,2016
33019,53,0,53,2016
34001,336,747,1083,2016
34003,1057,2087,3144,2016
34005,603,222,825,2016
34007,224,329,553,2016
34009,479,163,642,2016
34011,114,20,134,2016
34013,370,2016,2386,2016
34015,461,266,727,2016
34017,338,3826,4164,2016
34019,122,233,355,2016
34021,175,536,711,2016
34023,886,1465,2351,2016
34025,867,1066,1933,2016
34027,556,1139,1695,2016
34029,1913,715,2628,2016
34031,136,261,397,2016
34033,50,0,50,2016
34035,370,625,995,2016
34037,95,74,169,2016
34039,370,1224,1594,2016
34041,104,153,257,2016
35000,337,0,337,2016
35001,1031,440,1471,2016
35005,74,144,218,2016
35007,9,0,9,2016
35009,38,64,102,2016
35013,757,13,770,2016
35015,91,204,295,2016
35017,7,0,7,2016
35025,151,86,237,2016
35027,71,0,71,2016
35028,4,0,4,2016
35029,17,0,17,2016
35031,10,0,10,2016
35035,2,0,2,2016
35039,0,0,0,2016
35041,17,0,17,2016
35043,804,94,898,2016
35045,102,2,104,2016
35047,1,0,1,2016
35049,117,0,117,2016
35051,1,0,1,2016
35053,1,0,1,2016
35055,78,0,78,2016
35061,96,0,96,2016
36001,395,345,740,2016
36003,44,0,44,2016
36005,2,4001,4003,2016
36007,100,139,239,2016
36009,62,0,62,2016
36011,125,2,127,2016
36013,67,8,75,2016
36015,41,0,41,2016
36017,40,108,148,2016
36019,94,40,134,2016
36021,71,74,145,2016
36023,37,6,43,2016
36025,38,0,38,2016
36027,244,162,406,2016
36029,776,959,1735,2016
36031,100,0,100,2016
36033,72,0,72,2016
36035,69,0,69,2016
36037,35,4,39,2016
36039,85,2,87,2016
36041,43,10,53,2016
36043,69,2,71,2016
36045,103,2,105,2016
36047,149,4354,4503,2016
36049,83,16,99,2016
36051,46,66,112,2016
36053,97,8,105,2016
36055,748,509,1257,2016
36057,28,2,30,2016
36059,609,132,741,2016
36061,4,4020,4024,2016
36063,155,74,229,2016
36065,148,15,163,2016
36067,402,728,1130,2016
36069,345,168,513,2016
36071,477,550,1027,2016
36073,26,0,26,2016
36075,135,0,135,2016
36077,49,48,97,2016
36079,41,9,50,2016
36081,190,2659,2849,2016
36083,131,203,334,2016
36085,216,685,901,2016
36087,111,192,303,2016
36089,137,68,205,2016
36091,750,528,1278,2016
36093,76,397,473,2016
36095,28,0,28,2016
36097,56,22,78,2016
36099,73,2,75,2016
36101,80,0,80,2016
36103,908,147,1055,2016
36105,250,34,284,2016
36107,33,66,99,2016
36109,121,454,575,2016
36111,148,104,252,2016
36113,133,143,276,2016
36115,83,0,83,2016
36117,99,9,108,2016
36119,291,1192,1483,2016
36121,24,0,24,2016
36123,51,0,51,2016
37001,938,415,1353,2016
37003,41,2,43,2016
37005,29,0,29,2016
37007,41,0,41,2016
37009,84,0,84,2016
37011,90,0,90,2016
37013,216,0,216,2016
37015,25,0,25,2016
37017,37,4,41,2016
37019,2380,48,2428,2016
37021,1226,1196,2422,2016
37023,134,50,184,2016
37025,1379,539,1918,2016
37027,91,2,93,2016
37029,36,0,36,2016
37031,321,8,329,2016
37033,43,0,43,2016
37035,321,14,335,2016
37037,707,0,707,2016
37039,184,0,184,2016
37041,19,0,19,2016
37043,0,0,0,2016
37045,122,0,122,2016
37047,35,0,35,2016
37049,224,0,224,2016
37051,623,94,717,2016
37053,255,0,255,2016
37055,309,16,325,2016
37057,1055,6,1061,2016
37059,125,0,125,2016
37061,49,0,49,2016
37063,1763,1334,3097,2016
37065,24,66,90,2016
37067,985,466,1451,2016
37069,457,0,457,2016
37071,1036,68,1104,2016
37073,36,0,36,2016
37075,24,0,24,2016
37077,350,0,350,2016
37079,14,0,14,2016
37081,1184,1020,2204,2016
37083,39,0,39,2016
37085,678,0,678,2016
37087,147,0,147,2016
37089,475,80,555,2016
37091,20,0,20,2016
37093,210,26,236,2016
37095,15,0,15,2016
37097,1117,231,1348,2016
37099,154,14,168,2016
37101,1998,9,2007,2016
37103,16,0,16,2016
37105,98,0,98,2016
37107,51,61,112,2016
37109,730,86,816,2016
37111,81,0,81,2016
37113,91,0,91,2016
37115,71,8,79,2016
37117,0,0,0,2016
37119,4901,4858,9759,2016
37121,29,0,29,2016
37123,0,4,4,2016
37125,731,0,731,2016
37127,212,14,226,2016
37129,1210,1173,2383,2016
37131,15,0,15,2016
37133,785,18,803,2016
37135,404,92,496,2016
37137,52,0,52,2016
37139,106,0,106,2016
37141,564,0,564,2016
37143,31,0,31,2016
37145,77,5,82,2016
37147,466,395,861,2016
37149,74,0,74,2016
37151,304,6,310,2016
37153,109,96,205,2016
37155,85,0,85,2016
37157,147,74,221,2016
37159,312,8,320,2016
37161,122,0,122,2016
37163,73,0,73,2016
37165,9,0,9,2016
37167,199,0,199,2016
37169,73,12,85,2016
37171,89,65,154,2016
37173,91,0,91,2016
37175,104,0,104,2016
37177,1,0,1,2016
37179,1566,6,1572,2016
37181,35,0,35,2016
37183,6987,4063,11050,2016
37185,40,0,40,2016
37187,8,0,8,2016
37189,132,66,198,2016
37191,260,9,269,2016
37193,96,48,144,2016
37195,117,0,117,2016
37197,5,0,5,2016
37199,51,0,51,2016
38001,5,0,5,2016
38003,16,38,54,2016
38005,0,0,0,2016
38007,3,0,3,2016
38009,9,2,11,2016
38011,0,0,0,2016
38013,6,0,6,2016
38015,451,102,553,2016
38017,965,938,1903,2016
38019,6,0,6,2016
38021,2,0,2,2016
38023,3,10,13,2016
38025,10,0,10,2016
38027,2,0,2,2016
38029,10,0,10,2016
38031,5,0,5,2016
38033,1,0,1,2016
38035,148,191,339,2016
38037,3,4,7,2016
38039,1,0,1,2016
38041,0,0,0,2016
38043,0,0,0,2016
38045,2,0,2,2016
38047,0,0,0,2016
38049,11,2,13,2016
38051,0,3,3,2016
38053,41,85,126,2016
38055,48,0,48,2016
38057,9,6,15,2016
38059,174,125,299,2016
38061,17,0,17,2016
38063,6,0,6,2016
38065,4,0,4,2016
38067,1,0,1,2016
38069,8,0,8,2016
38071,0,4,4,2016
38073,5,0,5,2016
38075,1,0,1,2016
38077,33,0,33,2016
38079,1,0,1,2016
38081,21,0,21,2016
38083,10,0,10,2016
38085,0,0,0,2016
38087,0,0,0,2016
38089,76,10,86,2016
38091,2,0,2,2016
38093,48,0,48,2016
38095,0,0,0,2016
38097,13,0,13,2016
38099,2,2,4,2016
38101,79,0,79,2016
38103,1,0,1,2016
38105,100,100,200,2016
39001,3,0,3,2016
39003,62,14,76,2016
39005,56,2,58,2016
39007,74,18,92,2016
39009,12,10,22,2016
39011,101,12,113,2016
39013,10,0,10,2016
39015,70,0,70,2016
39017,706,434,1140,2016
39019,1,0,1,2016
39021,53,0,53,2016
39023,55,0,55,2016
39025,329,159,488,2016
39027,48,0,48,2016
39029,32,58,90,2016
39031,3,0,3,2016
39033,7,0,7,2016
39035,719,110,829,2016
39037,28,0,28,2016
39039,34,8,42,2016
39041,1292,230,1522,2016
39043,96,36,132,2016
39045,376,78,454,2016
39047,29,4,33,2016
39049,1604,4166,5770,2016
39051,44,5,49,2016
39053,6,0,6,2016
39055,142,6,148,2016
39057,395,323,718,2016
39059,34,0,34,2016
39061,745,595,1340,2016
39063,91,112,203,2016
39065,40,12,52,2016
39067,1,0,1,2016
39069,20,0,20,2016
39071,6,0,6,2016
39073,4,4,8,2016
39075,6,0,6,2016
39077,46,7,53,2016
39079,69,0,69,2016
39081,9,0,9,2016
39083,138,10,148,2016
39085,382,2,384,2016
39087,12,0,12,2016
39089,291,0,291,2016
39091,91,0,91,2016
39093,681,309,990,2016
39095,385,120,505,2016
39097,45,0,45,2016
39099,142,4,146,2016
39101,39,0,39,2016
39103,694,8,702,2016
39105,14,0,14,2016
39107,54,13,67,2016
39109,153,0,153,2016
39111,0,0,0,2016
39113,409,2,411,2016
39115,36,0,36,2016
39117,38,0,38,2016
39119,30,2,32,2016
39121,25,0,25,2016
39123,135,0,135,2016
39125,21,0,21,2016
39127,36,2,38,2016
39129,84,0,84,2016
39131,58,0,58,2016
39133,269,4,273,2016
39135,30,4,34,2016
39137,57,0,57,2016
39139,54,15,69,2016
39141,19,0,19,2016
39143,37,0,37,2016
39145,4,159,163,2016
39147,24,52,76,2016
39149,53,0,53,2016
39151,457,96,553,2016
39153,636,0,636,2016
39155,106,135,241,2016
39157,67,0,67,2016
39159,387,0,387,2016
39161,20,0,20,2016
39163,0,0,0,2016
39165,1062,225,1287,2016
39167,11,4,15,2016
39169,155,18,173,2016
39171,38,0,38,2016
39173,265,8,273,2016
39175,19,0,19,2016
40001,15,0,15,2016
40003,1,0,1,2016
40005,32,0,32,2016
40007,0,0,0,2016
40009,5,0,5,2016
40011,2,0,2,2016
40013,59,14,73,2016
40015,4,0,4,2016
40017,197,60,257,2016
40019,61,9,70,2016
40021,52,29,81,2016
40023,0,0,0,2016
40025,0,0,0,2016
40027,636,1314,1950,2016
40029,0,0,0,2016
40031,89,10,99,2016
40033,1,0,1,2016
40035,0,0,0,2016
40037,81,4,85,2016
40039,31,0,31,2016
40041,28,72,100,2016
40045,0,0,0,2016
40047,70,0,70,2016
40049,4,0,4,2016
40051,86,2,88,2016
40053,1,0,1,2016
40055,0,0,0,2016
40059,0,0,0,2016
40061,2,0,2,2016
40063,2,0,2,2016
40065,34,0,34,2016
40069,7,0,7,2016
40071,7,2,9,2016
40073,12,0,12,2016
40075,1,0,1,2016
40077,0,0,0,2016
40079,73,5,78,2016
40081,7,0,7,2016
40083,24,4,28,2016
40085,0,0,0,2016
40087,302,0,302,2016
40089,4,0,4,2016
40091,3,0,3,2016
40093,6,0,6,2016
40095,31,0,31,2016
40097,13,0,13,2016
40099,10,36,46,2016
40101,11,0,11,2016
40103,2,0,2,2016
40105,4,0,4,2016
40107,0,0,0,2016
40109,3787,321,4108,2016
40111,3,0,3,2016
40113,102,26,128,2016
40115,8,0,8,2016
40117,4,4,8,2016
40119,129,229,358,2016
40121,18,10,28,2016
40123,21,52,73,2016
40125,101,20,121,2016
40127,0,0,0,2016
40129,0,0,0,2016
40131,468,40,508,2016
40133,5,0,5,2016
40135,56,15,71,2016
40137,42,0,42,2016
40139,2,0,2,2016
40141,0,0,0,2016
40143,2014,642,2656,2016
40145,364,0,364,2016
40147,27,2,29,2016
40149,0,0,0,2016
40151,1,0,1,2016
40153,8,0,8,2016
41000,148,0,148,2016
41001,37,0,37,2016
41003,149,46,195,2016
41005,1368,1082,2450,2016
41007,136,26,162,2016
41009,84,16,100,2016
41011,35,4,39,2016
41013,110,0,110,2016
41015,54,0,54,2016
41017,1817,457,2274,2016
41019,211,4,215,2016
41025,10,0,10,2016
41027,105,0,105,2016
41029,727,185,912,2016
41031,56,0,56,2016
41033,209,4,213,2016
41035,95,10,105,2016
41037,6,0,6,2016
41039,736,438,1174,2016
41041,130,37,167,2016
41043,395,10,405,2016
41045,25,0,25,2016
41047,637,562,1199,2016
41049,18,0,18,2016
41051,959,4133,5092,2016
41053,177,102,279,2016
41057,121,20,141,2016
41059,87,0,87,2016
41061,41,8,49,2016
41063,20,0,20,2016
41067,1952,1375,3327,2016
41071,351,61,412,2016
42001,347,0,347,2016
42003,1320,1005,2325,2016
42005,61,0,61,2016
42007,120,271,391,2016
42009,65,0,65,2016
42011,366,70,436,2016
42013,102,81,183,2016
42015,62,40,102,2016
42017,944,147,1091,2016
42019,735,106,841,2016
42021,164,0,164,2016
42023,0,0,0,2016
42025,54,0,54,2016
42027,326,67,393,2016
42029,1029,129,1158,2016
42031,31,0,31,2016
42033,74,0,74,2016
42035,36,0,36,2016
42037,80,15,95,2016
42039,69,0,69,2016
42041,676,237,913,2016
42043,458,151,609,2016
42045,406,46,452,2016
42047,44,0,44,2016
42049,176,162,338,2016
42051,165,0,165,2016
42053,2,0,2,2016
42055,285,42,327,2016
42057,16,0,16,2016
42059,30,6,36,2016
42061,52,0,52,2016
42063,69,2,71,2016
42065,54,0,54,2016
42067,39,0,39,2016
42069,605,12,617,2016
42071,1013,274,1287,2016
42073,70,28,98,2016
42075,414,18,432,2016
42077,621,2,623,2016
42079,215,160,375,2016
42081,89,4,93,2016
42083,24,0,24,2016
42085,79,0,79,2016
42087,62,0,62,2016
42089,246,0,246,2016
42091,1153,1253,2406,2016
42093,31,24,55,2016
42095,280,49,329,2016
42097,55,0,55,2016
42099,105,0,105,2016
42101,904,2271,3175,2016
42103,75,0,75,2016
42105,12,0,12,2016
42107,96,0,96,2016
42109,67,12,79,2016
42111,63,0,63,2016
42113,11,0,11,2016
42115,51,8,59,2016
42117,37,0,37,2016
42119,60,39,99,2016
42121,32,0,32,2016
42123,34,0,34,2016
42125,292,0,292,2016
42127,87,0,87,2016
42129,322,6,328,2016
42131,26,0,26,2016
42133,769,109,878,2016
44001,45,2,47,2016
44003,160,18,178,2016
44005,119,9,128,2016
44007,325,155,480,2016
44009,270,123,393,2016
45001,39,0,39,2016
45003,815,72,887,2016
45005,2,0,2,2016
45007,803,10,813,2016
45009,7,0,7,2016
45011,26,0,26,2016
45013,1442,109,1551,2016
45015,1445,519,1964,2016
45017,36,0,36,2016
45019,2570,1400,3970,2016
45021,109,0,109,2016
45023,49,0,49,2016
45025,51,0,51,2016
45027,32,12,44,2016
45029,51,0,51,2016
45031,107,0,107,2016
45033,23,0,23,2016
45035,772,268,1040,2016
45037,106,0,106,2016
45039,47,0,47,2016
45041,325,63,388,2016
45043,330,36,366,2016
45045,2960,839,3799,2016
45047,86,47,133,2016
45049,6,28,34,2016
45051,3829,268,4097,2016
45053,233,0,233,2016
45055,298,60,358,2016
45057,928,303,1231,2016
45059,115,0,115,2016
45061,8,0,8,2016
45063,1740,260,2000,2016
45065,50,0,50,2016
45067,13,0,13,2016
45069,15,0,15,2016
45071,92,0,92,2016
45073,387,0,387,2016
45075,48,0,48,2016
45077,359,667,1026,2016
45079,1760,391,2151,2016
45081,35,0,35,2016
45083,1901,0,1901,2016
45085,243,30,273,2016
45087,20,0,20,2016
45089,13,0,13,2016
45091,2023,434,2457,2016
46003,11,3,14,2016
46005,19,4,23,2016
46007,0,0,0,2016
46009,10,0,10,2016
46011,144,109,253,2016
46013,98,0,98,2016
46015,1,7,8,2016
46017,0,0,0,2016
46019,41,3,44,2016
46021,0,0,0,2016
46023,22,0,22,2016
46025,11,0,11,2016
46027,38,8,46,2016
46029,40,28,68,2016
46031,0,0,0,2016
46033,104,0,104,2016
46035,45,149,194,2016
46037,32,0,32,2016
46039,2,0,2,2016
46041,0,0,0,2016
46043,9,0,9,2016
46045,11,0,11,2016
46047,0,2,2,2016
46049,13,0,13,2016
46051,11,0,11,2016
46053,11,0,11,2016
46055,0,0,0,2016
46057,22,2,24,2016
46059,4,0,4,2016
46061,10,0,10,2016
46063,3,0,3,2016
46065,34,0,34,2016
46067,4,0,4,2016
46069,0,0,0,2016
46071,0,0,0,2016
46073,1,0,1,2016
46075,5,4,9,2016
46077,23,0,23,2016
46079,39,19,58,2016
46081,160,34,194,2016
46083,177,100,277,2016
46085,2,0,2,2016
46087,18,0,18,2016
46089,1,0,1,2016
46091,17,0,17,2016
46093,133,16,149,2016
46095,2,0,2,2016
46097,10,0,10,2016
46099,1219,1553,2772,2016
46101,12,0,12,2016
46103,303,415,718,2016
46105,0,0,0,2016
46107,2,0,2,2016
46109,27,0,27,2016
46111,1,0,1,2016
46115,13,2,15,2016
46117,12,0,12,2016
46119,7,0,7,2016
46121,2,0,2,2016
46123,0,0,0,2016
46125,17,0,17,2016
46127,143,13,156,2016
46129,8,4,12,2016
46135,91,16,107,2016
47001,124,4,128,2016
47003,189,2,191,2016
47005,10,0,10,2016
47007,0,0,0,2016
47009,558,186,744,2016
47011,301,67,368,2016
47013,211,0,211,2016
47015,13,0,13,2016
47017,6,0,6,2016
47019,154,6,160,2016
47021,173,0,173,2016
47023,20,0,20,2016
47025,50,49,99,2016
47027,15,0,15,2016
47029,6,0,6,2016
47031,200,6,206,2016
47033,27,8,35,2016
47035,247,0,247,2016
47037,3815,5751,9566,2016
47039,0,0,0,2016
47041,62,0,62,2016
47043,260,0,260,2016
47045,70,6,76,2016
47047,304,56,360,2016
47049,0,0,0,2016
47051,139,0,139,2016
47053,93,2,95,2016
47055,82,0,82,2016
47057,41,0,41,2016
47059,123,4,127,2016
47061,4,0,4,2016
47063,93,0,93,2016
47065,1303,746,2049,2016
47067,1,0,1,2016
47069,24,0,24,2016
47071,5,2,7,2016
47073,94,0,94,2016
47075,15,4,19,2016
47077,4,0,4,2016
47079,13,4,17,2016
47081,53,2,55,2016
47083,0,0,0,2016
47085,8,0,8,2016
47087,0,0,0,2016
47089,127,16,143,2016
47091,1,0,1,2016
47093,1592,530,2122,2016
47095,1,0,1,2016
47097,14,0,14,2016
47099,7,4,11,2016
47101,6,0,6,2016
47103,9,0,9,2016
47105,307,0,307,2016
47107,16,2,18,2016
47109,5,0,5,2016
47111,88,5,93,2016
47113,223,0,223,2016
47115,117,0,117,2016
47117,155,0,155,2016
47119,1198,28,1226,2016
47121,53,0,53,2016
47123,80,0,80,2016
47125,1241,290,1531,2016
47127,32,0,32,2016
47129,0,0,0,2016
47131,15,0,15,2016
47133,3,0,3,2016
47135,5,0,5,2016
47139,164,0,164,2016
47141,392,328,720,2016
47143,69,16,85,2016
47145,6,0,6,2016
47147,370,0,370,2016
47149,2396,430,2826,2016
47151,4,0,4,2016
47153,4,0,4,2016
47155,461,10,471,2016
47157,1063,1275,2338,2016
47159,62,0,62,2016
47161,10,5,15,2016
47163,196,557,753,2016
47165,1187,154,1341,2016
47167,155,0,155,2016
47169,49,8,57,2016
47171,1,17,18,2016
47173,78,0,78,2016
47175,0,0,0,2016
47177,70,0,70,2016
47179,303,52,355,2016
47181,0,0,0,2016
47183,37,0,37,2016
47185,103,0,103,2016
47187,1967,792,2759,2016
47189,1199,182,1381,2016
48001,13,0,13,2016
48003,8,0,8,2016
48005,60,4,64,2016
48007,187,2,189,2016
48009,5,0,5,2016
48011,7,0,7,2016
48013,34,0,34,2016
48015,22,6,28,2016
48017,2,0,2,2016
48019,1,0,1,2016
48021,138,30,168,2016
48023,0,0,0,2016
48025,7,0,7,2016
48027,1581,526,2107,2016
48029,3283,4317,7600,2016
48031,13,5,18,2016
48035,1,0,1,2016
48037,73,0,73,2016
48039,2909,21,2930,2016
48041,1127,1642,2769,2016
48043,5,8,13,2016
48047,1,0,1,2016
48049,85,3,88,2016
48051,12,0,12,2016
48053,354,98,452,2016
48055,322,10,332,2016
48057,60,0,60,2016
48059,2,0,2,2016
48061,1217,352,1569,2016
48063,6,0,6,2016
48065,7,0,7,2016
48067,5,0,5,2016
48069,2,0,2,2016
48071,295,0,295,2016
48073,6,0,6,2016
48075,0,0,0,2016
48077,3,42,45,2016
48079,3,0,3,2016
48081,0,0,0,2016
48083,0,0,0,2016
48085,8197,4957,13154,2016
48087,1,0,1,2016
48089,22,0,22,2016
48091,1917,1172,3089,2016
48093,1,0,1,2016
48095,1,0,1,2016
48097,51,0,51,2016
48099,156,20,176,2016
48101,0,0,0,2016
48103,13,0,13,2016
48107,9,0,9,2016
48109,3,0,3,2016
48111,23,0,23,2016
48113,5152,12907,18059,2016
48115,0,0,0,2016
48117,2,9,11,2016
48119,0,0,0,2016
48121,6212,1216,7428,2016
48123,3,0,3,2016
48127,7,0,7,2016
48129,0,0,0,2016
48133,0,0,0,2016
48135,448,0,448,2016
48139,1446,5,1451,2016
48141,2219,835,3054,2016
48143,36,185,221,2016
48145,3,0,3,2016
48147,27,6,33,2016
48149,8,0,8,2016
48153,0,0,0,2016
48157,9777,502,10279,2016
48159,0,0,0,2016
48161,6,0,6,2016
48163,7,0,7,2016
48165,0,0,0,2016
48167,2209,32,2241,2016
48169,0,0,0,2016
48171,49,0,49,2016
48175,3,0,3,2016
48177,9,0,9,2016
48179,0,0,0,2016
48181,374,356,730,2016
48183,157,0,157,2016
48185,39,0,39,2016
48187,903,0,903,2016
48189,19,0,19,2016
48191,0,0,0,2016
48193,6,0,6,2016
48195,2,0,2,2016
48197,0,0,0,2016
48199,240,0,240,2016
48201,15511,7150,22661,2016
48203,40,28,68,2016
48207,2,0,2,2016
48209,1895,546,2441,2016
48211,0,0,0,2016
48213,40,54,94,2016
48215,2921,1647,4568,2016
48217,8,0,8,2016
48219,8,0,8,2016
48221,132,12,144,2016
48223,10,0,10,2016
48225,0,0,0,2016
48227,23,0,23,2016
48231,166,0,166,2016
48233,1,48,49,2016
48235,0,0,0,2016
48237,2,0,2,2016
48239,11,0,11,2016
48241,7,0,7,2016
48245,406,196,602,2016
48249,15,2,17,2016
48251,516,238,754,2016
48253,0,0,0,2016
48255,49,0,49,2016
48257,446,4,450,2016
48259,245,288,533,2016
48265,60,0,60,2016
48267,0,0,0,2016
48271,0,0,0,2016
48273,9,0,9,2016
48275,0,0,0,2016
48277,26,20,46,2016
48279,0,0,0,2016
48281,45,0,45,2016
48283,3,0,3,2016
48285,27,0,27,2016
48287,13,0,13,2016
48289,0,0,0,2016
48291,456,0,456,2016
48293,3,0,3,2016
48295,0,0,0,2016
48297,7,0,7,2016
48299,226,12,238,2016
48303,1269,1369,2638,2016
48305,1,0,1,2016
48307,1,72,73,2016
48309,637,1125,1762,2016
48313,5,6,11,2016
48315,8,0,8,2016
48317,4,0,4,2016
48319,3,0,3,2016
48321,82,0,82,2016
48323,64,12,76,2016
48325,29,0,29,2016
48329,632,40,672,2016
48331,7,5,12,2016
48335,0,0,0,2016
48337,1,0,1,2016
48339,4175,1362,5537,2016
48341,10,0,10,2016
48343,4,0,4,2016
48347,24,4,28,2016
48349,167,11,178,2016
48353,1,0,1,2016
48355,1212,25,1237,2016
48357,2,48,50,2016
48359,2,0,2,2016
48361,236,16,252,2016
48363,9,0,9,2016
48365,6,0,6,2016
48367,408,57,465,2016
48369,1,0,1,2016
48371,112,0,112,2016
48373,471,0,471,2016
48375,625,14,639,2016
48377,11,0,11,2016
48379,1,0,1,2016
48381,77,8,85,2016
48383,1,0,1,2016
48385,0,0,0,2016
48387,6,2,8,2016
48389,3,0,3,2016
48391,7,0,7,2016
48395,79,0,79,2016
48397,1116,0,1116,2016
48399,2,0,2,2016
48401,2,0,2,2016
48403,3,0,3,2016
48405,0,0,0,2016
48407,265,0,265,2016
48409,232,252,484,2016
48411,7,0,7,2016
48413,1,0,1,2016
48415,8,0,8,2016
48419,0,0,0,2016
48421,8,4,12,2016
48423,454,127,581,2016
48425,11,20,31,2016
48427,4,0,4,2016
48429,2,0,2,2016
48435,12,0,12,2016
48437,0,0,0,2016
48439,5831,6675,12506,2016
48441,296,8,304,2016
48445,0,0,0,2016
48449,19,0,19,2016
48451,172,0,172,2016
48453,7172,6331,13503,2016
48455,1,0,1,2016
48457,9,0,9,2016
48459,5,0,5,2016
48461,0,0,0,2016
48463,19,4,23,2016
48465,93,0,93,2016
48467,28,0,28,2016
48469,62,0,62,2016
48471,156,0,156,2016
48473,13,292,305,2016
48475,3,0,3,2016
48477,72,12,84,2016
48479,945,213,1158,2016
48481,82,0,82,2016
48483,1,0,1,2016
48485,86,90,176,2016
48487,1,0,1,2016
48489,37,0,37,2016
48491,3800,1617,5417,2016
48493,52,0,52,2016
48495,0,0,0,2016
48497,70,6,76,2016
48499,10,2,12,2016
48501,0,0,0,2016
48503,10,0,10,2016
48507,4,0,4,2016
49001,19,0,19,2016
49003,172,14,186,2016
49005,602,235,837,2016
49007,18,0,18,2016
49009,5,0,5,2016
49011,1359,411,1770,2016
49013,39,35,74,2016
49015,10,0,10,2016
49017,5,0,5,2016
49019,91,15,106,2016
49021,319,63,382,2016
49023,70,8,78,2016
49025,49,0,49,2016
49027,33,4,37,2016
49029,85,0,85,2016
49031,19,0,19,2016
49033,42,0,42,2016
49035,3783,4378,8161,2016
49037,32,0,32,2016
49039,48,0,48,2016
49041,59,0,59,2016
49043,217,127,344,2016
49045,568,2,570,2016
49047,25,0,25,2016
49049,4359,880,5239,2016
49051,521,164,685,2016
49053,1889,307,2196,2016
49055,12,0,12,2016
49057,760,809,1569,2016
50001,102,20,122,2016
50003,33,0,33,2016
50005,40,2,42,2016
50007,190,477,667,2016
50009,14,0,14,2016
50011,139,34,173,2016
50013,21,0,21,2016
50015,74,80,154,2016
50017,22,0,22,2016
50019,30,124,154,2016
50021,38,0,38,2016
50023,118,9,127,2016
50025,67,16,83,2016
50027,81,40,121,2016
51001,54,0,54,2016
51003,521,187,708,2016
51005,12,0,12,2016
51007,44,0,44,2016
51009,47,0,47,2016
51011,74,0,74,2016
51013,334,1580,1914,2016
51015,195,14,209,2016
51017,10,0,10,2016
51019,283,5,288,2016
51021,22,0,22,2016
51023,69,0,69,2016
51025,23,0,23,2016
51027,2,0,2,2016
51029,29,0,29,2016
51031,100,0,100,2016
51033,110,0,110,2016
51035,0,0,0,2016
51036,17,0,17,2016
51037,9,0,9,2016
51041,1330,383,1713,2016
51043,60,0,60,2016
51045,12,0,12,2016
51047,213,0,213,2016
51049,17,0,17,2016
51051,3,0,3,2016
51053,61,0,61,2016
51057,24,0,24,2016
51059,885,1785,2670,2016
51061,295,30,325,2016
51063,51,0,51,2016
51065,109,0,109,2016
51067,113,4,117,2016
51069,791,0,791,2016
51071,20,0,20,2016
51073,158,27,185,2016
51075,129,0,129,2016
51077,21,0,21,2016
51079,98,42,140,2016
51081,14,0,14,2016
51083,0,4,4,2016
51085,584,0,584,2016
51087,723,235,958,2016
51089,30,0,30,2016
51091,12,0,12,2016
51093,171,0,171,2016
51095,374,81,455,2016
51097,25,0,25,2016
51099,103,0,103,2016
51101,129,0,129,2016
51103,38,4,42,2016
51105,22,0,22,2016
51107,2522,774,3296,2016
51109,249,0,249,2016
51111,20,4,24,2016
51113,44,0,44,2016
51115,26,0,26,2016
51117,67,0,67,2016
51119,33,0,33,2016
51121,338,84,422,2016
51125,51,0,51,2016
51127,221,0,221,2016
51131,31,0,31,2016
51133,68,0,68,2016
51135,26,2,28,2016
51137,132,0,132,2016
51139,57,2,59,2016
51141,27,0,27,2016
51143,52,0,52,2016
51145,208,2,210,2016
51147,49,0,49,2016
51149,81,0,81,2016
51153,1214,702,1916,2016
51155,35,0,35,2016
51157,18,0,18,2016
51159,23,12,35,2016
51161,134,20,154,2016
51163,52,8,60,2016
51165,493,0,493,2016
51167,21,0,21,2016
51169,20,0,20,2016
51171,104,0,104,2016
51173,19,0,19,2016
51175,40,0,40,2016
51177,420,0,420,2016
51179,1370,0,1370,2016
51181,27,0,27,2016
51183,24,0,24,2016
51185,12,0,12,2016
51187,145,0,145,2016
51191,66,8,74,2016
51193,72,0,72,2016
51195,9,2,11,2016
51197,35,28,63,2016
51199,77,11,88,2016
51510,145,476,621,2016
51520,3,48,51,2016
51530,1,0,1,2016
51540,78,119,197,2016
51550,977,88,1065,2016
51570,4,0,4,2016
51580,0,0,0,2016
51590,5,0,5,2016
51595,3,0,3,2016
51600,178,96,274,2016
51610,20,0,20,2016
51620,0,0,0,2016
51630,62,128,190,2016
51640,4,0,4,2016
51650,149,0,149,2016
51660,127,24,151,2016
51670,47,0,47,2016
51678,6,0,6,2016
51680,60,94,154,2016
51683,145,0,145,2016
51685,0,0,0,2016
51690,5,0,5,2016
51700,120,112,232,2016
51710,378,667,1045,2016
51720,0,0,0,2016
51730,11,66,77,2016
51735,40,3,43,2016
51740,122,2,124,2016
51750,11,4,15,2016
51760,280,230,510,2016
51770,15,138,153,2016
51775,37,0,37,2016
51790,20,51,71,2016
51800,395,312,707,2016
51810,768,815,1583,2016
51820,22,0,22,2016
51830,49,0,49,2016
51840,25,5,30,2016
53001,28,3,31,2016
53003,30,2,32,2016
53005,952,405,1357,2016
53007,385,8,393,2016
53009,243,4,247,2016
53011,2645,665,3310,2016
53013,2,0,2,2016
53015,273,35,308,2016
53017,158,23,181,2016
53019,21,0,21,2016
53021,496,34,530,2016
53023,1,0,1,2016
53025,264,386,650,2016
53027,207,0,207,2016
53029,369,4,373,2016
53031,234,4,238,2016
53033,4254,13445,17699,2016
53035,862,197,1059,2016
53037,304,19,323,2016
53039,105,18,123,2016
53041,156,76,232,2016
53043,50,0,50,2016
53045,166,0,166,2016
53047,133,0,133,2016
53049,77,0,77,2016
53051,59,0,59,2016
53053,2469,1396,3865,2016
53055,118,6,124,2016
53057,420,85,505,2016
53059,38,0,38,2016
53061,2702,1223,3925,2016
53063,1661,1935,3596,2016
53065,99,10,109,2016
53067,1084,997,2081,2016
53069,15,0,15,2016
53071,182,36,218,2016
53073,718,465,1183,2016
53075,78,116,194,2016
53077,405,17,422,2016
54001,1,0,1,2016
54003,752,3,755,2016
54005,13,0,13,2016
54007,0,0,0,2016
54009,12,0,12,2016
54011,45,48,93,2016
54015,8,0,8,2016
54017,0,0,0,2016
54019,30,0,30,2016
54021,8,10,18,2016
54023,19,45,64,2016
54025,98,17,115,2016
54027,61,0,61,2016
54029,14,0,14,2016
54031,39,51,90,2016
54033,126,114,240,2016
54035,2,32,34,2016
54037,159,0,159,2016
54039,49,115,164,2016
54041,1,0,1,2016
54043,14,0,14,2016
54045,0,0,0,2016
54047,6,0,6,2016
54049,18,63,81,2016
54051,1,0,1,2016
54053,8,0,8,2016
54055,2,6,8,2016
54057,44,0,44,2016
54059,0,0,0,2016
54061,15,2,17,2016
54063,0,0,0,2016
54065,53,0,53,2016
54067,0,0,0,2016
54069,7,16,23,2016
54071,17,0,17,2016
54073,5,0,5,2016
54075,4,0,4,2016
54077,4,0,4,2016
54079,89,6,95,2016
54081,42,0,42,2016
54083,3,0,3,2016
54085,9,0,9,2016
54087,0,0,0,2016
54089,19,0,19,2016
54091,0,0,0,2016
54093,1,0,1,2016
54095,8,0,8,2016
54097,29,8,37,2016
54099,21,0,21,2016
54101,0,0,0,2016
54103,6,12,18,2016
54105,7,0,7,2016
54107,123,2,125,2016
54109,2,0,2,2016
55001,61,0,61,2016
55003,11,2,13,2016
55005,95,4,99,2016
55007,78,0,78,2016
55009,620,202,822,2016
55011,30,11,41,2016
55013,79,0,79,2016
55015,146,92,238,2016
55017,180,58,238,2016
55019,36,0,36,2016
55021,209,116,325,2016
55023,27,0,27,2016
55025,1302,3210,4512,2016
55027,91,22,113,2016
55029,118,51,169,2016
55031,85,28,113,2016
55033,74,48,122,2016
55035,259,266,525,2016
55037,17,0,17,2016
55039,152,213,365,2016
55041,30,0,30,2016
55043,73,20,93,2016
55045,53,14,67,2016
55047,44,0,44,2016
55049,49,0,49,2016
55051,24,0,24,2016
55053,45,0,45,2016
55055,181,28,209,2016
55057,87,2,89,2016
55059,182,346,528,2016
55061,35,2,37,2016
55063,234,22,256,2016
55065,11,2,13,2016
55067,50,0,50,2016
55069,90,12,102,2016
55071,90,64,154,2016
55073,243,2,245,2016
55075,99,2,101,2016
55077,29,0,29,2016
55078,11,0,11,2016
55079,146,1575,1721,2016
55081,128,6,134,2016
55083,149,0,149,2016
55085,169,74,243,2016
55087,403,102,505,2016
55089,213,230,443,2016
55091,24,2,26,2016
55093,136,4,140,2016
55095,131,21,152,2016
55097,138,60,198,2016
55099,54,0,54,2016
55101,222,136,358,2016
55103,32,0,32,2016
55105,229,28,257,2016
55107,52,3,55,2016
55109,372,57,429,2016
55111,194,31,225,2016
55113,105,2,107,2016
55115,63,0,63,2016
55117,164,143,307,2016
55119,32,6,38,2016
55121,68,40,108,2016
55123,86,46,132,2016
55125,169,58,227,2016
55127,230,69,299,2016
55129,78,0,78,2016
55131,356,229,585,2016
55133,956,350,1306,2016
55135,104,4,108,2016
55137,54,0,54,2016
55139,322,89,411,2016
55141,89,72,161,2016
56001,123,28,151,2016
56003,8,0,8,2016
56005,53,0,53,2016
56007,35,0,35,2016
56009,3,0,3,2016
56011,6,0,6,2016
56013,19,0,19,2016
56015,2,0,2,2016
56017,0,0,0,2016
56019,8,0,8,2016
56021,433,43,476,2016
56023,136,8,144,2016
56025,157,8,165,2016
56027,7,0,7,2016
56029,125,15,140,2016
56031,32,12,44,2016
56033,125,23,148,2016
56035,30,0,30,2016
56037,70,2,72,2016
56039,138,25,163,2016
56041,34,12,46,2016
56043,2,2,4,2016
56045,3,0,3,2016
01001,188,0,188,2017
01003,2207,210,2417,2017
01005,3,0,3,2017
01007,10,0,10,2017
01009,18,0,18,2017
01011,0,0,0,2017
01013,6,0,6,2017
01015,69,0,69,2017
01017,3,0,3,2017
01019,11,0,11,2017
01021,45,0,45,2017
01023,0,0,0,2017
01025,7,0,7,2017
01027,0,0,0,2017
01029,1,0,1,2017
01031,92,9,101,2017
01033,150,0,150,2017
01035,0,0,0,2017
01037,0,0,0,2017
01039,8,0,8,2017
01041,4,0,4,2017
01043,119,2,121,2017
01045,20,0,20,2017
01047,23,0,23,2017
01049,34,9,43,2017
01051,83,0,83,2017
01053,13,0,13,2017
01055,112,0,112,2017
01057,4,0,4,2017
01059,9,7,16,2017
01061,12,0,12,2017
01063,6,0,6,2017
01065,12,0,12,2017
01067,23,0,23,2017
01069,353,2,355,2017
01071,14,0,14,2017
01073,1408,12,1420,2017
01075,4,0,4,2017
01077,107,518,625,2017
01079,2,0,2,2017
01081,971,390,1361,2017
01083,162,0,162,2017
01085,1,0,1,2017
01087,1,0,1,2017
01089,2415,382,2797,2017
01091,3,0,3,2017
01093,4,0,4,2017
01095,66,0,66,2017
01097,660,338,998,2017
01099,4,0,4,2017
01101,489,0,489,2017
01103,158,0,158,2017
01105,0,0,0,2017
01107,6,0,6,2017
01109,61,0,61,2017
01111,0,0,0,2017
01113,143,84,227,2017
01115,164,0,164,2017
01117,1023,0,1023,2017
01119,4,6,10,2017
01121,35,0,35,2017
01123,115,0,115,2017
01125,554,597,1151,2017
01127,9,0,9,2017
01129,0,0,0,2017
01131,1,0,1,2017
01133,4,0,4,2017
02013,0,0,0,2017
02016,6,0,6,2017
02020,800,219,1019,2017
02050,15,0,15,2017
02060,0,0,0,2017
02070,1,2,3,2017
02090,7,8,15,2017
02100,9,0,9,2017
02105,0,0,0,2017
02110,46,18,64,2017
02122,87,17,104,2017
02130,22,8,30,2017
02150,12,36,48,2017
02158,0,0,0,2017
02170,51,78,129,2017
02180,1,0,1,2017
02185,6,0,6,2017
02188,7,0,7,2017
02195,11,2,13,2017
02198,3,12,15,2017
02220,13,6,19,2017
02230,2,6,8,2017
02261,23,0,23,2017
02275,3,0,3,2017
02282,2,0,2,2017
02290,0,0,0,2017
04001,44,2,46,2017
04003,192,10,202,2017
04005,434,263,697,2017
04007,152,4,156,2017
04009,85,12,97,2017
04011,1,0,1,2017
04012,10,12,22,2017
04013,16996,8735,25731,2017
04015,889,24,913,2017
04017,315,46,361,2017
04019,2888,1607,4495,2017
04021,3475,106,3581,2017
04023,93,0,93,2017
04025,1493,483,1976,2017
04027,1005,96,1101,2017
05001,19,0,19,2017
05003,1,0,1,2017
05005,18,62,80,2017
05007,2220,1111,3331,2017
05009,34,0,34,2017
05011,3,0,3,2017
05013,0,0,0,2017
05015,19,38,57,2017
05017,2,0,2,2017
05019,18,0,18,2017
05021,3,0,3,2017
05023,11,0,11,2017
05025,0,0,0,2017
05027,12,6,18,2017
05029,9,10,19,2017
05031,472,338,810,2017
05033,122,4,126,2017
05035,52,0,52,2017
05037,14,0,14,2017
05039,4,0,4,2017
05041,2,0,2,2017
05043,10,0,10,2017
05045,270,109,379,2017
05047,7,0,7,2017
05049,0,0,0,2017
05051,38,0,38,2017
05053,18,7,25,2017
05055,131,64,195,2017
05057,0,0,0,2017
05059,9,0,9,2017
05061,4,0,4,2017
05063,22,54,76,2017
05065,2,0,2,2017
05067,8,0,8,2017
05069,36,38,74,2017
05071,31,14,45,2017
05073,0,0,0,2017
05075,10,6,16,2017
05077,0,0,0,2017
05079,0,0,0,2017
05081,3,0,3,2017
05083,3,2,5,2017
05085,346,16,362,2017
05087,6,0,6,2017
05089,76,0,76,2017
05091,29,0,29,2017
05093,35,0,35,2017
05095,2,0,2,2017
05099,0,0,0,2017
05101,0,0,0,2017
05103,6,0,6,2017
05105,7,0,7,2017
05107,2,44,46,2017
05111,40,16,56,2017
05113,0,0,0,2017
05115,111,20,131,2017
05117,1,0,1,2017
05119,1066,994,2060,2017
05121,14,2,16,2017
05123,1,0,1,2017
05125,380,2,382,2017
05127,5,0,5,2017
05129,0,0,0,2017
05131,174,284,458,2017
05133,4,2,6,2017
05135,5,0,5,2017
05137,5,4,9,2017
05139,10,80,90,2017
05141,5,0,5,2017
05143,1297,90,1387,2017
05145,98,2,100,2017
05147,0,0,0,2017
05149,14,0,14,2017
06001,2595,6663,9258,2017
06003,9,0,9,2017
06005,116,15,131,2017
06007,457,366,823,2017
06009,140,0,140,2017
06011,17,0,17,2017
06013,1683,301,1984,2017
06015,23,0,23,2017
06017,805,4,809,2017
06019,1796,1137,2933,2017
06021,18,2,20,2017
06023,155,138,293,2017
06025,179,12,191,2017
06027,11,0,11,2017
06029,2378,262,2640,2017
06031,272,0,272,2017
06033,153,6,159,2017
06035,12,0,12,2017
06037,5683,15891,21574,2017
06039,415,0,415,2017
06041,94,0,94,2017
06043,45,0,45,2017
06045,132,60,192,2017
06047,546,4,550,2017
06049,5,0,5,2017
06051,37,14,51,2017
06053,534,242,776,2017
06055,83,100,183,2017
06057,403,16,419,2017
06059,4904,4606,9510,2017
06061,2500,787,3287,2017
06063,43,0,43,2017
06065,6703,1298,8001,2017
06067,3159,1669,4828,2017
06069,569,2,571,2017
06071,4252,2423,6675,2017
06073,4056,6385,10441,2017
06075,43,3991,4034,2017
06077,2107,672,2779,2017
06079,693,401,1094,2017
06081,362,1220,1582,2017
06083,832,448,1280,2017
06085,2023,5945,7968,2017
06087,218,189,407,2017
06089,382,0,382,2017
06091,7,0,7,2017
06093,56,0,56,2017
06095,840,67,907,2017
06097,840,338,1178,2017
06099,644,75,719,2017
06101,74,4,78,2017
06103,101,14,115,2017
06105,52,0,52,2017
06107,1162,152,1314,2017
06109,68,6,74,2017
06111,1070,1495,2565,2017
06113,351,228,579,2017
06115,225,0,225,2017
08001,1899,653,2552,2017
08003,20,49,69,2017
08005,2327,419,2746,2017
08007,164,9,173,2017
08009,0,0,0,2017
08011,3,0,3,2017
08013,808,859,1667,2017
08014,398,18,416,2017
08015,132,22,154,2017
08017,3,0,3,2017
08019,20,10,30,2017
08021,24,0,24,2017
08023,0,0,0,2017
08025,3,0,3,2017
08027,74,0,74,2017
08029,46,0,46,2017
08031,2370,8155,10525,2017
08033,0,0,0,2017
08035,2395,1347,3742,2017
08037,304,122,426,2017
08039,163,0,163,2017
08041,3742,1113,4855,2017
08043,87,32,119,2017
08045,123,71,194,2017
08047,34,0,34,2017
08049,182,16,198,2017
08051,140,2,142,2017
08053,8,0,8,2017
08055,42,0,42,2017
08057,9,0,9,2017
08059,1222,1151,2373,2017
08061,0,0,0,2017
08063,3,0,3,2017
08065,24,0,24,2017
08067,296,268,564,2017
08069,2027,908,2935,2017
08071,17,0,17,2017
08073,11,0,11,2017
08075,11,0,11,2017
08077,665,90,755,2017
08079,19,0,19,2017
08081,11,0,11,2017
08083,21,2,23,2017
08085,199,11,210,2017
08087,90,0,90,2017
08089,2,2,4,2017
08091,45,4,49,2017
08093,150,4,154,2017
08095,16,2,18,2017
08097,45,8,53,2017
08099,3,0,3,2017
08101,352,16,368,2017
08103,13,0,13,2017
08105,23,0,23,2017
08107,115,0,115,2017
08109,93,0,93,2017
08111,7,0,7,2017
08113,47,21,68,2017
08115,2,0,2,2017
08117,393,82,475,2017
08119,110,0,110,2017
08121,8,0,8,2017
08123,2777,869,3646,2017
08125,1,0,1,2017
09001,765,954,1719,2017
09003,455,502,957,2017
09005,125,17,142,2017
09007,150,87,237,2017
09009,469,281,750,2017
09011,226,69,295,2017
09013,156,157,313,2017
09015,134,0,134,2017
10001,1153,401,1554,2017
10003,1338,531,1869,2017
10005,2727,451,3178,2017
11001,352,5685,6037,2017
12001,626,1585,2211,2017
12003,121,34,155,2017
12005,854,800,1654,2017
12007,4,0,4,2017
12009,2149,604,2753,2017
12011,1748,3286,5034,2017
12013,11,0,11,2017
12015,1251,46,1297,2017
12017,433,113,546,2017
12019,981,133,1114,2017
12021,2930,1264,4194,2017
12023,146,0,146,2017
12027,79,0,79,2017
12029,31,0,31,2017
12031,3231,2874,6105,2017
12033,1048,25,1073,2017
12035,985,66,1051,2017
12037,71,0,71,2017
12039,986,0,986,2017
12041,58,0,58,2017
12043,13,0,13,2017
12045,130,2,132,2017
12047,10,0,10,2017
12049,24,0,24,2017
12051,93,0,93,2017
12053,781,104,885,2017
12055,175,6,181,2017
12057,7253,4314,11567,2017
12059,8,0,8,2017
12061,1112,9,1121,2017
12063,52,0,52,2017
12065,55,0,55,2017
12067,7,0,7,2017
12069,3216,144,3360,2017
12071,4841,2113,6954,2017
12073,605,1156,1761,2017
12075,159,0,159,2017
12077,18,0,18,2017
12079,33,0,33,2017
12081,2917,918,3835,2017
12083,1942,304,2246,2017
12085,329,46,375,2017
12086,2285,8269,10554,2017
12087,191,56,247,2017
12089,1078,31,1109,2017
12091,901,298,1199,2017
12093,43,0,43,2017
12095,6060,2577,8637,2017
12097,4028,757,4785,2017
12099,2622,1513,4135,2017
12101,3773,143,3916,2017
12103,925,975,1900,2017
12105,4542,62,4604,2017
12107,80,0,80,2017
12109,4422,54,4476,2017
12111,1758,154,1912,2017
12113,1536,0,1536,2017
12115,3072,1272,4344,2017
12117,1127,1156,2283,2017
12119,1814,0,1814,2017
12121,49,0,49,2017
12123,26,12,38,2017
12125,29,0,29,2017
12127,1923,80,2003,2017
12129,251,0,251,2017
12131,1175,97,1272,2017
12133,41,0,41,2017
13001,3,0,3,2017
13003,0,0,0,2017
13005,0,0,0,2017
13007,0,0,0,2017
13009,66,13,79,2017
13011,38,0,38,2017
13013,547,130,677,2017
13015,536,6,542,2017
13017,7,50,57,2017
13019,46,0,46,2017
13021,103,0,103,2017
13023,0,0,0,2017
13025,2,14,16,2017
13027,28,4,32,2017
13029,440,152,592,2017
13031,357,0,357,2017
13033,53,0,53,2017
13035,62,0,62,2017
13037,6,0,6,2017
13039,322,76,398,2017
13043,3,0,3,2017
13045,291,0,291,2017
13047,192,4,196,2017
13049,29,0,29,2017
13051,812,68,880,2017
13053,4,0,4,2017
13055,0,0,0,2017
13057,2284,0,2284,2017
13059,189,176,365,2017
13061,3,0,3,2017
13063,411,0,411,2017
13065,5,0,5,2017
13067,1564,1065,2629,2017
13069,107,6,113,2017
13071,36,10,46,2017
13073,1273,64,1337,2017
13075,33,0,33,2017
13077,841,4,845,2017
13079,20,0,20,2017
13081,17,0,17,2017
13083,3,4,7,2017
13085,310,0,310,2017
13087,33,18,51,2017
13089,1796,1583,3379,2017
13091,13,0,13,2017
13093,0,0,0,2017
13095,37,5,42,2017
13097,354,26,380,2017
13099,11,0,11,2017
13101,8,0,8,2017
13103,646,0,646,2017
13105,38,0,38,2017
13107,3,6,9,2017
13109,10,0,10,2017
13111,287,0,287,2017
13113,590,4,594,2017
13115,157,0,157,2017
13117,2548,434,2982,2017
13119,68,2,70,2017
13121,3766,5258,9024,2017
13123,186,0,186,2017
13127,539,0,539,2017
13129,152,69,221,2017
13131,31,27,58,2017
13133,285,0,285,2017
13135,3599,318,3917,2017
13137,112,80,192,2017
13139,1184,179,1363,2017
13141,15,0,15,2017
13143,49,0,49,2017
13145,196,0,196,2017
13147,64,0,64,2017
13149,26,0,26,2017
13151,1571,0,1571,2017
13153,955,180,1135,2017
13155,21,0,21,2017
13157,866,80,946,2017
13159,68,0,68,2017
13161,2,0,2,2017
13163,1,0,1,2017
13165,14,0,14,2017
13167,0,0,0,2017
13169,51,0,51,2017
13171,39,0,39,2017
13173,18,0,18,2017
13175,17,16,33,2017
13177,343,0,343,2017
13179,322,62,384,2017
13181,28,0,28,2017
13183,121,0,121,2017
13185,934,97,1031,2017
13187,205,0,205,2017
13189,30,0,30,2017
13191,63,0,63,2017
13193,4,0,4,2017
13195,9,0,9,2017
13197,15,0,15,2017
13199,45,0,45,2017
13201,8,0,8,2017
13205,18,0,18,2017
13207,129,0,129,2017
13209,14,0,14,2017
13211,125,0,125,2017
13213,33,64,97,2017
13215,311,164,475,2017
13217,571,11,582,2017
13219,337,14,351,2017
13221,46,0,46,2017
13223,1662,0,1662,2017
13225,51,0,51,2017
13227,132,0,132,2017
13229,47,4,51,2017
13231,85,0,85,2017
13233,61,0,61,2017
13235,10,0,10,2017
13237,110,48,158,2017
13239,6,0,6,2017
13241,62,0,62,2017
13243,4,0,4,2017
13245,393,248,641,2017
13247,260,20,280,2017
13249,9,0,9,2017
13251,21,0,21,2017
13253,4,0,4,2017
13255,242,0,242,2017
13257,0,0,0,2017
13259,2,0,2,2017
13261,17,0,17,2017
13263,10,0,10,2017
13267,26,0,26,2017
13269,13,0,13,2017
13271,1,0,1,2017
13273,5,0,5,2017
13275,94,2,96,2017
13277,43,0,43,2017
13279,23,4,27,2017
13281,57,0,57,2017
13283,0,0,0,2017
13285,152,0,152,2017
13287,8,0,8,2017
13289,17,0,17,2017
13291,170,0,170,2017
13293,19,0,19,2017
13295,152,8,160,2017
13297,599,0,599,2017
13299,124,0,124,2017
13301,0,0,0,2017
13303,73,0,73,2017
13305,42,0,42,2017
13307,4,0,4,2017
13309,0,0,0,2017
13311,88,0,88,2017
13313,194,52,246,2017
13317,3,0,3,2017
13319,10,0,10,2017
13321,26,0,26,2017
15001,801,93,894,2017
15003,1028,940,1968,2017
15007,216,96,312,2017
15009,489,372,861,2017
16001,4474,1468,5942,2017
16003,10,0,10,2017
16005,203,20,223,2017
16007,49,0,49,2017
16009,24,0,24,2017
16011,111,2,113,2017
16013,69,0,69,2017
16015,70,0,70,2017
16017,107,27,134,2017
16019,707,282,989,2017
16021,63,0,63,2017
16023,1,0,1,2017
16025,8,0,8,2017
16027,1637,164,1801,2017
16029,20,0,20,2017
16031,67,12,79,2017
16033,4,0,4,2017
16035,20,0,20,2017
16037,3,0,3,2017
16039,38,0,38,2017
16041,75,0,75,2017
16043,104,0,104,2017
16045,61,0,61,2017
16047,34,0,34,2017
16049,1,0,1,2017
16051,195,0,195,2017
16053,60,0,60,2017
16055,1415,363,1778,2017
16057,107,201,308,2017
16059,30,2,32,2017
16061,3,25,28,2017
16063,3,0,3,2017
16065,105,363,468,2017
16067,217,40,257,2017
16069,63,28,91,2017
16071,14,0,14,2017
16073,33,2,35,2017
16075,102,6,108,2017
16077,6,0,6,2017
16079,19,0,19,2017
16081,154,26,180,2017
16083,365,96,461,2017
16085,157,37,194,2017
16087,11,0,11,2017
17001,62,16,78,2017
17003,0,0,0,2017
17005,11,0,11,2017
17007,40,0,40,2017
17009,0,0,0,2017
17011,20,0,20,2017
17013,17,0,17,2017
17015,18,0,18,2017
17017,7,0,7,2017
17019,354,422,776,2017
17021,25,0,25,2017
17023,6,14,20,2017
17025,9,0,9,2017
17027,84,2,86,2017
17029,11,4,15,2017
17031,1707,9888,11595,2017
17033,7,0,7,2017
17035,0,0,0,2017
17037,90,12,102,2017
17039,16,0,16,2017
17041,25,0,25,2017
17043,988,961,1949,2017
17045,1,0,1,2017
17049,36,6,42,2017
17051,1,0,1,2017
17053,16,8,24,2017
17055,18,3,21,2017
17057,39,21,60,2017
17061,3,0,3,2017
17063,70,133,203,2017
17067,5,0,5,2017
17069,0,0,0,2017
17071,2,0,2,2017
17073,29,4,33,2017
17075,28,0,28,2017
17077,6,6,12,2017
17079,1,0,1,2017
17081,9,39,48,2017
17083,30,0,30,2017
17085,37,0,37,2017
17087,0,0,0,2017
17089,969,1017,1986,2017
17091,88,110,198,2017
17093,236,63,299,2017
17095,24,0,24,2017
17097,697,1016,1713,2017
17099,94,9,103,2017
17101,51,0,51,2017
17103,26,0,26,2017
17105,20,20,40,2017
17107,7,0,7,2017
17109,1,0,1,2017
17111,304,182,486,2017
17113,198,172,370,2017
17115,39,0,39,2017
17117,69,0,69,2017
17119,410,39,449,2017
17121,13,0,13,2017
17123,9,0,9,2017
17125,4,0,4,2017
17127,2,19,21,2017
17129,21,0,21,2017
17131,8,0,8,2017
17133,157,56,213,2017
17135,18,0,18,2017
17137,5,0,5,2017
17139,33,22,55,2017
17141,65,6,71,2017
17143,46,0,46,2017
17145,31,0,31,2017
17147,38,0,38,2017
17149,21,0,21,2017
17151,0,0,0,2017
17153,9,0,9,2017
17155,15,0,15,2017
17157,31,0,31,2017
17159,3,0,3,2017
17161,85,31,116,2017
17163,464,74,538,2017
17165,0,0,0,2017
17167,189,112,301,2017
17169,0,0,0,2017
17173,26,0,26,2017
17175,8,0,8,2017
17177,14,0,14,2017
17179,113,10,123,2017
17181,17,0,17,2017
17183,54,50,104,2017
17185,4,0,4,2017
17187,8,0,8,2017
17189,23,0,23,2017
17191,0,8,8,2017
17193,4,0,4,2017
17195,27,40,67,2017
17197,1219,168,1387,2017
17199,77,41,118,2017
17201,188,7,195,2017
17203,71,0,71,2017
18001,71,14,85,2017
18003,1046,476,1522,2017
18005,204,0,204,2017
18007,17,0,17,2017
18009,3,0,3,2017
18011,421,118,539,2017
18013,79,0,79,2017
18015,60,0,60,2017
18017,27,0,27,2017
18019,554,0,554,2017
18021,0,0,0,2017
18023,44,77,121,2017
18025,0,0,0,2017
18027,23,0,23,2017
18029,122,8,130,2017
18031,54,0,54,2017
18033,146,8,154,2017
18035,68,4,72,2017
18037,71,12,83,2017
18039,366,194,560,2017
18041,3,0,3,2017
18043,231,0,231,2017
18045,7,51,58,2017
18047,47,0,47,2017
18049,14,0,14,2017
18051,88,60,148,2017
18053,54,0,54,2017
18057,2457,632,3089,2017
18059,470,58,528,2017
18061,120,0,120,2017
18063,1117,387,1504,2017
18065,34,0,34,2017
18067,90,2,92,2017
18069,65,6,71,2017
18071,69,113,182,2017
18073,84,0,84,2017
18075,15,0,15,2017
18077,37,0,37,2017
18079,45,0,45,2017
18081,805,292,1097,2017
18083,39,4,43,2017
18085,179,98,277,2017
18087,152,0,152,2017
18089,1324,75,1399,2017
18091,147,10,157,2017
18093,10,6,16,2017
18095,109,60,169,2017
18097,987,645,1632,2017
18099,133,0,133,2017
18101,2,4,6,2017
18103,20,0,20,2017
18105,266,291,557,2017
18107,57,0,57,2017
18109,142,0,142,2017
18111,19,0,19,2017
18113,109,0,109,2017
18115,21,0,21,2017
18117,2,0,2,2017
18119,47,0,47,2017
18121,39,0,39,2017
18123,31,0,31,2017
18125,25,0,25,2017
18127,515,195,710,2017
18129,54,0,54,2017
18131,11,0,11,2017
18133,91,12,103,2017
18135,17,0,17,2017
18137,58,32,90,2017
18139,15,0,15,2017
18141,345,480,825,2017
18143,47,0,47,2017
18145,77,120,197,2017
18147,44,0,44,2017
18149,50,0,50,2017
18151,151,8,159,2017
18153,23,0,23,2017
18155,62,0,62,2017
18157,490,409,899,2017
18159,9,0,9,2017
18161,7,0,7,2017
18163,299,20,319,2017
18165,0,0,0,2017
18167,25,227,252,2017
18169,35,0,35,2017
18171,29,0,29,2017
18173,235,281,516,2017
18175,46,2,48,2017
18177,41,74,115,2017
18179,58,6,64,2017
18181,35,0,35,2017
18183,118,18,136,2017
19001,19,0,19,2017
19003,4,0,4,2017
19005,36,0,36,2017
19007,10,0,10,2017
19009,6,0,6,2017
19011,31,11,42,2017
19013,225,344,569,2017
19015,60,52,112,2017
19017,68,60,128,2017
19019,21,10,31,2017
19021,12,0,12,2017
19023,25,0,25,2017
19025,20,0,20,2017
19027,42,7,49,2017
19029,10,2,12,2017
19031,37,9,46,2017
19033,43,0,43,2017
19035,17,2,19,2017
19037,4,0,4,2017
19039,114,0,114,2017
19041,38,0,38,2017
19043,32,0,32,2017
19045,52,186,238,2017
19047,7,0,7,2017
19049,743,600,1343,2017
19051,3,0,3,2017
19053,4,0,4,2017
19055,5,4,9,2017
19057,22,16,38,2017
19059,197,42,239,2017
19061,221,20,241,2017
19063,10,0,10,2017
19065,21,0,21,2017
19067,15,0,15,2017
19069,6,3,9,2017
19071,10,0,10,2017
19073,7,0,7,2017
19075,11,0,11,2017
19077,22,0,22,2017
19079,4,23,27,2017
19081,10,0,10,2017
19083,7,0,7,2017
19085,43,6,49,2017
19087,36,43,79,2017
19089,1,0,1,2017
19091,11,0,11,2017
19093,12,0,12,2017
19095,9,13,22,2017
19097,37,0,37,2017
19099,63,14,77,2017
19101,19,3,22,2017
19103,585,689,1274,2017
19105,14,0,14,2017
19107,0,0,0,2017
19109,12,0,12,2017
19111,15,0,15,2017
19113,492,444,936,2017
19115,9,0,9,2017
19117,1,0,1,2017
19119,32,12,44,2017
19121,90,0,90,2017
19123,14,0,14,2017
19125,98,0,98,2017
19127,33,26,59,2017
19129,7,0,7,2017
19131,21,0,21,2017
19133,7,0,7,2017
19135,9,0,9,2017
19137,7,0,7,2017
19139,35,56,91,2017
19141,16,4,20,2017
19143,2,0,2,2017
19145,6,0,6,2017
19147,6,0,6,2017
19149,37,62,99,2017
19151,0,0,0,2017
19153,2497,2047,4544,2017
19155,127,6,133,2017
19157,24,0,24,2017
19159,1,0,1,2017
19161,7,0,7,2017
19163,321,272,593,2017
19165,17,0,17,2017
19167,81,28,109,2017
19169,257,645,902,2017
19171,19,0,19,2017
19173,4,0,4,2017
19175,3,4,7,2017
19177,2,0,2,2017
19179,23,56,79,2017
19181,345,23,368,2017
19183,53,0,53,2017
19185,0,0,0,2017
19187,19,0,19,2017
19189,1,3,4,2017
19191,49,12,61,2017
19193,163,22,185,2017
19195,3,0,3,2017
19197,21,0,21,2017
20001,9,0,9,2017
20003,12,0,12,2017
20005,4,0,4,2017
20007,0,0,0,2017
20009,12,64,76,2017
20011,8,0,8,2017
20013,2,0,2,2017
20015,174,33,207,2017
20017,1,0,1,2017
20019,0,0,0,2017
20021,1,2,3,2017
20023,0,0,0,2017
20025,0,0,0,2017
20027,6,0,6,2017
20029,0,0,0,2017
20031,33,0,33,2017
20033,0,0,0,2017
20035,33,6,39,2017
20037,56,2,58,2017
20039,0,0,0,2017
20041,17,0,17,2017
20043,5,0,5,2017
20045,288,18,306,2017
20047,1,0,1,2017
20051,46,29,75,2017
20053,3,0,3,2017
20055,29,4,33,2017
20057,43,4,47,2017
20059,34,4,38,2017
20061,12,0,12,2017
20063,0,26,26,2017
20065,0,0,0,2017
20067,2,0,2,2017
20069,7,0,7,2017
20071,0,0,0,2017
20073,1,0,1,2017
20075,1,0,1,2017
20077,0,0,0,2017
20079,119,32,151,2017
20081,0,0,0,2017
20083,3,0,3,2017
20085,14,0,14,2017
20087,51,0,51,2017
20089,1,0,1,2017
20091,2045,1425,3470,2017
20093,0,0,0,2017
20095,9,0,9,2017
20097,3,0,3,2017
20099,5,0,5,2017
20101,0,0,0,2017
20103,257,0,257,2017
20105,0,0,0,2017
20107,52,0,52,2017
20109,1,0,1,2017
20111,37,50,87,2017
20113,61,2,63,2017
20115,20,0,20,2017
20117,3,0,3,2017
20119,2,0,2,2017
20121,101,50,151,2017
20123,6,0,6,2017
20125,9,0,9,2017
20127,7,0,7,2017
20129,0,0,0,2017
20131,12,0,12,2017
20133,3,0,3,2017
20135,1,0,1,2017
20137,1,0,1,2017
20139,28,0,28,2017
20141,2,0,2,2017
20143,12,0,12,2017
20145,3,0,3,2017
20147,2,0,2,2017
20149,183,26,209,2017
20151,1,0,1,2017
20153,4,0,4,2017
20155,40,0,40,2017
20157,0,0,0,2017
20159,6,0,6,2017
20161,121,51,172,2017
20163,1,0,1,2017
20165,0,0,0,2017
20167,25,0,25,2017
20169,57,30,87,2017
20171,6,0,6,2017
20173,1304,1029,2333,2017
20175,14,14,28,2017
20177,210,8,218,2017
20181,0,0,0,2017
20183,0,0,0,2017
20185,11,0,11,2017
20187,0,0,0,2017
20189,1,0,1,2017
20191,28,3,31,2017
20193,4,0,4,2017
20195,0,0,0,2017
20197,24,0,24,2017
20199,0,0,0,2017
20201,0,0,0,2017
20203,0,0,0,2017
20205,4,0,4,2017
20207,7,0,7,2017
20209,285,26,311,2017
21001,2,0,2,2017
21003,3,8,11,2017
21005,66,0,66,2017
21009,128,16,144,2017
21011,0,0,0,2017
21013,28,0,28,2017
21015,423,232,655,2017
21017,47,10,57,2017
21019,2,2,4,2017
21021,31,7,38,2017
21025,0,0,0,2017
21027,1,0,1,2017
21029,432,33,465,2017
21031,0,0,0,2017
21033,0,0,0,2017
21035,18,74,92,2017
21037,177,99,276,2017
21041,0,0,0,2017
21043,3,0,3,2017
21045,0,0,0,2017
21047,70,24,94,2017
21049,43,43,86,2017
21051,0,0,0,2017
21053,0,0,0,2017
21055,2,0,2,2017
21057,0,0,0,2017
21059,247,14,261,2017
21065,0,0,0,2017
21067,743,605,1348,2017
21069,0,0,0,2017
21071,2,24,26,2017
21073,65,20,85,2017
21075,0,0,0,2017
21077,14,0,14,2017
21079,5,0,5,2017
21081,52,0,52,2017
21083,3,0,3,2017
21085,8,6,14,2017
21087,0,0,0,2017
21089,15,0,15,2017
21091,2,0,2,2017
21093,315,80,395,2017
21095,0,0,0,2017
21097,42,0,42,2017
21099,54,61,115,2017
21101,30,2,32,2017
21103,30,0,30,2017
21107,62,4,66,2017
21109,0,0,0,2017
21111,1260,2064,3324,2017
21113,242,16,258,2017
21115,0,3,3,2017
21117,281,32,313,2017
21121,0,0,0,2017
21123,28,2,30,2017
21125,6,2,8,2017
21133,0,0,0,2017
21135,0,0,0,2017
21137,49,0,49,2017
21141,8,7,15,2017
21143,5,4,9,2017
21145,111,18,129,2017
21147,0,0,0,2017
21149,1,0,1,2017
21151,171,77,248,2017
21155,11,20,31,2017
21157,70,14,84,2017
21161,19,2,21,2017
21163,72,10,82,2017
21167,46,0,46,2017
21173,76,17,93,2017
21175,22,0,22,2017
21177,4,4,8,2017
21179,173,38,211,2017
21181,1,0,1,2017
21183,7,34,41,2017
21185,317,0,317,2017
21187,0,4,4,2017
21191,0,0,0,2017
21193,0,0,0,2017
21195,6,0,6,2017
21197,0,0,0,2017
21199,31,0,31,2017
21205,2,25,27,2017
21207,11,16,27,2017
21209,423,48,471,2017
21211,263,240,503,2017
21213,64,52,116,2017
21215,146,0,146,2017
21217,5,5,10,2017
21219,3,2,5,2017
21221,3,0,3,2017
21225,8,2,10,2017
21227,734,525,1259,2017
21229,9,4,13,2017
21231,0,0,0,2017
21233,2,4,6,2017
21235,8,6,14,2017
21239,104,2,106,2017
22001,95,8,103,2017
22003,44,0,44,2017
22005,1046,0,1046,2017
22007,31,0,31,2017
22009,57,0,57,2017
22011,166,0,166,2017
22013,0,0,0,2017
22015,660,0,660,2017
22017,314,0,314,2017
22019,993,846,1839,2017
22021,19,0,19,2017
22023,59,0,59,2017
22025,5,0,5,2017
22027,0,0,0,2017
22029,10,0,10,2017
22031,111,0,111,2017
22033,1163,16,1179,2017
22035,0,0,0,2017
22037,58,4,62,2017
22039,45,0,45,2017
22041,19,0,19,2017
22043,56,0,56,2017
22045,70,17,87,2017
22047,112,0,112,2017
22049,31,0,31,2017
22051,457,23,480,2017
22053,132,2,134,2017
22055,1253,0,1253,2017
22057,298,0,298,2017
22059,20,0,20,2017
22061,42,192,234,2017
22063,821,14,835,2017
22065,69,0,69,2017
22067,0,0,0,2017
22069,80,2,82,2017
22071,447,213,660,2017
22073,520,92,612,2017
22075,45,0,45,2017
22077,52,0,52,2017
22079,236,10,246,2017
22081,0,0,0,2017
22083,32,2,34,2017
22085,43,0,43,2017
22087,112,0,112,2017
22089,130,0,130,2017
22091,33,8,41,2017
22093,55,0,55,2017
22095,46,0,46,2017
22097,121,0,121,2017
22099,174,0,174,2017
22101,21,0,21,2017
22103,1428,10,1438,2017
22105,796,187,983,2017
22107,10,4,14,2017
22109,133,6,139,2017
22111,140,0,140,2017
22113,154,0,154,2017
22115,54,0,54,2017
22117,89,0,89,2017
22119,40,0,40,2017
22121,262,0,262,2017
22123,9,0,9,2017
22125,39,11,50,2017
22127,0,0,0,2017
23000,93,0,93,2017
23001,169,83,252,2017
23003,65,6,71,2017
23005,977,427,1404,2017
23007,60,36,96,2017
23009,160,12,172,2017
23011,255,28,283,2017
23013,93,2,95,2017
23015,93,4,97,2017
23017,166,2,168,2017
23019,250,54,304,2017
23021,11,0,11,2017
23023,122,2,124,2017
23025,61,4,65,2017
23027,93,0,93,2017
23029,41,0,41,2017
23031,874,115,989,2017
24001,21,0,21,2017
24003,1825,581,2406,2017
24005,970,406,1376,2017
24009,263,0,263,2017
24011,55,0,55,2017
24013,308,4,312,2017
24015,99,0,99,2017
24017,682,0,682,2017
24019,41,2,43,2017
24021,1566,327,1893,2017
24023,67,0,67,2017
24025,708,178,886,2017
24027,817,402,1219,2017
24029,33,0,33,2017
24031,1054,583,1637,2017
24033,1714,904,2618,2017
24035,203,0,203,2017
24037,1164,0,1164,2017
24039,16,0,16,2017
24041,74,0,74,2017
24043,246,62,308,2017
24045,125,4,129,2017
24047,164,118,282,2017
24510,169,269,438,2017
25001,489,382,871,2017
25003,90,104,194,2017
25005,741,116,857,2017
25007,134,6,140,2017
25009,624,526,1150,2017
25011,66,9,75,2017
25013,226,6,232,2017
25015,215,74,289,2017
25017,1485,2197,3682,2017
25019,170,8,178,2017
25021,723,1016,1739,2017
25023,1092,360,1452,2017
25025,60,5175,5235,2017
25027,1163,471,1634,2017
26000,68,0,68,2017
26001,26,0,26,2017
26003,16,0,16,2017
26005,383,8,391,2017
26007,23,0,23,2017
26009,53,0,53,2017
26011,5,0,5,2017
26013,5,0,5,2017
26015,217,0,217,2017
26017,62,8,70,2017
26019,77,0,77,2017
26021,224,13,237,2017
26023,82,2,84,2017
26025,78,6,84,2017
26027,134,0,134,2017
26029,102,0,102,2017
26031,99,0,99,2017
26033,38,0,38,2017
26035,16,0,16,2017
26037,138,84,222,2017
26039,19,0,19,2017
26041,32,0,32,2017
26043,25,12,37,2017
26045,121,28,149,2017
26047,82,0,82,2017
26049,404,30,434,2017
26051,0,0,0,2017
26053,12,0,12,2017
26055,449,125,574,2017
26057,30,0,30,2017
26059,48,40,88,2017
26061,68,125,193,2017
26063,33,0,33,2017
26065,274,262,536,2017
26067,93,0,93,2017
26069,34,0,34,2017
26071,14,0,14,2017
26073,59,34,93,2017
26075,183,10,193,2017
26077,431,457,888,2017
26079,37,0,37,2017
26081,1369,1246,2615,2017
26083,8,0,8,2017
26085,62,0,62,2017
26087,157,8,165,2017
26089,151,0,151,2017
26091,105,0,105,2017
26093,667,159,826,2017
26095,7,0,7,2017
26097,115,19,134,2017
26099,1877,666,2543,2017
26101,8,0,8,2017
26103,72,47,119,2017
26105,76,92,168,2017
26107,67,6,73,2017
26109,37,0,37,2017
26111,118,24,142,2017
26113,22,0,22,2017
26115,298,152,450,2017
26117,132,0,132,2017
26119,0,0,0,2017
26121,257,0,257,2017
26123,93,0,93,2017
26125,2744,963,3707,2017
26127,7,0,7,2017
26129,30,0,30,2017
26131,12,0,12,2017
26133,27,0,27,2017
26135,21,0,21,2017
26137,18,0,18,2017
26139,1235,640,1875,2017
26141,26,0,26,2017
26143,31,0,31,2017
26145,182,153,335,2017
26147,223,96,319,2017
26149,64,0,64,2017
26151,51,0,51,2017
26153,6,0,6,2017
26155,46,0,46,2017
26157,36,0,36,2017
26159,148,0,148,2017
26161,583,74,657,2017
26163,1170,1359,2529,2017
26165,0,23,23,2017
27001,168,0,168,2017
27003,1045,362,1407,2017
27005,178,55,233,2017
27007,83,121,204,2017
27009,95,0,95,2017
27011,4,0,4,2017
27013,258,166,424,2017
27015,42,43,85,2017
27017,83,0,83,2017
27019,626,18,644,2017
27021,201,8,209,2017
27023,9,0,9,2017
27025,235,4,239,2017
27027,164,45,209,2017
27029,2,0,2,2017
27031,90,3,93,2017
27033,8,0,8,2017
27035,346,30,376,2017
27037,1175,977,2152,2017
27039,86,0,86,2017
27041,148,86,234,2017
27043,2,0,2,2017
27045,80,2,82,2017
27047,33,0,33,2017
27049,93,4,97,2017
27051,1,0,1,2017
27053,1930,3414,5344,2017
27055,43,2,45,2017
27057,22,90,112,2017
27059,270,0,270,2017
27061,74,2,76,2017
27063,13,0,13,2017
27065,39,24,63,2017
27067,91,37,128,2017
27069,2,0,2,2017
27071,22,0,22,2017
27073,11,0,11,2017
27075,52,0,52,2017
27077,36,0,36,2017
27079,77,2,79,2017
27081,5,0,5,2017
27083,26,18,44,2017
27085,56,58,114,2017
27087,0,0,0,2017
27089,8,0,8,2017
27091,19,0,19,2017
27093,74,32,106,2017
27095,56,8,64,2017
27097,94,6,100,2017
27099,37,0,37,2017
27101,20,0,20,2017
27103,84,8,92,2017
27105,12,33,45,2017
27107,13,0,13,2017
27109,596,629,1225,2017
27111,91,55,146,2017
27113,12,0,12,2017
27115,110,2,112,2017
27117,13,4,17,2017
27119,92,4,96,2017
27121,29,32,61,2017
27123,222,425,647,2017
27125,3,2,5,2017
27127,15,0,15,2017
27129,12,0,12,2017
27131,166,6,172,2017
27133,25,3,28,2017
27135,15,31,46,2017
27137,343,153,496,2017
27139,562,497,1059,2017
27141,447,4,451,2017
27143,21,4,25,2017
27145,419,305,724,2017
27147,65,70,135,2017
27149,11,6,17,2017
27151,10,0,10,2017
27153,68,4,72,2017
27155,4,2,6,2017
27157,56,0,56,2017
27159,18,0,18,2017
27161,5,0,5,2017
27163,811,517,1328,2017
27165,10,0,10,2017
27167,11,24,35,2017
27169,70,2,72,2017
27171,727,4,731,2017
27173,8,2,10,2017
28001,15,0,15,2017
28003,12,0,12,2017
28005,1,0,1,2017
28007,3,0,3,2017
28009,0,0,0,2017
28011,29,0,29,2017
28013,3,0,3,2017
28017,1,0,1,2017
28019,1,0,1,2017
28021,0,0,0,2017
28023,0,0,0,2017
28025,5,8,13,2017
28027,18,0,18,2017
28029,4,0,4,2017
28031,1,0,1,2017
28033,1334,29,1363,2017
28035,110,0,110,2017
28037,0,0,0,2017
28039,0,0,0,2017
28041,0,0,0,2017
28043,0,0,0,2017
28045,434,130,564,2017
28047,978,9,987,2017
28049,207,0,207,2017
28051,5,4,9,2017
28053,0,0,0,2017
28057,9,0,9,2017
28059,387,0,387,2017
28061,0,0,0,2017
28063,0,0,0,2017
28065,0,0,0,2017
28067,20,0,20,2017
28071,360,309,669,2017
28073,24,0,24,2017
28075,42,2,44,2017
28077,0,0,0,2017
28079,0,0,0,2017
28081,135,0,135,2017
28083,0,0,0,2017
28085,6,0,6,2017
28087,127,0,127,2017
28089,638,56,694,2017
28091,0,0,0,2017
28093,170,0,170,2017
28095,3,0,3,2017
28097,11,71,82,2017
28099,0,0,0,2017
28101,0,0,0,2017
28103,0,0,0,2017
28105,72,10,82,2017
28107,12,0,12,2017
28109,236,13,249,2017
28111,0,0,0,2017
28113,1,214,215,2017
28115,29,25,54,2017
28117,13,0,13,2017
28119,1,0,1,2017
28121,788,16,804,2017
28123,5,0,5,2017
28125,3,0,3,2017
28127,34,0,34,2017
28129,3,0,3,2017
28131,46,0,46,2017
28133,6,0,6,2017
28135,1,0,1,2017
28137,100,0,100,2017
28139,6,0,6,2017
28141,5,0,5,2017
28143,9,0,9,2017
28145,13,2,15,2017
28147,0,0,0,2017
28149,6,0,6,2017
28151,27,42,69,2017
28153,2,10,12,2017
28155,3,0,3,2017
28157,0,0,0,2017
28159,4,0,4,2017
28161,13,0,13,2017
28163,0,0,0,2017
29001,83,4,87,2017
29003,1,2,3,2017
29005,0,0,0,2017
29007,14,42,56,2017
29009,35,40,75,2017
29011,0,0,0,2017
29013,1,0,1,2017
29015,3,0,3,2017
29017,0,0,0,2017
29019,769,865,1634,2017
29021,91,6,97,2017
29023,4,4,8,2017
29025,31,0,31,2017
29027,71,0,71,2017
29029,141,18,159,2017
29031,260,338,598,2017
29033,11,0,11,2017
29035,0,0,0,2017
29037,473,182,655,2017
29039,10,0,10,2017
29041,2,0,2,2017
29043,565,16,581,2017
29045,5,0,5,2017
29047,426,43,469,2017
29049,55,6,61,2017
29051,166,25,191,2017
29053,3,0,3,2017
29055,7,4,11,2017
29057,2,0,2,2017
29059,1,0,1,2017
29061,1,0,1,2017
29063,4,0,4,2017
29065,0,0,0,2017
29067,2,0,2,2017
29069,19,0,19,2017
29071,388,52,440,2017
29073,4,0,4,2017
29075,8,0,8,2017
29077,716,506,1222,2017
29079,4,0,4,2017
29081,0,0,0,2017
29083,7,2,9,2017
29087,3,0,3,2017
29089,2,4,6,2017
29091,19,0,19,2017
29093,1,2,3,2017
29095,1821,2168,3989,2017
29097,412,312,724,2017
29099,734,10,744,2017
29101,35,54,89,2017
29103,0,0,0,2017
29105,57,26,83,2017
29107,36,0,36,2017
29109,9,0,9,2017
29111,3,0,3,2017
29113,143,6,149,2017
29115,1,0,1,2017
29117,21,4,25,2017
29119,5,0,5,2017
29121,13,0,13,2017
29123,6,0,6,2017
29125,2,0,2,2017
29127,42,6,48,2017
29129,0,0,0,2017
29131,13,0,13,2017
29133,10,0,10,2017
29135,3,0,3,2017
29137,0,0,0,2017
29139,28,0,28,2017
29141,2,0,2,2017
29143,3,0,3,2017
29145,33,8,41,2017
29147,22,21,43,2017
29149,1,0,1,2017
29151,3,54,57,2017
29153,1,4,5,2017
29155,6,7,13,2017
29157,39,4,43,2017
29159,12,4,16,2017
29161,41,64,105,2017
29163,13,0,13,2017
29165,326,0,326,2017
29167,18,6,24,2017
29169,54,0,54,2017
29171,1,0,1,2017
29173,2,0,2,2017
29175,22,0,22,2017
29177,42,0,42,2017
29179,0,0,0,2017
29181,0,14,14,2017
29183,1550,448,1998,2017
29185,1,0,1,2017
29186,3,0,3,2017
29187,84,205,289,2017
29189,1174,310,1484,2017
29195,9,4,13,2017
29197,4,0,4,2017
29199,2,0,2,2017
29201,45,9,54,2017
29203,0,0,0,2017
29205,1,0,1,2017
29207,8,32,40,2017
29209,163,0,163,2017
29211,0,0,0,2017
29213,173,36,209,2017
29215,2,9,11,2017
29217,10,2,12,2017
29219,282,0,282,2017
29221,0,0,0,2017
29223,0,0,0,2017
29225,52,24,76,2017
29227,0,0,0,2017
29229,8,0,8,2017
29510,95,690,785,2017
30000,0,0,0,2017
30001,2,8,10,2017
30003,1,0,1,2017
30005,1,2,3,2017
30007,0,0,0,2017
30009,7,0,7,2017
30011,7,0,7,2017
30013,197,8,205,2017
30015,13,0,13,2017
30017,2,0,2,2017
30019,0,0,0,2017
30021,1,0,1,2017
30023,12,0,12,2017
30025,10,37,47,2017
30027,3,0,3,2017
30029,224,137,361,2017
30031,1045,567,1612,2017
30033,0,0,0,2017
30035,0,0,0,2017
30041,1,0,1,2017
30043,6,0,6,2017
30047,8,53,61,2017
30049,44,102,146,2017
30053,10,0,10,2017
30055,0,0,0,2017
30057,5,0,5,2017
30061,0,0,0,2017
30063,395,577,972,2017
30065,2,0,2,2017
30067,23,36,59,2017
30071,2,0,2,2017
30073,0,0,0,2017
30077,36,0,36,2017
30081,17,8,25,2017
30083,11,3,14,2017
30085,4,0,4,2017
30087,0,0,0,2017
30089,0,0,0,2017
30091,0,0,0,2017
30093,70,0,70,2017
30095,0,0,0,2017
30097,2,0,2,2017
30099,1,0,1,2017
30101,0,0,0,2017
30105,5,0,5,2017
30109,9,0,9,2017
30111,985,233,1218,2017
31001,57,0,57,2017
31003,11,13,24,2017
31011,0,0,0,2017
31013,0,0,0,2017
31015,2,0,2,2017
31017,0,0,0,2017
31019,122,43,165,2017
31021,4,0,4,2017
31023,14,12,26,2017
31025,131,2,133,2017
31027,13,0,13,2017
31029,10,0,10,2017
31031,18,0,18,2017
31033,2,0,2,2017
31035,12,4,16,2017
31037,18,0,18,2017
31039,14,2,16,2017
31041,6,0,6,2017
31043,35,0,35,2017
31045,9,4,13,2017
31047,19,56,75,2017
31049,0,0,0,2017
31051,5,0,5,2017
31053,70,0,70,2017
31055,1703,1699,3402,2017
31057,0,0,0,2017
31059,8,2,10,2017
31061,0,0,0,2017
31063,2,0,2,2017
31065,1,0,1,2017
31067,47,37,84,2017
31069,4,0,4,2017
31071,5,2,7,2017
31073,3,0,3,2017
31075,0,0,0,2017
31077,7,0,7,2017
31079,127,86,213,2017
31081,32,0,32,2017
31083,10,0,10,2017
31085,2,0,2,2017
31087,0,0,0,2017
31089,8,2,10,2017
31091,1,0,1,2017
31093,29,0,29,2017
31095,8,0,8,2017
31097,3,0,3,2017
31099,11,2,13,2017
31101,15,0,15,2017
31103,1,0,1,2017
31105,2,0,2,2017
31107,18,4,22,2017
31109,1215,1235,2450,2017
31111,47,14,61,2017
31115,5,0,5,2017
31117,0,0,0,2017
31119,62,16,78,2017
31121,8,0,8,2017
31123,2,0,2,2017
31125,5,0,5,2017
31127,1,0,1,2017
31129,3,0,3,2017
31131,37,0,37,2017
31133,4,22,26,2017
31135,3,0,3,2017
31137,13,18,31,2017
31139,13,2,15,2017
31141,52,20,72,2017
31143,10,0,10,2017
31145,3,2,5,2017
31147,1,0,1,2017
31149,3,0,3,2017
31151,23,10,33,2017
31153,938,78,1016,2017
31155,124,6,130,2017
31157,17,2,19,2017
31159,56,2,58,2017
31161,3,0,3,2017
31163,1,0,1,2017
31165,2,0,2,2017
31167,11,0,11,2017
31169,9,0,9,2017
31171,0,0,0,2017
31173,0,0,0,2017
31175,6,0,6,2017
31177,85,0,85,2017
31179,35,30,65,2017
31181,2,0,2,2017
31183,7,0,7,2017
31185,11,0,11,2017
32001,32,0,32,2017
32003,9812,4261,14073,2017
32005,173,24,197,2017
32007,161,0,161,2017
32013,17,0,17,2017
32015,0,0,0,2017
32017,9,0,9,2017
32019,346,0,346,2017
32021,0,0,0,2017
32027,4,0,4,2017
32029,10,0,10,2017
32031,2081,2473,4554,2017
32033,3,0,3,2017
32510,118,20,138,2017
33001,178,4,182,2017
33003,213,2,215,2017
33005,96,8,104,2017
33007,42,8,50,2017
33009,153,40,193,2017
33011,717,316,1033,2017
33013,287,2,289,2017
33015,625,354,979,2017
33017,340,180,520,2017
33019,60,0,60,2017
34001,304,786,1090,2017
34003,833,2168,3001,2017
34005,751,382,1133,2017
34007,186,1214,1400,2017
34009,542,267,809,2017
34011,88,0,88,2017
34013,353,1964,2317,2017
34015,387,349,736,2017
34017,243,4830,5073,2017
34019,146,141,287,2017
34021,152,453,605,2017
34023,799,1931,2730,2017
34025,888,586,1474,2017
34027,658,990,1648,2017
34029,2791,636,3427,2017
34031,164,404,568,2017
34033,40,0,40,2017
34035,344,386,730,2017
34037,74,32,106,2017
34039,343,742,1085,2017
34041,62,92,154,2017
35000,383,0,383,2017
35001,1236,186,1422,2017
35005,66,4,70,2017
35007,18,0,18,2017
35009,52,32,84,2017
35013,803,323,1126,2017
35015,150,0,150,2017
35017,11,0,11,2017
35025,82,0,82,2017
35027,78,0,78,2017
35028,16,8,24,2017
35029,18,0,18,2017
35031,10,0,10,2017
35035,4,0,4,2017
35039,0,0,0,2017
35041,18,0,18,2017
35043,650,74,724,2017
35045,91,0,91,2017
35047,1,0,1,2017
35049,221,0,221,2017
35051,1,0,1,2017
35053,3,0,3,2017
35055,92,0,92,2017
35061,110,0,110,2017
36001,276,485,761,2017
36003,44,0,44,2017
36005,9,5392,5401,2017
36007,82,276,358,2017
36009,80,8,88,2017
36011,97,0,97,2017
36013,90,32,122,2017
36015,27,74,101,2017
36017,46,133,179,2017
36019,89,75,164,2017
36021,92,6,98,2017
36023,22,2,24,2017
36025,49,0,49,2017
36027,252,237,489,2017
36029,777,642,1419,2017
36031,107,0,107,2017
36033,107,0,107,2017
36035,48,0,48,2017
36037,34,2,36,2017
36039,81,2,83,2017
36041,31,4,35,2017
36043,56,0,56,2017
36045,141,0,141,2017
36047,82,6048,6130,2017
36049,59,0,59,2017
36051,37,100,137,2017
36053,67,32,99,2017
36055,712,385,1097,2017
36057,49,0,49,2017
36059,943,544,1487,2017
36061,4,4777,4781,2017
36063,202,36,238,2017
36065,137,154,291,2017
36067,373,570,943,2017
36069,284,99,383,2017
36071,558,463,1021,2017
36073,17,0,17,2017
36075,117,0,117,2017
36077,35,2,37,2017
36079,36,15,51,2017
36081,113,4991,5104,2017
36083,109,66,175,2017
36085,275,410,685,2017
36087,107,485,592,2017
36089,119,9,128,2017
36091,708,414,1122,2017
36093,93,167,260,2017
36095,26,2,28,2017
36097,56,0,56,2017
36099,24,2,26,2017
36101,155,67,222,2017
36103,842,296,1138,2017
36105,250,43,293,2017
36107,46,0,46,2017
36109,115,353,468,2017
36111,201,135,336,2017
36113,172,2,174,2017
36115,88,2,90,2017
36117,75,9,84,2017
36119,346,821,1167,2017
36121,32,120,152,2017
36123,60,0,60,2017
37001,1030,193,1223,2017
37003,82,5,87,2017
37005,18,0,18,2017
37007,43,0,43,2017
37009,95,0,95,2017
37011,92,0,92,2017
37013,179,0,179,2017
37015,12,0,12,2017
37017,41,0,41,2017
37019,2812,530,3342,2017
37021,1316,584,1900,2017
37023,149,38,187,2017
37025,1560,97,1657,2017
37027,108,0,108,2017
37029,52,0,52,2017
37031,411,220,631,2017
37033,38,0,38,2017
37035,386,112,498,2017
37037,748,0,748,2017
37039,164,0,164,2017
37041,21,0,21,2017
37043,45,0,45,2017
37045,170,4,174,2017
37047,41,48,89,2017
37049,257,0,257,2017
37051,655,61,716,2017
37053,327,0,327,2017
37055,306,0,306,2017
37057,576,122,698,2017
37059,145,82,227,2017
37061,49,0,49,2017
37063,1905,1179,3084,2017
37065,42,0,42,2017
37067,1988,777,2765,2017
37069,588,2,590,2017
37071,1087,49,1136,2017
37073,100,0,100,2017
37075,23,0,23,2017
37077,270,12,282,2017
37079,22,0,22,2017
37081,1516,895,2411,2017
37083,54,48,102,2017
37085,650,0,650,2017
37087,184,0,184,2017
37089,512,84,596,2017
37091,8,0,8,2017
37093,219,0,219,2017
37095,15,0,15,2017
37097,1298,518,1816,2017
37099,212,18,230,2017
37101,2251,4,2255,2017
37103,19,0,19,2017
37105,188,0,188,2017
37107,25,4,29,2017
37109,863,200,1063,2017
37111,112,0,112,2017
37113,93,0,93,2017
37115,91,0,91,2017
37117,19,0,19,2017
37119,5127,6089,11216,2017
37121,28,0,28,2017
37123,54,0,54,2017
37125,712,8,720,2017
37127,173,0,173,2017
37129,1701,557,2258,2017
37131,38,0,38,2017
37133,917,88,1005,2017
37135,525,477,1002,2017
37137,19,0,19,2017
37139,118,0,118,2017
37141,492,12,504,2017
37143,34,0,34,2017
37145,90,0,90,2017
37147,603,534,1137,2017
37149,93,0,93,2017
37151,324,4,328,2017
37153,122,109,231,2017
37155,115,8,123,2017
37157,172,144,316,2017
37159,403,0,403,2017
37161,131,2,133,2017
37163,137,14,151,2017
37165,15,0,15,2017
37167,263,0,263,2017
37169,69,0,69,2017
37171,113,0,113,2017
37173,56,0,56,2017
37175,112,0,112,2017
37177,3,0,3,2017
37179,1537,0,1537,2017
37181,60,0,60,2017
37183,7913,3422,11335,2017
37185,37,4,41,2017
37187,6,0,6,2017
37189,152,173,325,2017
37191,272,8,280,2017
37193,120,0,120,2017
37195,206,142,348,2017
37197,6,0,6,2017
37199,16,0,16,2017
38001,0,0,0,2017
38003,18,87,105,2017
38005,1,0,1,2017
38007,6,0,6,2017
38009,5,0,5,2017
38011,5,0,5,2017
38013,3,0,3,2017
38015,373,60,433,2017
38017,901,781,1682,2017
38019,3,0,3,2017
38021,2,0,2,2017
38023,1,0,1,2017
38025,15,0,15,2017
38027,0,2,2,2017
38029,4,0,4,2017
38031,6,0,6,2017
38033,4,0,4,2017
38035,135,186,321,2017
38037,3,4,7,2017
38039,3,0,3,2017
38041,1,0,1,2017
38043,2,0,2,2017
38045,3,0,3,2017
38047,1,0,1,2017
38049,5,2,7,2017
38051,0,0,0,2017
38053,13,108,121,2017
38055,45,0,45,2017
38057,5,0,5,2017
38059,138,58,196,2017
38061,27,0,27,2017
38063,1,0,1,2017
38065,3,0,3,2017
38067,2,0,2,2017
38069,9,0,9,2017
38071,4,0,4,2017
38073,4,0,4,2017
38075,0,0,0,2017
38077,34,0,34,2017
38079,1,0,1,2017
38081,18,0,18,2017
38083,5,0,5,2017
38085,0,0,0,2017
38087,0,0,0,2017
38089,90,0,90,2017
38091,2,0,2,2017
38093,23,0,23,2017
38095,0,0,0,2017
38097,12,0,12,2017
38099,1,0,1,2017
38101,117,12,129,2017
38103,0,0,0,2017
38105,57,0,57,2017
39001,6,4,10,2017
39003,66,158,224,2017
39005,61,0,61,2017
39007,80,22,102,2017
39009,16,10,26,2017
39011,120,73,193,2017
39013,4,2,6,2017
39015,71,0,71,2017
39017,737,80,817,2017
39019,0,0,0,2017
39021,39,0,39,2017
39023,69,52,121,2017
39025,450,502,952,2017
39027,44,3,47,2017
39029,28,52,80,2017
39031,3,0,3,2017
39033,3,0,3,2017
39035,728,99,827,2017
39037,45,0,45,2017
39039,31,7,38,2017
39041,1144,175,1319,2017
39043,86,10,96,2017
39045,442,229,671,2017
39047,38,0,38,2017
39049,1719,4135,5854,2017
39051,45,0,45,2017
39053,3,2,5,2017
39055,166,87,253,2017
39057,450,166,616,2017
39059,35,0,35,2017
39061,787,831,1618,2017
39063,102,2,104,2017
39065,52,2,54,2017
39067,0,0,0,2017
39069,24,0,24,2017
39071,12,0,12,2017
39073,2,4,6,2017
39075,5,0,5,2017
39077,33,6,39,2017
39079,62,0,62,2017
39081,4,0,4,2017
39083,120,12,132,2017
39085,409,82,491,2017
39087,15,0,15,2017
39089,259,4,263,2017
39091,65,0,65,2017
39093,766,198,964,2017
39095,386,261,647,2017
39097,43,0,43,2017
39099,139,0,139,2017
39101,47,2,49,2017
39103,680,12,692,2017
39105,14,0,14,2017
39107,70,24,94,2017
39109,186,0,186,2017
39111,0,0,0,2017
39113,447,2,449,2017
39115,36,0,36,2017
39117,69,0,69,2017
39119,58,6,64,2017
39121,27,0,27,2017
39123,114,0,114,2017
39125,38,2,40,2017
39127,36,2,38,2017
39129,162,40,202,2017
39131,89,0,89,2017
39133,278,19,297,2017
39135,35,0,35,2017
39137,52,0,52,2017
39139,70,7,77,2017
39141,16,0,16,2017
39143,48,0,48,2017
39145,4,0,4,2017
39147,28,0,28,2017
39149,81,0,81,2017
39151,445,80,525,2017
39153,623,0,623,2017
39155,84,14,98,2017
39157,82,8,90,2017
39159,419,8,427,2017
39161,18,2,20,2017
39163,0,0,0,2017
39165,1298,241,1539,2017
39167,12,3,15,2017
39169,158,16,174,2017
39171,23,0,23,2017
39173,273,6,279,2017
39175,19,0,19,2017
40001,13,0,13,2017
40003,0,0,0,2017
40005,37,6,43,2017
40007,0,0,0,2017
40009,28,0,28,2017
40011,1,0,1,2017
40013,70,31,101,2017
40015,2,4,6,2017
40017,284,34,318,2017
40019,124,0,124,2017
40021,59,25,84,2017
40023,0,0,0,2017
40025,0,0,0,2017
40027,615,123,738,2017
40029,0,0,0,2017
40031,81,2,83,2017
40033,1,0,1,2017
40035,11,0,11,2017
40037,87,0,87,2017
40039,65,48,113,2017
40041,32,0,32,2017
40045,0,0,0,2017
40047,59,36,95,2017
40049,13,0,13,2017
40051,92,0,92,2017
40053,2,0,2,2017
40055,4,0,4,2017
40059,0,0,0,2017
40061,4,0,4,2017
40063,2,0,2,2017
40065,21,0,21,2017
40069,3,0,3,2017
40071,8,52,60,2017
40073,16,0,16,2017
40075,1,0,1,2017
40077,1,0,1,2017
40079,27,21,48,2017
40081,6,0,6,2017
40083,14,4,18,2017
40085,0,0,0,2017
40087,359,0,359,2017
40089,4,0,4,2017
40091,4,8,12,2017
40093,6,0,6,2017
40095,5,15,20,2017
40097,14,0,14,2017
40099,26,4,30,2017
40101,18,0,18,2017
40103,0,0,0,2017
40105,4,0,4,2017
40107,0,0,0,2017
40109,3762,126,3888,2017
40111,2,0,2,2017
40113,143,8,151,2017
40115,9,2,11,2017
40117,2,0,2,2017
40119,97,335,432,2017
40121,17,2,19,2017
40123,25,0,25,2017
40125,88,12,100,2017
40127,0,0,0,2017
40129,0,0,0,2017
40131,428,31,459,2017
40133,9,0,9,2017
40135,57,32,89,2017
40137,8,0,8,2017
40139,3,4,7,2017
40141,2,0,2,2017
40143,2043,400,2443,2017
40145,455,45,500,2017
40147,34,215,249,2017
40149,0,0,0,2017
40151,2,0,2,2017
40153,10,48,58,2017
41000,162,0,162,2017
41001,22,0,22,2017
41003,116,20,136,2017
41005,1228,474,1702,2017
41007,128,40,168,2017
41009,164,8,172,2017
41011,32,0,32,2017
41013,128,0,128,2017
41015,43,0,43,2017
41017,1777,278,2055,2017
41019,238,6,244,2017
41025,12,0,12,2017
41027,83,24,107,2017
41029,724,81,805,2017
41031,112,0,112,2017
41033,228,22,250,2017
41035,98,35,133,2017
41037,13,0,13,2017
41039,821,21,842,2017
41041,161,6,167,2017
41043,481,58,539,2017
41045,23,0,23,2017
41047,613,733,1346,2017
41049,21,0,21,2017
41051,838,6217,7055,2017
41053,177,32,209,2017
41057,122,0,122,2017
41059,113,26,139,2017
41061,34,2,36,2017
41063,49,0,49,2017
41067,1516,1348,2864,2017
41071,327,18,345,2017
42001,249,0,249,2017
42003,1226,764,1990,2017
42005,17,0,17,2017
42007,146,51,197,2017
42009,74,0,74,2017
42011,399,12,411,2017
42013,88,26,114,2017
42015,53,0,53,2017
42017,935,50,985,2017
42019,728,372,1100,2017
42021,81,2,83,2017
42023,0,0,0,2017
42025,48,0,48,2017
42027,319,148,467,2017
42029,1214,31,1245,2017
42031,17,0,17,2017
42033,55,0,55,2017
42035,41,0,41,2017
42037,79,59,138,2017
42039,80,0,80,2017
42041,818,134,952,2017
42043,352,160,512,2017
42045,411,170,581,2017
42047,37,0,37,2017
42049,215,50,265,2017
42051,171,82,253,2017
42053,0,0,0,2017
42055,342,70,412,2017
42057,26,0,26,2017
42059,38,0,38,2017
42061,47,0,47,2017
42063,48,2,50,2017
42065,50,0,50,2017
42067,78,0,78,2017
42069,183,75,258,2017
42071,979,457,1436,2017
42073,48,62,110,2017
42075,283,83,366,2017
42077,495,52,547,2017
42079,220,80,300,2017
42081,133,4,137,2017
42083,21,0,21,2017
42085,87,0,87,2017
42087,64,0,64,2017
42089,248,0,248,2017
42091,1089,978,2067,2017
42093,26,5,31,2017
42095,333,36,369,2017
42097,51,15,66,2017
42099,100,0,100,2017
42101,783,2606,3389,2017
42103,86,0,86,2017
42105,8,0,8,2017
42107,105,0,105,2017
42109,84,0,84,2017
42111,67,4,71,2017
42113,10,0,10,2017
42115,40,6,46,2017
42117,35,0,35,2017
42119,77,2,79,2017
42121,34,0,34,2017
42123,20,2,22,2017
42125,337,49,386,2017
42127,112,0,112,2017
42129,363,22,385,2017
42131,22,0,22,2017
42133,678,160,838,2017
44001,40,2,42,2017
44003,165,10,175,2017
44005,142,11,153,2017
44007,360,46,406,2017
44009,274,103,377,2017
45001,36,0,36,2017
45003,810,336,1146,2017
45005,7,0,7,2017
45007,891,40,931,2017
45009,11,0,11,2017
45011,8,0,8,2017
45013,1779,241,2020,2017
45015,1429,384,1813,2017
45017,24,0,24,2017
45019,2673,2115,4788,2017
45021,128,60,188,2017
45023,32,0,32,2017
45025,65,2,67,2017
45027,34,13,47,2017
45029,55,0,55,2017
45031,110,0,110,2017
45033,25,0,25,2017
45035,624,42,666,2017
45037,103,0,103,2017
45039,51,0,51,2017
45041,401,510,911,2017
45043,323,240,563,2017
45045,2937,606,3543,2017
45047,121,13,134,2017
45049,9,0,9,2017
45051,4656,589,5245,2017
45053,255,0,255,2017
45055,262,0,262,2017
45057,976,0,976,2017
45059,139,0,139,2017
45061,10,0,10,2017
45063,1697,200,1897,2017
45065,49,0,49,2017
45067,34,8,42,2017
45069,15,0,15,2017
45071,109,0,109,2017
45073,444,50,494,2017
45075,53,0,53,2017
45077,491,195,686,2017
45079,2004,357,2361,2017
45081,34,0,34,2017
45083,2293,0,2293,2017
45085,222,0,222,2017
45087,23,0,23,2017
45089,35,0,35,2017
45091,2364,669,3033,2017
46003,8,3,11,2017
46005,18,89,107,2017
46007,1,0,1,2017
46009,11,2,13,2017
46011,148,34,182,2017
46013,76,72,148,2017
46015,6,10,16,2017
46017,0,0,0,2017
46019,34,13,47,2017
46021,0,0,0,2017
46023,28,0,28,2017
46025,11,0,11,2017
46027,36,4,40,2017
46029,72,57,129,2017
46031,0,0,0,2017
46033,64,2,66,2017
46035,46,12,58,2017
46037,22,0,22,2017
46039,2,0,2,2017
46041,0,0,0,2017
46043,10,0,10,2017
46045,8,0,8,2017
46047,10,0,10,2017
46049,9,0,9,2017
46051,25,0,25,2017
46053,7,0,7,2017
46055,0,0,0,2017
46057,41,8,49,2017
46059,6,0,6,2017
46061,12,0,12,2017
46063,3,0,3,2017
46065,28,12,40,2017
46067,5,0,5,2017
46069,0,0,0,2017
46071,1,0,1,2017
46073,1,0,1,2017
46075,5,4,9,2017
46077,26,0,26,2017
46079,34,4,38,2017
46081,191,2,193,2017
46083,150,135,285,2017
46085,11,0,11,2017
46087,19,2,21,2017
46089,1,0,1,2017
46091,18,0,18,2017
46093,115,38,153,2017
46095,2,0,2,2017
46097,3,0,3,2017
46099,1344,1242,2586,2017
46101,16,2,18,2017
46103,381,179,560,2017
46105,0,0,0,2017
46107,0,0,0,2017
46109,30,4,34,2017
46111,7,0,7,2017
46115,14,0,14,2017
46117,16,0,16,2017
46119,6,0,6,2017
46121,0,0,0,2017
46123,1,0,1,2017
46125,20,2,22,2017
46127,143,6,149,2017
46129,5,4,9,2017
46135,79,79,158,2017
47001,141,0,141,2017
47003,233,4,237,2017
47005,23,0,23,2017
47007,0,0,0,2017
47009,724,163,887,2017
47011,335,120,455,2017
47013,237,2,239,2017
47015,15,0,15,2017
47017,6,0,6,2017
47019,109,4,113,2017
47021,293,0,293,2017
47023,22,2,24,2017
47025,91,24,115,2017
47027,17,0,17,2017
47029,0,0,0,2017
47031,290,26,316,2017
47033,21,0,21,2017
47035,285,0,285,2017
47037,3971,2439,6410,2017
47039,0,0,0,2017
47041,68,0,68,2017
47043,320,0,320,2017
47045,58,6,64,2017
47047,315,0,315,2017
47049,0,0,0,2017
47051,182,26,208,2017
47053,91,2,93,2017
47055,96,2,98,2017
47057,47,0,47,2017
47059,125,7,132,2017
47061,4,0,4,2017
47063,129,4,133,2017
47065,1446,687,2133,2017
47067,0,0,0,2017
47069,24,0,24,2017
47071,9,2,11,2017
47073,112,0,112,2017
47075,14,0,14,2017
47077,8,0,8,2017
47079,14,4,18,2017
47081,67,0,67,2017
47083,1,0,1,2017
47085,10,0,10,2017
47087,0,0,0,2017
47089,123,12,135,2017
47091,1,0,1,2017
47093,1761,1037,2798,2017
47095,4,0,4,2017
47097,22,0,22,2017
47099,7,4,11,2017
47101,7,0,7,2017
47103,18,0,18,2017
47105,357,0,357,2017
47107,14,0,14,2017
47109,6,0,6,2017
47111,104,3,107,2017
47113,225,170,395,2017
47115,129,0,129,2017
47117,143,0,143,2017
47119,1396,116,1512,2017
47121,36,0,36,2017
47123,95,0,95,2017
47125,1485,231,1716,2017
47127,19,0,19,2017
47129,0,0,0,2017
47131,12,0,12,2017
47133,2,0,2,2017
47135,6,0,6,2017
47139,184,0,184,2017
47141,407,136,543,2017
47143,95,2,97,2017
47145,8,0,8,2017
47147,444,274,718,2017
47149,2306,1263,3569,2017
47151,3,0,3,2017
47153,6,0,6,2017
47155,671,130,801,2017
47157,1054,638,1692,2017
47159,69,0,69,2017
47161,4,0,4,2017
47163,258,313,571,2017
47165,1294,1074,2368,2017
47167,159,0,159,2017
47169,69,19,88,2017
47171,9,0,9,2017
47173,97,0,97,2017
47175,2,0,2,2017
47177,77,0,77,2017
47179,520,54,574,2017
47181,1,0,1,2017
47183,41,0,41,2017
47185,114,0,114,2017
47187,1932,927,2859,2017
47189,1370,866,2236,2017
48001,14,0,14,2017
48003,18,0,18,2017
48005,47,6,53,2017
48007,155,2,157,2017
48009,7,0,7,2017
48011,8,0,8,2017
48013,36,0,36,2017
48015,34,0,34,2017
48017,0,0,0,2017
48019,1,0,1,2017
48021,166,10,176,2017
48023,0,0,0,2017
48025,8,0,8,2017
48027,1600,647,2247,2017
48029,3706,3791,7497,2017
48031,12,0,12,2017
48035,8,0,8,2017
48037,53,100,153,2017
48039,3132,6,3138,2017
48041,1059,1928,2987,2017
48043,5,8,13,2017
48047,2,0,2,2017
48049,146,134,280,2017
48051,16,0,16,2017
48053,372,220,592,2017
48055,254,4,258,2017
48057,64,12,76,2017
48059,4,0,4,2017
48061,1139,106,1245,2017
48063,7,0,7,2017
48065,1,0,1,2017
48067,14,8,22,2017
48069,1,0,1,2017
48071,526,0,526,2017
48073,7,0,7,2017
48075,0,0,0,2017
48077,1,0,1,2017
48079,0,0,0,2017
48081,0,0,0,2017
48083,0,0,0,2017
48085,9497,5275,14772,2017
48087,0,0,0,2017
48089,11,0,11,2017
48091,2375,952,3327,2017
48093,0,0,0,2017
48095,0,0,0,2017
48097,70,0,70,2017
48099,156,20,176,2017
48101,0,0,0,2017
48103,1,0,1,2017
48107,0,0,0,2017
48109,6,0,6,2017
48111,6,0,6,2017
48113,4946,14482,19428,2017
48115,0,0,0,2017
48117,1,0,1,2017
48119,5,0,5,2017
48121,6665,1620,8285,2017
48123,3,0,3,2017
48127,0,0,0,2017
48129,0,0,0,2017
48133,0,0,0,2017
48135,492,0,492,2017
48139,1959,319,2278,2017
48141,2373,904,3277,2017
48143,38,173,211,2017
48145,1,0,1,2017
48147,31,4,35,2017
48149,9,0,9,2017
48153,0,0,0,2017
48157,7711,91,7802,2017
48159,2,0,2,2017
48161,5,0,5,2017
48163,7,0,7,2017
48165,4,0,4,2017
48167,2095,34,2129,2017
48169,1,0,1,2017
48171,54,0,54,2017
48175,4,0,4,2017
48177,15,0,15,2017
48179,0,0,0,2017
48181,666,177,843,2017
48183,160,20,180,2017
48185,48,0,48,2017
48187,1007,238,1245,2017
48189,19,0,19,2017
48191,0,0,0,2017
48193,3,0,3,2017
48195,0,0,0,2017
48197,1,0,1,2017
48199,278,56,334,2017
48201,16980,5838,22818,2017
48203,44,16,60,2017
48207,3,0,3,2017
48209,2862,631,3493,2017
48211,0,0,0,2017
48213,95,0,95,2017
48215,2698,1599,4297,2017
48217,16,0,16,2017
48219,6,0,6,2017
48221,180,13,193,2017
48223,21,8,29,2017
48225,0,0,0,2017
48227,28,0,28,2017
48231,190,4,194,2017
48233,0,0,0,2017
48235,0,0,0,2017
48237,0,0,0,2017
48239,5,64,69,2017
48241,0,0,0,2017
48245,377,90,467,2017
48249,14,0,14,2017
48251,604,10,614,2017
48253,0,0,0,2017
48255,47,0,47,2017
48257,903,343,1246,2017
48259,327,0,327,2017
48265,40,96,136,2017
48267,2,0,2,2017
48271,1,0,1,2017
48273,5,0,5,2017
48275,0,0,0,2017
48277,26,20,46,2017
48279,1,0,1,2017
48281,33,0,33,2017
48283,2,0,2,2017
48285,9,0,9,2017
48287,9,0,9,2017
48289,0,0,0,2017
48291,544,2,546,2017
48293,3,0,3,2017
48295,1,0,1,2017
48297,0,0,0,2017
48299,234,0,234,2017
48303,1612,775,2387,2017
48305,1,0,1,2017
48307,1,0,1,2017
48309,767,239,1006,2017
48313,3,0,3,2017
48315,2,2,4,2017
48317,5,0,5,2017
48319,0,0,0,2017
48321,141,12,153,2017
48323,63,12,75,2017
48325,30,0,30,2017
48329,761,0,761,2017
48331,8,0,8,2017
48335,0,0,0,2017
48337,0,0,0,2017
48339,5290,4,5294,2017
48341,4,0,4,2017
48343,2,0,2,2017
48347,2,2,4,2017
48349,249,7,256,2017
48353,4,0,4,2017
48355,818,2,820,2017
48357,1,48,49,2017
48359,1,0,1,2017
48361,485,16,501,2017
48363,4,0,4,2017
48365,3,0,3,2017
48367,465,0,465,2017
48369,3,0,3,2017
48371,1,0,1,2017
48373,295,0,295,2017
48375,479,8,487,2017
48377,14,0,14,2017
48379,4,0,4,2017
48381,66,212,278,2017
48383,0,0,0,2017
48385,0,0,0,2017
48387,0,0,0,2017
48389,4,0,4,2017
48391,10,0,10,2017
48395,80,0,80,2017
48397,1468,230,1698,2017
48399,4,0,4,2017
48401,2,0,2,2017
48403,2,0,2,2017
48405,0,0,0,2017
48407,368,0,368,2017
48409,205,4,209,2017
48411,0,2,2,2017
48413,0,0,0,2017
48415,8,0,8,2017
48419,0,0,0,2017
48421,9,6,15,2017
48423,472,206,678,2017
48425,14,0,14,2017
48427,0,2,2,2017
48429,0,0,0,2017
48435,0,0,0,2017
48437,0,0,0,2017
48439,7630,5622,13252,2017
48441,278,40,318,2017
48445,4,0,4,2017
48449,26,0,26,2017
48451,193,4,197,2017
48453,8655,8074,16729,2017
48455,1,0,1,2017
48457,6,0,6,2017
48459,5,0,5,2017
48461,3,0,3,2017
48463,20,2,22,2017
48465,104,0,104,2017
48467,13,0,13,2017
48469,57,0,57,2017
48471,182,246,428,2017
48473,36,72,108,2017
48475,4,0,4,2017
48477,83,149,232,2017
48479,1061,270,1331,2017
48481,78,0,78,2017
48483,0,0,0,2017
48485,100,11,111,2017
48487,3,0,3,2017
48489,10,0,10,2017
48491,4182,1862,6044,2017
48493,53,0,53,2017
48495,0,120,120,2017
48497,83,2,85,2017
48499,3,2,5,2017
48501,0,0,0,2017
48503,4,0,4,2017
48507,1,0,1,2017
49001,31,0,31,2017
49003,243,60,303,2017
49005,736,562,1298,2017
49007,15,4,19,2017
49009,8,0,8,2017
49011,1222,391,1613,2017
49013,71,53,124,2017
49015,10,0,10,2017
49017,0,0,0,2017
49019,146,7,153,2017
49021,337,86,423,2017
49023,60,0,60,2017
49025,66,4,70,2017
49027,32,4,36,2017
49029,67,0,67,2017
49031,23,0,23,2017
49033,51,0,51,2017
49035,4352,2449,6801,2017
49037,32,0,32,2017
49039,53,0,53,2017
49041,66,49,115,2017
49043,193,105,298,2017
49045,566,0,566,2017
49047,32,0,32,2017
49049,5030,2155,7185,2017
49051,507,40,547,2017
49053,2315,894,3209,2017
49055,1,0,1,2017
49057,982,569,1551,2017
50001,88,88,176,2017
50003,29,0,29,2017
50005,44,0,44,2017
50007,232,463,695,2017
50009,8,0,8,2017
50011,121,23,144,2017
50013,31,0,31,2017
50015,67,2,69,2017
50017,12,0,12,2017
50019,42,105,147,2017
50021,39,0,39,2017
50023,116,13,129,2017
50025,93,42,135,2017
50027,61,30,91,2017
51001,52,5,57,2017
51003,598,209,807,2017
51005,14,0,14,2017
51007,55,0,55,2017
51009,73,0,73,2017
51011,65,0,65,2017
51013,184,2700,2884,2017
51015,213,26,239,2017
51017,7,0,7,2017
51019,168,11,179,2017
51021,22,0,22,2017
51023,77,0,77,2017
51025,30,0,30,2017
51027,3,0,3,2017
51029,31,0,31,2017
51031,78,219,297,2017
51033,93,0,93,2017
51035,3,0,3,2017
51036,24,0,24,2017
51037,12,0,12,2017
51041,1413,815,2228,2017
51043,53,0,53,2017
51045,11,0,11,2017
51047,197,132,329,2017
51049,26,0,26,2017
51051,5,0,5,2017
51053,77,0,77,2017
51057,29,0,29,2017
51059,1034,930,1964,2017
51061,380,0,380,2017
51063,44,0,44,2017
51065,127,0,127,2017
51067,119,0,119,2017
51069,562,99,661,2017
51071,22,0,22,2017
51073,168,23,191,2017
51075,197,0,197,2017
51077,23,0,23,2017
51079,67,0,67,2017
51081,16,0,16,2017
51083,38,0,38,2017
51085,597,0,597,2017
51087,987,639,1626,2017
51089,25,0,25,2017
51091,13,0,13,2017
51093,184,13,197,2017
51095,335,173,508,2017
51097,18,0,18,2017
51099,91,0,91,2017
51101,143,86,229,2017
51103,46,0,46,2017
51105,21,0,21,2017
51107,2588,1176,3764,2017
51109,277,0,277,2017
51111,12,0,12,2017
51113,49,0,49,2017
51115,17,0,17,2017
51117,73,4,77,2017
51119,38,0,38,2017
51121,282,308,590,2017
51125,51,0,51,2017
51127,295,0,295,2017
51131,31,0,31,2017
51133,75,0,75,2017
51135,30,0,30,2017
51137,167,0,167,2017
51139,66,0,66,2017
51141,26,0,26,2017
51143,45,0,45,2017
51145,223,0,223,2017
51147,48,2,50,2017
51149,97,0,97,2017
51153,1457,104,1561,2017
51155,53,0,53,2017
51157,21,0,21,2017
51159,17,0,17,2017
51161,156,12,168,2017
51163,57,8,65,2017
51165,391,0,391,2017
51167,8,8,16,2017
51169,30,0,30,2017
51171,115,0,115,2017
51173,14,0,14,2017
51175,47,0,47,2017
51177,689,270,959,2017
51179,1227,0,1227,2017
51181,31,0,31,2017
51183,33,0,33,2017
51185,12,0,12,2017
51187,181,0,181,2017
51191,62,6,68,2017
51193,76,0,76,2017
51195,14,0,14,2017
51197,34,2,36,2017
51199,106,82,188,2017
51510,149,0,149,2017
51520,7,0,7,2017
51530,0,3,3,2017
51540,89,104,193,2017
51550,1077,0,1077,2017
51570,6,0,6,2017
51580,2,0,2,2017
51590,4,0,4,2017
51595,5,0,5,2017
51600,34,30,64,2017
51610,22,0,22,2017
51620,4,0,4,2017
51630,64,0,64,2017
51640,1,0,1,2017
51650,170,0,170,2017
51660,55,6,61,2017
51670,45,0,45,2017
51678,7,0,7,2017
51680,108,48,156,2017
51683,40,199,239,2017
51685,0,0,0,2017
51690,5,12,17,2017
51700,100,341,441,2017
51710,429,204,633,2017
51720,1,0,1,2017
51730,3,0,3,2017
51735,30,17,47,2017
51740,158,0,158,2017
51750,15,13,28,2017
51760,326,991,1317,2017
51770,18,156,174,2017
51775,43,0,43,2017
51790,37,0,37,2017
51800,514,48,562,2017
51810,646,877,1523,2017
51820,31,0,31,2017
51830,43,0,43,2017
51840,18,152,170,2017
53001,23,8,31,2017
53003,34,0,34,2017
53005,848,263,1111,2017
53007,414,28,442,2017
53009,287,20,307,2017
53011,2080,1707,3787,2017
53013,4,0,4,2017
53015,464,20,484,2017
53017,185,2,187,2017
53019,0,0,0,2017
53021,609,89,698,2017
53023,1,0,1,2017
53025,350,95,445,2017
53027,251,0,251,2017
53029,401,7,408,2017
53031,172,0,172,2017
53033,4356,14285,18641,2017
53035,952,142,1094,2017
53037,364,167,531,2017
53039,99,16,115,2017
53041,218,16,234,2017
53043,43,0,43,2017
53045,208,4,212,2017
53047,138,6,144,2017
53049,85,0,85,2017
53051,41,0,41,2017
53053,3014,1954,4968,2017
53055,112,3,115,2017
53057,534,129,663,2017
53059,58,0,58,2017
53061,2627,1098,3725,2017
53063,1608,1852,3460,2017
53065,136,4,140,2017
53067,950,117,1067,2017
53069,20,0,20,2017
53071,144,0,144,2017
53073,793,463,1256,2017
53075,80,162,242,2017
53077,412,22,434,2017
54001,0,0,0,2017
54003,925,24,949,2017
54005,10,0,10,2017
54007,0,0,0,2017
54009,10,0,10,2017
54011,68,28,96,2017
54015,0,0,0,2017
54017,0,0,0,2017
54019,27,0,27,2017
54021,9,20,29,2017
54023,16,37,53,2017
54025,110,2,112,2017
54027,57,0,57,2017
54029,13,2,15,2017
54031,53,0,53,2017
54033,66,30,96,2017
54035,3,0,3,2017
54037,274,0,274,2017
54039,60,65,125,2017
54041,2,0,2,2017
54043,16,0,16,2017
54045,1,0,1,2017
54047,3,0,3,2017
54049,20,71,91,2017
54051,1,0,1,2017
54053,3,0,3,2017
54055,5,0,5,2017
54057,29,0,29,2017
54059,0,0,0,2017
54061,15,52,67,2017
54063,0,0,0,2017
54065,52,0,52,2017
54067,0,0,0,2017
54069,13,0,13,2017
54071,10,0,10,2017
54073,10,0,10,2017
54075,4,0,4,2017
54077,10,0,10,2017
54079,93,0,93,2017
54081,56,0,56,2017
54083,1,2,3,2017
54085,57,0,57,2017
54087,0,0,0,2017
54089,20,0,20,2017
54091,1,0,1,2017
54093,0,0,0,2017
54095,9,0,9,2017
54097,41,8,49,2017
54099,25,0,25,2017
54101,0,0,0,2017
54103,45,0,45,2017
54105,8,0,8,2017
54107,95,30,125,2017
54109,2,0,2,2017
55001,83,2,85,2017
55003,9,0,9,2017
55005,155,38,193,2017
55007,92,7,99,2017
55009,641,310,951,2017
55011,33,14,47,2017
55013,83,0,83,2017
55015,135,30,165,2017
55017,172,74,246,2017
55019,38,28,66,2017
55021,132,14,146,2017
55023,36,0,36,2017
55025,1384,2952,4336,2017
55027,190,36,226,2017
55029,155,52,207,2017
55031,82,4,86,2017
55033,98,2,100,2017
55035,250,72,322,2017
55037,24,0,24,2017
55039,185,0,185,2017
55041,33,0,33,2017
55043,71,24,95,2017
55045,69,10,79,2017
55047,45,0,45,2017
55049,71,0,71,2017
55051,27,0,27,2017
55053,41,0,41,2017
55055,191,22,213,2017
55057,103,10,113,2017
55059,194,6,200,2017
55061,40,0,40,2017
55063,235,152,387,2017
55065,36,2,38,2017
55067,35,0,35,2017
55069,90,0,90,2017
55071,82,68,150,2017
55073,291,320,611,2017
55075,109,5,114,2017
55077,51,2,53,2017
55078,3,0,3,2017
55079,101,1478,1579,2017
55081,124,0,124,2017
55083,147,38,185,2017
55085,191,2,193,2017
55087,481,284,765,2017
55089,230,146,376,2017
55091,20,0,20,2017
55093,132,4,136,2017
55095,146,18,164,2017
55097,145,84,229,2017
55099,61,0,61,2017
55101,244,34,278,2017
55103,34,2,36,2017
55105,242,136,378,2017
55107,79,0,79,2017
55109,446,78,524,2017
55111,179,24,203,2017
55113,125,0,125,2017
55115,77,0,77,2017
55117,154,236,390,2017
55119,32,2,34,2017
55121,83,6,89,2017
55123,99,2,101,2017
55125,189,0,189,2017
55127,289,112,401,2017
55129,87,0,87,2017
55131,360,144,504,2017
55133,897,337,1234,2017
55135,91,40,131,2017
55137,58,0,58,2017
55139,327,222,549,2017
55141,105,91,196,2017
56001,97,28,125,2017
56003,8,0,8,2017
56005,57,0,57,2017
56007,25,0,25,2017
56009,1,0,1,2017
56011,10,0,10,2017
56013,17,0,17,2017
56015,2,0,2,2017
56017,0,0,0,2017
56019,6,0,6,2017
56021,389,184,573,2017
56023,135,2,137,2017
56025,151,122,273,2017
56027,0,0,0,2017
56029,123,6,129,2017
56031,24,0,24,2017
56033,126,35,161,2017
56035,37,0,37,2017
56037,67,38,105,2017
56039,143,47,190,2017
56041,42,0,42,2017
56043,4,0,4,2017
56045,0,0,0,2017
01001,185,0,185,2018
01003,2459,588,3047,2018
01005,6,0,6,2018
01007,13,0,13,2018
01009,7,4,11,2018
01011,0,0,0,2018
01013,7,0,7,2018
01015,66,4,70,2018
01017,15,0,15,2018
01019,8,0,8,2018
01021,39,56,95,2018
01023,0,0,0,2018
01025,7,0,7,2018
01027,3,0,3,2018
01029,1,0,1,2018
01031,107,5,112,2018
01033,160,0,160,2018
01035,0,0,0,2018
01037,0,0,0,2018
01039,15,0,15,2018
01041,4,0,4,2018
01043,118,17,135,2018
01045,24,0,24,2018
01047,28,0,28,2018
01049,67,18,85,2018
01051,74,0,74,2018
01053,11,0,11,2018
01055,104,0,104,2018
01057,2,0,2,2018
01059,12,8,20,2018
01061,13,0,13,2018
01063,6,0,6,2018
01065,23,0,23,2018
01067,24,0,24,2018
01069,322,55,377,2018
01071,37,0,37,2018
01073,1390,267,1657,2018
01075,0,0,0,2018
01077,94,81,175,2018
01079,3,0,3,2018
01081,1036,95,1131,2018
01083,159,0,159,2018
01085,0,0,0,2018
01087,2,0,2,2018
01089,2711,71,2782,2018
01091,5,0,5,2018
01093,0,0,0,2018
01095,77,0,77,2018
01097,763,20,783,2018
01099,4,0,4,2018
01101,395,0,395,2018
01103,149,0,149,2018
01105,0,0,0,2018
01107,7,0,7,2018
01109,49,0,49,2018
01111,0,0,0,2018
01113,179,82,261,2018
01115,200,0,200,2018
01117,1045,0,1045,2018
01119,3,6,9,2018
01121,43,0,43,2018
01123,137,0,137,2018
01125,548,469,1017,2018
01127,4,0,4,2018
01129,0,0,0,2018
01131,3,0,3,2018
01133,5,0,5,2018
02013,0,2,2,2018
02016,6,0,6,2018
02020,869,214,1083,2018
02050,1,0,1,2018
02060,2,0,2,2018
02070,1,2,3,2018
02090,13,0,13,2018
02100,10,0,10,2018
02105,1,0,1,2018
02110,51,17,68,2018
02122,89,25,114,2018
02130,35,12,47,2018
02150,10,40,50,2018
02158,0,0,0,2018
02170,69,107,176,2018
02180,1,0,1,2018
02185,1,2,3,2018
02188,11,0,11,2018
02195,9,2,11,2018
02198,1,2,3,2018
02220,12,4,16,2018
02230,5,17,22,2018
02261,11,2,13,2018
02275,6,2,8,2018
02282,13,0,13,2018
02290,0,0,0,2018
04001,56,2,58,2018
04003,212,15,227,2018
04005,657,8,665,2018
04007,163,6,169,2018
04009,132,6,138,2018
04011,2,20,22,2018
04012,8,2,10,2018
04013,19069,7655,26724,2018
04015,945,73,1018,2018
04017,331,37,368,2018
04019,3240,1164,4404,2018
04021,4457,162,4619,2018
04023,148,0,148,2018
04025,1696,383,2079,2018
04027,1011,4,1015,2018
05001,18,0,18,2018
05003,1,0,1,2018
05005,11,30,41,2018
05007,2295,1701,3996,2018
05009,56,0,56,2018
05011,1,0,1,2018
05013,0,0,0,2018
05015,22,6,28,2018
05017,2,0,2,2018
05019,13,28,41,2018
05021,2,0,2,2018
05023,8,0,8,2018
05025,0,0,0,2018
05027,14,5,19,2018
05029,10,12,22,2018
05031,529,285,814,2018
05033,77,47,124,2018
05035,50,0,50,2018
05037,0,0,0,2018
05039,1,0,1,2018
05041,1,0,1,2018
05043,1,2,3,2018
05045,295,116,411,2018
05047,0,2,2,2018
05049,0,0,0,2018
05051,51,40,91,2018
05053,29,0,29,2018
05055,112,50,162,2018
05057,0,0,0,2018
05059,10,0,10,2018
05061,0,0,0,2018
05063,10,22,32,2018
05065,5,0,5,2018
05067,8,0,8,2018
05069,16,10,26,2018
05071,31,8,39,2018
05073,0,0,0,2018
05075,14,2,16,2018
05077,0,0,0,2018
05079,4,0,4,2018
05081,2,6,8,2018
05083,0,4,4,2018
05085,357,14,371,2018
05087,7,0,7,2018
05089,63,0,63,2018
05091,29,0,29,2018
05093,33,0,33,2018
05095,8,0,8,2018
05099,0,0,0,2018
05101,0,0,0,2018
05103,2,0,2,2018
05105,2,0,2,2018
05107,2,40,42,2018
05111,22,7,29,2018
05113,1,0,1,2018
05115,87,2,89,2018
05117,5,0,5,2018
05119,730,211,941,2018
05121,20,0,20,2018
05123,2,0,2,2018
05125,406,14,420,2018
05127,1,0,1,2018
05129,0,0,0,2018
05131,224,116,340,2018
05133,5,2,7,2018
05135,10,0,10,2018
05137,5,4,9,2018
05139,6,0,6,2018
05141,4,2,6,2018
05143,1527,33,1560,2018
05145,90,4,94,2018
05147,0,0,0,2018
05149,7,0,7,2018
06001,1965,6091,8056,2018
06003,4,0,4,2018
06005,172,0,172,2018
06007,595,108,703,2018
06009,112,0,112,2018
06011,36,32,68,2018
06013,1627,1280,2907,2018
06015,25,0,25,2018
06017,543,0,543,2018
06019,2213,716,2929,2018
06021,49,10,59,2018
06023,178,201,379,2018
06025,274,126,400,2018
06027,0,0,0,2018
06029,2073,379,2452,2018
06031,294,58,352,2018
06033,87,26,113,2018
06035,7,0,7,2018
06037,5957,16052,22009,2018
06039,503,0,503,2018
06041,108,56,164,2018
06043,34,2,36,2018
06045,140,0,140,2018
06047,630,0,630,2018
06049,6,0,6,2018
06051,64,7,71,2018
06053,571,161,732,2018
06055,102,167,269,2018
06057,390,151,541,2018
06059,4085,3430,7515,2018
06061,1881,6,1887,2018
06063,41,0,41,2018
06065,7676,1556,9232,2018
06067,3578,1089,4667,2018
06069,551,2,553,2018
06071,3915,1662,5577,2018
06073,3489,6345,9834,2018
06075,28,5150,5178,2018
06077,2920,360,3280,2018
06079,692,358,1050,2018
06081,320,796,1116,2018
06083,631,297,928,2018
06085,1915,6276,8191,2018
06087,238,188,426,2018
06089,306,0,306,2018
06091,6,0,6,2018
06093,50,4,54,2018
06095,954,36,990,2018
06097,3169,110,3279,2018
06099,684,75,759,2018
06101,97,0,97,2018
06103,128,16,144,2018
06105,55,0,55,2018
06107,1206,322,1528,2018
06109,68,0,68,2018
06111,625,579,1204,2018
06113,391,385,776,2018
06115,373,6,379,2018
08001,2415,382,2797,2018
08003,21,23,44,2018
08005,2202,1390,3592,2018
08007,153,9,162,2018
08009,0,0,0,2018
08011,3,0,3,2018
08013,899,2055,2954,2018
08014,587,198,785,2018
08015,144,18,162,2018
08017,6,0,6,2018
08019,19,15,34,2018
08021,22,0,22,2018
08023,0,0,0,2018
08025,1,0,1,2018
08027,77,0,77,2018
08029,48,0,48,2018
08031,2428,5450,7878,2018
08033,1,0,1,2018
08035,2709,1356,4065,2018
08037,263,119,382,2018
08039,217,0,217,2018
08041,4081,1505,5586,2018
08043,127,10,137,2018
08045,122,67,189,2018
08047,41,0,41,2018
08049,198,15,213,2018
08051,169,0,169,2018
08053,9,0,9,2018
08055,38,0,38,2018
08057,5,0,5,2018
08059,1008,1130,2138,2018
08061,0,0,0,2018
08063,3,0,3,2018
08065,37,14,51,2018
08067,238,44,282,2018
08069,1679,1265,2944,2018
08071,40,0,40,2018
08073,10,8,18,2018
08075,20,0,20,2018
08077,822,8,830,2018
08079,19,0,19,2018
08081,7,0,7,2018
08083,17,2,19,2018
08085,309,77,386,2018
08087,140,6,146,2018
08089,6,0,6,2018
08091,49,12,61,2018
08093,182,0,182,2018
08095,11,0,11,2018
08097,47,36,83,2018
08099,1,0,1,2018
08101,479,0,479,2018
08103,19,0,19,2018
08105,20,0,20,2018
08107,154,16,170,2018
08109,106,0,106,2018
08111,7,0,7,2018
08113,41,12,53,2018
08115,2,0,2,2018
08117,305,338,643,2018
08119,148,0,148,2018
08121,9,0,9,2018
08123,3194,913,4107,2018
08125,0,0,0,2018
09001,753,344,1097,2018
09003,502,632,1134,2018
09005,117,9,126,2018
09007,160,4,164,2018
09009,406,760,1166,2018
09011,297,369,666,2018
09013,145,144,289,2018
09015,173,0,173,2018
10001,1321,138,1459,2018
10003,1276,88,1364,2018
10005,2875,305,3180,2018
11001,112,4503,4615,2018
12001,688,816,1504,2018
12003,114,4,118,2018
12005,958,562,1520,2018
12007,5,0,5,2018
12009,2362,596,2958,2018
12011,1580,1752,3332,2018
12013,12,0,12,2018
12015,1932,136,2068,2018
12017,884,0,884,2018
12019,900,0,900,2018
12021,3253,1133,4386,2018
12023,147,0,147,2018
12027,71,17,88,2018
12029,33,0,33,2018
12031,3977,3223,7200,2018
12033,1015,40,1055,2018
12035,1254,154,1408,2018
12037,79,0,79,2018
12039,1111,0,1111,2018
12041,65,0,65,2018
12043,36,0,36,2018
12045,146,2,148,2018
12047,0,0,0,2018
12049,33,12,45,2018
12051,79,0,79,2018
12053,1024,192,1216,2018
12055,211,60,271,2018
12057,8563,1334,9897,2018
12059,9,0,9,2018
12061,1312,60,1372,2018
12063,57,0,57,2018
12065,62,0,62,2018
12067,14,0,14,2018
12069,2993,337,3330,2018
12071,5803,3918,9721,2018
12073,678,1128,1806,2018
12075,176,0,176,2018
12077,20,0,20,2018
12079,37,0,37,2018
12081,3104,1386,4490,2018
12083,2726,91,2817,2018
12085,422,19,441,2018
12086,2449,9254,11703,2018
12087,306,247,553,2018
12089,1085,237,1322,2018
12091,822,38,860,2018
12093,52,0,52,2018
12095,7351,6406,13757,2018
12097,4831,4928,9759,2018
12099,2993,1525,4518,2018
12101,3689,141,3830,2018
12103,952,1557,2509,2018
12105,5331,0,5331,2018
12107,86,0,86,2018
12109,4679,1231,5910,2018
12111,2552,977,3529,2018
12113,1513,0,1513,2018
12115,3279,2520,5799,2018
12117,1280,756,2036,2018
12119,2076,0,2076,2018
12121,63,0,63,2018
12123,30,0,30,2018
12125,32,0,32,2018
12127,2128,323,2451,2018
12129,222,0,222,2018
12131,1265,260,1525,2018
12133,44,0,44,2018
13001,4,0,4,2018
13003,0,0,0,2018
13005,0,0,0,2018
13007,0,0,0,2018
13009,81,37,118,2018
13011,53,0,53,2018
13013,754,113,867,2018
13015,623,264,887,2018
13017,12,46,58,2018
13019,18,0,18,2018
13021,145,0,145,2018
13023,7,0,7,2018
13025,4,12,16,2018
13027,41,2,43,2018
13029,434,84,518,2018
13031,459,15,474,2018
13033,49,0,49,2018
13035,63,0,63,2018
13037,3,0,3,2018
13039,296,14,310,2018
13043,3,0,3,2018
13045,604,102,706,2018
13047,230,24,254,2018
13049,21,0,21,2018
13051,1081,986,2067,2018
13053,0,0,0,2018
13055,5,68,73,2018
13057,2236,1264,3500,2018
13059,345,261,606,2018
13061,3,0,3,2018
13063,720,0,720,2018
13065,2,0,2,2018
13067,1673,1117,2790,2018
13069,54,0,54,2018
13071,63,15,78,2018
13073,1152,121,1273,2018
13075,21,30,51,2018
13077,789,458,1247,2018
13079,13,0,13,2018
13081,15,0,15,2018
13083,4,6,10,2018
13085,446,0,446,2018
13087,22,5,27,2018
13089,1450,2223,3673,2018
13091,13,0,13,2018
13093,0,0,0,2018
13095,30,18,48,2018
13097,399,0,399,2018
13099,13,0,13,2018
13101,5,0,5,2018
13103,565,8,573,2018
13105,42,0,42,2018
13107,4,8,12,2018
13109,12,14,26,2018
13111,267,26,293,2018
13113,535,8,543,2018
13115,198,12,210,2018
13117,2389,1261,3650,2018
13119,64,0,64,2018
13121,4394,5657,10051,2018
13123,188,0,188,2018
13127,568,0,568,2018
13129,182,16,198,2018
13131,26,19,45,2018
13133,569,0,569,2018
13135,3254,462,3716,2018
13137,141,82,223,2018
13139,1159,619,1778,2018
13141,18,0,18,2018
13143,54,2,56,2018
13145,225,0,225,2018
13147,87,52,139,2018
13149,18,0,18,2018
13151,1905,0,1905,2018
13153,822,480,1302,2018
13155,23,0,23,2018
13157,885,320,1205,2018
13159,72,0,72,2018
13161,0,0,0,2018
13163,17,0,17,2018
13165,16,0,16,2018
13167,0,0,0,2018
13169,79,6,85,2018
13171,64,0,64,2018
13173,20,0,20,2018
13175,11,10,21,2018
13177,99,0,99,2018
13179,246,0,246,2018
13181,1,0,1,2018
13183,152,0,152,2018
13185,973,85,1058,2018
13187,19,13,32,2018
13189,33,0,33,2018
13191,68,0,68,2018
13193,4,0,4,2018
13195,9,0,9,2018
13197,17,0,17,2018
13199,55,0,55,2018
13201,2,0,2,2018
13205,17,0,17,2018
13207,135,0,135,2018
13209,13,0,13,2018
13211,144,0,144,2018
13213,55,4,59,2018
13215,326,175,501,2018
13217,653,0,653,2018
13219,323,79,402,2018
13221,52,0,52,2018
13223,1765,0,1765,2018
13225,61,3,64,2018
13227,125,0,125,2018
13229,49,3,52,2018
13231,130,0,130,2018
13233,105,0,105,2018
13235,12,0,12,2018
13237,105,0,105,2018
13239,5,0,5,2018
13241,66,0,66,2018
13243,4,0,4,2018
13245,356,162,518,2018
13247,300,4,304,2018
13249,11,0,11,2018
13251,32,0,32,2018
13253,2,0,2,2018
13255,274,0,274,2018
13257,1,0,1,2018
13259,1,0,1,2018
13261,17,0,17,2018
13263,8,0,8,2018
13267,26,0,26,2018
13269,5,0,5,2018
13271,0,0,0,2018
13273,5,0,5,2018
13275,98,2,100,2018
13277,71,106,177,2018
13279,8,12,20,2018
13281,65,0,65,2018
13283,0,0,0,2018
13285,185,0,185,2018
13287,13,0,13,2018
13289,19,0,19,2018
13291,211,0,211,2018
13293,14,0,14,2018
13295,135,0,135,2018
13297,618,0,618,2018
13299,133,0,133,2018
13301,0,0,0,2018
13303,81,0,81,2018
13305,56,4,60,2018
13307,4,0,4,2018
13309,0,0,0,2018
13311,101,0,101,2018
13313,233,29,262,2018
13317,6,0,6,2018
13319,8,0,8,2018
13321,36,0,36,2018
15001,1035,8,1043,2018
15003,983,1427,2410,2018
15007,202,166,368,2018
15009,372,466,838,2018
16001,4770,1636,6406,2018
16003,12,0,12,2018
16005,372,32,404,2018
16007,49,0,49,2018
16009,28,4,32,2018
16011,139,2,141,2018
16013,80,24,104,2018
16015,93,2,95,2018
16017,91,8,99,2018
16019,829,0,829,2018
16021,68,0,68,2018
16023,0,0,0,2018
16025,12,0,12,2018
16027,1935,344,2279,2018
16029,30,0,30,2018
16031,83,10,93,2018
16033,2,0,2,2018
16035,23,0,23,2018
16037,1,0,1,2018
16039,38,0,38,2018
16041,48,0,48,2018
16043,106,0,106,2018
16045,87,8,95,2018
16047,36,0,36,2018
16049,2,0,2,2018
16051,161,47,208,2018
16053,85,0,85,2018
16055,1658,552,2210,2018
16057,87,106,193,2018
16059,32,0,32,2018
16061,2,24,26,2018
16063,6,0,6,2018
16065,141,700,841,2018
16067,52,4,56,2018
16069,78,8,86,2018
16071,12,0,12,2018
16073,38,4,42,2018
16075,77,2,79,2018
16077,18,0,18,2018
16079,10,0,10,2018
16081,143,65,208,2018
16083,436,64,500,2018
16085,180,2,182,2018
16087,26,0,26,2018
17001,47,2,49,2018
17003,0,0,0,2018
17005,10,0,10,2018
17007,45,0,45,2018
17009,1,0,1,2018
17011,20,0,20,2018
17013,11,0,11,2018
17015,17,0,17,2018
17017,9,0,9,2018
17019,305,1155,1460,2018
17021,25,0,25,2018
17023,4,0,4,2018
17025,3,0,3,2018
17027,73,0,73,2018
17029,9,4,13,2018
17031,1448,6751,8199,2018
17033,3,0,3,2018
17035,0,0,0,2018
17037,106,12,118,2018
17039,19,0,19,2018
17041,24,0,24,2018
17043,947,492,1439,2018
17045,0,0,0,2018
17049,28,32,60,2018
17051,5,0,5,2018
17053,7,6,13,2018
17055,6,0,6,2018
17057,45,0,45,2018
17061,3,0,3,2018
17063,87,119,206,2018
17067,3,0,3,2018
17069,0,0,0,2018
17071,5,0,5,2018
17073,32,0,32,2018
17075,26,0,26,2018
17077,9,0,9,2018
17079,1,0,1,2018
17081,6,0,6,2018
17083,27,0,27,2018
17085,26,0,26,2018
17087,0,0,0,2018
17089,1073,818,1891,2018
17091,101,56,157,2018
17093,406,326,732,2018
17095,16,6,22,2018
17097,612,84,696,2018
17099,94,36,130,2018
17101,50,0,50,2018
17103,22,0,22,2018
17105,19,4,23,2018
17107,13,0,13,2018
17109,1,0,1,2018
17111,398,84,482,2018
17113,95,106,201,2018
17115,35,2,37,2018
17117,68,0,68,2018
17119,380,254,634,2018
17121,12,0,12,2018
17123,6,0,6,2018
17125,4,0,4,2018
17127,0,0,0,2018
17129,18,0,18,2018
17131,7,0,7,2018
17133,118,4,122,2018
17135,12,0,12,2018
17137,3,25,28,2018
17139,33,20,53,2018
17141,59,14,73,2018
17143,66,100,166,2018
17145,40,0,40,2018
17147,33,0,33,2018
17149,19,2,21,2018
17151,0,0,0,2018
17153,9,0,9,2018
17155,16,0,16,2018
17157,23,0,23,2018
17159,2,0,2,2018
17161,86,31,117,2018
17163,438,226,664,2018
17165,0,0,0,2018
17167,175,313,488,2018
17169,0,0,0,2018
17173,28,0,28,2018
17175,1,0,1,2018
17177,12,0,12,2018
17179,94,6,100,2018
17181,11,0,11,2018
17183,11,54,65,2018
17185,9,6,15,2018
17187,4,0,4,2018
17189,21,0,21,2018
17191,0,0,0,2018
17193,0,0,0,2018
17195,28,0,28,2018
17197,1406,221,1627,2018
17199,187,42,229,2018
17201,164,56,220,2018
17203,61,0,61,2018
18001,83,8,91,2018
18003,1155,486,1641,2018
18005,170,0,170,2018
18007,16,0,16,2018
18009,3,0,3,2018
18011,471,6,477,2018
18013,84,0,84,2018
18015,51,0,51,2018
18017,5,0,5,2018
18019,460,293,753,2018
18021,2,0,2,2018
18023,28,4,32,2018
18025,0,0,0,2018
18027,20,4,24,2018
18029,90,25,115,2018
18031,58,0,58,2018
18033,119,0,119,2018
18035,52,0,52,2018
18037,70,2,72,2018
18039,351,0,351,2018
18041,17,0,17,2018
18043,206,0,206,2018
18045,10,41,51,2018
18047,47,22,69,2018
18049,19,0,19,2018
18051,87,46,133,2018
18053,74,0,74,2018
18057,2694,311,3005,2018
18059,610,28,638,2018
18061,96,0,96,2018
18063,893,42,935,2018
18065,27,24,51,2018
18067,277,72,349,2018
18069,85,0,85,2018
18071,66,102,168,2018
18073,97,0,97,2018
18075,19,0,19,2018
18077,45,2,47,2018
18079,50,0,50,2018
18081,839,4,843,2018
18083,33,4,37,2018
18085,234,90,324,2018
18087,150,0,150,2018
18089,1236,51,1287,2018
18091,134,6,140,2018
18093,17,2,19,2018
18095,102,4,106,2018
18097,1202,1196,2398,2018
18099,67,0,67,2018
18101,2,6,8,2018
18103,26,0,26,2018
18105,207,162,369,2018
18107,67,0,67,2018
18109,173,10,183,2018
18111,18,0,18,2018
18113,151,0,151,2018
18115,30,2,32,2018
18117,3,0,3,2018
18119,48,0,48,2018
18121,40,0,40,2018
18123,24,0,24,2018
18125,0,0,0,2018
18127,484,94,578,2018
18129,53,0,53,2018
18131,11,0,11,2018
18133,140,2,142,2018
18135,16,0,16,2018
18137,69,28,97,2018
18139,18,0,18,2018
18141,329,319,648,2018
18143,27,0,27,2018
18145,83,0,83,2018
18147,40,0,40,2018
18149,40,0,40,2018
18151,145,10,155,2018
18153,22,0,22,2018
18155,61,0,61,2018
18157,432,1319,1751,2018
18159,25,0,25,2018
18161,7,0,7,2018
18163,257,10,267,2018
18165,13,0,13,2018
18167,48,45,93,2018
18169,21,4,25,2018
18171,18,0,18,2018
18173,197,44,241,2018
18175,69,0,69,2018
18177,43,79,122,2018
18179,55,4,59,2018
18181,50,0,50,2018
18183,133,51,184,2018
19001,10,0,10,2018
19003,3,0,3,2018
19005,37,0,37,2018
19007,10,0,10,2018
19009,6,0,6,2018
19011,29,6,35,2018
19013,205,22,227,2018
19015,59,2,61,2018
19017,42,50,92,2018
19019,11,37,48,2018
19021,19,0,19,2018
19023,21,0,21,2018
19025,16,0,16,2018
19027,41,6,47,2018
19029,7,2,9,2018
19031,50,2,52,2018
19033,39,8,47,2018
19035,7,0,7,2018
19037,7,0,7,2018
19039,98,0,98,2018
19041,15,0,15,2018
19043,35,0,35,2018
19045,50,37,87,2018
19047,13,4,17,2018
19049,549,43,592,2018
19051,3,0,3,2018
19053,1,0,1,2018
19055,9,2,11,2018
19057,23,12,35,2018
19059,102,79,181,2018
19061,228,94,322,2018
19063,10,0,10,2018
19065,23,2,25,2018
19067,15,0,15,2018
19069,4,0,4,2018
19071,8,0,8,2018
19073,7,0,7,2018
19075,14,2,16,2018
19077,17,0,17,2018
19079,8,35,43,2018
19081,5,10,15,2018
19083,9,0,9,2018
19085,31,2,33,2018
19087,35,2,37,2018
19089,4,0,4,2018
19091,12,4,16,2018
19093,9,0,9,2018
19095,13,0,13,2018
19097,38,2,40,2018
19099,73,2,75,2018
19101,15,69,84,2018
19103,445,850,1295,2018
19105,18,14,32,2018
19107,4,0,4,2018
19109,11,0,11,2018
19111,2,16,18,2018
19113,443,449,892,2018
19115,12,0,12,2018
19117,1,0,1,2018
19119,45,0,45,2018
19121,102,46,148,2018
19123,8,16,24,2018
19125,98,0,98,2018
19127,71,40,111,2018
19129,2,0,2,2018
19131,27,14,41,2018
19133,8,0,8,2018
19135,11,0,11,2018
19137,8,0,8,2018
19139,9,4,13,2018
19141,5,0,5,2018
19143,4,0,4,2018
19145,8,0,8,2018
19147,1,0,1,2018
19149,57,50,107,2018
19151,1,0,1,2018
19153,2240,1591,3831,2018
19155,166,14,180,2018
19157,19,0,19,2018
19159,1,0,1,2018
19161,12,5,17,2018
19163,365,38,403,2018
19165,15,0,15,2018
19167,67,72,139,2018
19169,273,353,626,2018
19171,13,0,13,2018
19173,5,0,5,2018
19175,4,0,4,2018
19177,2,0,2,2018
19179,21,0,21,2018
19181,325,10,335,2018
19183,66,6,72,2018
19185,2,0,2,2018
19187,68,2,70,2018
19189,4,0,4,2018
19191,49,0,49,2018
19193,89,72,161,2018
19195,2,2,4,2018
19197,14,0,14,2018
20001,18,0,18,2018
20003,18,0,18,2018
20005,5,2,7,2018
20007,0,0,0,2018
20009,11,0,11,2018
20011,2,0,2,2018
20013,1,0,1,2018
20015,147,29,176,2018
20017,0,0,0,2018
20019,0,0,0,2018
20021,25,2,27,2018
20023,2,0,2,2018
20025,0,0,0,2018
20027,53,0,53,2018
20029,0,0,0,2018
20031,27,0,27,2018
20033,0,0,0,2018
20035,28,6,34,2018
20037,95,2,97,2018
20039,0,0,0,2018
20041,20,2,22,2018
20043,8,0,8,2018
20045,419,404,823,2018
20047,1,0,1,2018
20051,29,2,31,2018
20053,1,0,1,2018
20055,48,0,48,2018
20057,36,4,40,2018
20059,49,36,85,2018
20061,12,0,12,2018
20063,0,21,21,2018
20065,0,0,0,2018
20067,2,0,2,2018
20069,8,0,8,2018
20071,0,0,0,2018
20073,2,0,2,2018
20075,1,0,1,2018
20077,1,0,1,2018
20079,34,0,34,2018
20081,0,0,0,2018
20083,0,0,0,2018
20085,20,4,24,2018
20087,56,14,70,2018
20089,0,0,0,2018
20091,1766,2738,4504,2018
20093,0,0,0,2018
20095,9,2,11,2018
20097,2,0,2,2018
20099,7,0,7,2018
20101,0,0,0,2018
20103,309,0,309,2018
20105,1,0,1,2018
20107,45,0,45,2018
20109,0,0,0,2018
20111,33,0,33,2018
20113,56,0,56,2018
20115,10,0,10,2018
20117,3,3,6,2018
20119,1,0,1,2018
20121,81,4,85,2018
20123,8,0,8,2018
20125,2,0,2,2018
20127,5,0,5,2018
20129,0,0,0,2018
20131,9,0,9,2018
20133,3,0,3,2018
20135,1,0,1,2018
20137,1,0,1,2018
20139,41,8,49,2018
20141,1,0,1,2018
20143,8,0,8,2018
20145,0,0,0,2018
20147,1,0,1,2018
20149,143,0,143,2018
20151,0,0,0,2018
20153,4,0,4,2018
20155,35,29,64,2018
20157,1,0,1,2018
20159,9,0,9,2018
20161,90,8,98,2018
20163,2,0,2,2018
20165,0,0,0,2018
20167,10,0,10,2018
20169,34,4,38,2018
20171,3,0,3,2018
20173,1012,698,1710,2018
20175,17,16,33,2018
20177,201,0,201,2018
20181,0,0,0,2018
20183,0,0,0,2018
20185,11,0,11,2018
20187,0,0,0,2018
20189,0,0,0,2018
20191,21,6,27,2018
20193,5,0,5,2018
20195,0,0,0,2018
20197,12,0,12,2018
20199,0,0,0,2018
20201,0,0,0,2018
20203,0,0,0,2018
20205,4,0,4,2018
20207,6,0,6,2018
20209,174,58,232,2018
21001,0,0,0,2018
21003,3,13,16,2018
21005,87,2,89,2018
21009,198,0,198,2018
21011,0,0,0,2018
21013,34,0,34,2018
21015,469,233,702,2018
21017,42,0,42,2018
21019,2,2,4,2018
21021,32,2,34,2018
21025,0,0,0,2018
21027,3,0,3,2018
21029,379,24,403,2018
21031,0,0,0,2018
21033,2,0,2,2018
21035,18,37,55,2018
21037,165,304,469,2018
21041,2,5,7,2018
21043,3,2,5,2018
21045,0,0,0,2018
21047,63,10,73,2018
21049,49,51,100,2018
21051,0,0,0,2018
21053,0,0,0,2018
21055,2,0,2,2018
21057,0,0,0,2018
21059,222,25,247,2018
21065,0,0,0,2018
21067,733,1056,1789,2018
21069,0,0,0,2018
21071,5,0,5,2018
21073,73,30,103,2018
21075,1,0,1,2018
21077,21,0,21,2018
21079,0,0,0,2018
21081,56,0,56,2018
21083,2,0,2,2018
21085,8,0,8,2018
21087,0,0,0,2018
21089,17,0,17,2018
21091,9,2,11,2018
21093,272,64,336,2018
21095,0,0,0,2018
21097,52,2,54,2018
21099,58,69,127,2018
21101,29,6,35,2018
21103,32,0,32,2018
21107,63,10,73,2018
21109,0,0,0,2018
21111,1226,2092,3318,2018
21113,172,9,181,2018
21115,2,0,2,2018
21117,247,20,267,2018
21121,0,0,0,2018
21123,42,2,44,2018
21125,4,0,4,2018
21133,0,0,0,2018
21135,0,0,0,2018
21137,47,0,47,2018
21141,8,7,15,2018
21143,10,4,14,2018
21145,101,12,113,2018
21147,0,0,0,2018
21149,0,0,0,2018
21151,205,124,329,2018
21155,13,26,39,2018
21157,66,12,78,2018
21161,18,0,18,2018
21163,76,2,78,2018
21167,45,0,45,2018
21173,85,24,109,2018
21175,22,0,22,2018
21177,5,4,9,2018
21179,185,18,203,2018
21181,3,0,3,2018
21183,7,2,9,2018
21185,245,0,245,2018
21187,1,0,1,2018
21191,0,0,0,2018
21193,0,0,0,2018
21195,5,0,5,2018
21197,0,0,0,2018
21199,34,0,34,2018
21205,3,0,3,2018
21207,6,12,18,2018
21209,328,198,526,2018
21211,232,0,232,2018
21213,95,60,155,2018
21215,132,0,132,2018
21217,5,0,5,2018
21219,4,4,8,2018
21221,7,0,7,2018
21225,3,0,3,2018
21227,780,1403,2183,2018
21229,10,4,14,2018
21231,0,0,0,2018
21233,2,6,8,2018
21235,9,2,11,2018
21239,80,54,134,2018
22001,22,12,34,2018
22003,35,0,35,2018
22005,936,0,936,2018
22007,19,0,19,2018
22009,58,0,58,2018
22011,174,0,174,2018
22013,0,0,0,2018
22015,658,0,658,2018
22017,300,0,300,2018
22019,996,328,1324,2018
22021,21,0,21,2018
22023,67,0,67,2018
22025,3,0,3,2018
22027,0,0,0,2018
22029,40,0,40,2018
22031,106,0,106,2018
22033,1278,58,1336,2018
22035,0,0,0,2018
22037,44,0,44,2018
22039,54,0,54,2018
22041,18,0,18,2018
22043,45,0,45,2018
22045,66,14,80,2018
22047,108,0,108,2018
22049,34,0,34,2018
22051,581,18,599,2018
22053,105,0,105,2018
22055,1255,0,1255,2018
22057,352,4,356,2018
22059,7,0,7,2018
22061,79,0,79,2018
22063,799,0,799,2018
22065,75,0,75,2018
22067,39,0,39,2018
22069,76,2,78,2018
22071,524,779,1303,2018
22073,421,65,486,2018
22075,48,0,48,2018
22077,54,0,54,2018
22079,244,16,260,2018
22081,0,0,0,2018
22083,25,0,25,2018
22085,49,0,49,2018
22087,178,0,178,2018
22089,183,13,196,2018
22091,31,2,33,2018
22093,63,0,63,2018
22095,47,0,47,2018
22097,121,0,121,2018
22099,167,4,171,2018
22101,15,0,15,2018
22103,1422,8,1430,2018
22105,932,390,1322,2018
22107,12,4,16,2018
22109,123,26,149,2018
22111,4,0,4,2018
22113,147,0,147,2018
22115,50,0,50,2018
22117,0,6,6,2018
22119,155,0,155,2018
22121,223,348,571,2018
22123,9,0,9,2018
22125,36,5,41,2018
22127,0,0,0,2018
23000,76,0,76,2018
23001,177,123,300,2018
23003,50,5,55,2018
23005,957,444,1401,2018
23007,70,66,136,2018
23009,197,100,297,2018
23011,273,33,306,2018
23013,103,0,103,2018
23015,98,2,100,2018
23017,182,0,182,2018
23019,228,33,261,2018
23021,22,0,22,2018
23023,100,12,112,2018
23025,83,0,83,2018
23027,102,3,105,2018
23029,47,0,47,2018
23031,895,216,1111,2018
24001,30,0,30,2018
24003,2040,6,2046,2018
24005,1079,1028,2107,2018
24009,184,0,184,2018
24011,59,0,59,2018
24013,288,111,399,2018
24015,155,0,155,2018
24017,686,48,734,2018
24019,52,2,54,2018
24021,1584,416,2000,2018
24023,92,0,92,2018
24025,838,25,863,2018
24027,808,1238,2046,2018
24029,28,0,28,2018
24031,989,958,1947,2018
24033,2093,174,2267,2018
24035,209,70,279,2018
24037,871,60,931,2018
24039,36,0,36,2018
24041,89,18,107,2018
24043,306,4,310,2018
24045,171,16,187,2018
24047,189,50,239,2018
24510,99,1448,1547,2018
25001,518,487,1005,2018
25003,87,175,262,2018
25005,617,52,669,2018
25007,132,2,134,2018
25009,608,262,870,2018
25011,59,0,59,2018
25013,270,21,291,2018
25015,222,146,368,2018
25017,1452,2857,4309,2018
25019,157,12,169,2018
25021,774,1235,2009,2018
25023,1087,478,1565,2018
25025,59,3679,3738,2018
25027,1127,469,1596,2018
26000,65,0,65,2018
26001,26,0,26,2018
26003,25,0,25,2018
26005,434,2,436,2018
26007,24,0,24,2018
26009,100,2,102,2018
26011,10,0,10,2018
26013,8,0,8,2018
26015,216,0,216,2018
26017,85,0,85,2018
26019,72,0,72,2018
26021,237,65,302,2018
26023,78,4,82,2018
26025,54,0,54,2018
26027,90,0,90,2018
26029,105,13,118,2018
26031,55,0,55,2018
26033,31,0,31,2018
26035,15,0,15,2018
26037,135,100,235,2018
26039,24,0,24,2018
26041,44,0,44,2018
26043,25,11,36,2018
26045,122,37,159,2018
26047,125,0,125,2018
26049,435,195,630,2018
26051,0,0,0,2018
26053,14,0,14,2018
26055,385,276,661,2018
26057,29,0,29,2018
26059,66,0,66,2018
26061,54,4,58,2018
26063,37,0,37,2018
26065,196,235,431,2018
26067,116,0,116,2018
26069,36,0,36,2018
26071,30,0,30,2018
26073,45,0,45,2018
26075,156,16,172,2018
26077,352,108,460,2018
26079,29,0,29,2018
26081,1397,969,2366,2018
26083,13,0,13,2018
26085,0,0,0,2018
26087,149,0,149,2018
26089,189,0,189,2018
26091,105,0,105,2018
26093,638,104,742,2018
26095,3,0,3,2018
26097,19,0,19,2018
26099,1518,453,1971,2018
26101,11,0,11,2018
26103,75,0,75,2018
26105,74,0,74,2018
26107,99,146,245,2018
26109,30,0,30,2018
26111,84,4,88,2018
26113,21,0,21,2018
26115,265,227,492,2018
26117,123,0,123,2018
26119,19,0,19,2018
26121,221,12,233,2018
26123,100,0,100,2018
26125,2482,160,2642,2018
26127,76,24,100,2018
26129,10,0,10,2018
26131,4,0,4,2018
26133,20,0,20,2018
26135,20,0,20,2018
26137,17,0,17,2018
26139,1013,136,1149,2018
26141,38,0,38,2018
26143,43,0,43,2018
26145,179,154,333,2018
26147,262,0,262,2018
26149,67,0,67,2018
26151,42,0,42,2018
26153,13,0,13,2018
26155,65,4,69,2018
26157,35,0,35,2018
26159,119,0,119,2018
26161,652,153,805,2018
26163,1082,315,1397,2018
26165,56,18,74,2018
27001,112,0,112,2018
27003,922,771,1693,2018
27005,148,44,192,2018
27007,61,80,141,2018
27009,102,125,227,2018
27011,9,0,9,2018
27013,204,202,406,2018
27015,41,6,47,2018
27017,114,41,155,2018
27019,584,389,973,2018
27021,230,0,230,2018
27023,8,0,8,2018
27025,261,2,263,2018
27027,201,195,396,2018
27029,3,7,10,2018
27031,70,16,86,2018
27033,17,0,17,2018
27035,388,121,509,2018
27037,1052,1005,2057,2018
27039,70,16,86,2018
27041,188,10,198,2018
27043,9,0,9,2018
27045,83,4,87,2018
27047,25,0,25,2018
27049,100,36,136,2018
27051,2,0,2,2018
27053,1955,5102,7057,2018
27055,22,24,46,2018
27057,21,0,21,2018
27059,223,78,301,2018
27061,88,2,90,2018
27063,6,0,6,2018
27065,42,0,42,2018
27067,86,49,135,2018
27069,1,0,1,2018
27071,32,0,32,2018
27073,5,0,5,2018
27075,52,2,54,2018
27077,31,24,55,2018
27079,83,2,85,2018
27081,6,0,6,2018
27083,28,49,77,2018
27085,72,62,134,2018
27087,0,0,0,2018
27089,3,0,3,2018
27091,23,0,23,2018
27093,80,24,104,2018
27095,67,14,81,2018
27097,91,0,91,2018
27099,68,0,68,2018
27101,14,0,14,2018
27103,69,12,81,2018
27105,10,2,12,2018
27107,9,0,9,2018
27109,475,1106,1581,2018
27111,80,47,127,2018
27113,14,94,108,2018
27115,85,0,85,2018
27117,15,2,17,2018
27119,91,4,95,2018
27121,38,0,38,2018
27123,169,832,1001,2018
27125,3,4,7,2018
27127,16,0,16,2018
27129,12,0,12,2018
27131,179,8,187,2018
27133,24,0,24,2018
27135,16,0,16,2018
27137,321,160,481,2018
27139,696,157,853,2018
27141,475,12,487,2018
27143,27,3,30,2018
27145,430,113,543,2018
27147,68,93,161,2018
27149,9,4,13,2018
27151,10,0,10,2018
27153,81,42,123,2018
27155,3,0,3,2018
27157,62,0,62,2018
27159,23,43,66,2018
27161,27,0,27,2018
27163,994,705,1699,2018
27165,7,0,7,2018
27167,19,0,19,2018
27169,56,79,135,2018
27171,853,73,926,2018
27173,5,2,7,2018
28001,6,0,6,2018
28003,14,0,14,2018
28005,0,0,0,2018
28007,1,0,1,2018
28009,0,0,0,2018
28011,32,2,34,2018
28013,3,0,3,2018
28017,1,0,1,2018
28019,4,0,4,2018
28021,0,0,0,2018
28023,0,0,0,2018
28025,6,10,16,2018
28027,18,0,18,2018
28029,7,0,7,2018
28031,0,0,0,2018
28033,1323,0,1323,2018
28035,95,4,99,2018
28037,0,0,0,2018
28039,3,0,3,2018
28041,1,0,1,2018
28043,0,0,0,2018
28045,456,144,600,2018
28047,1084,94,1178,2018
28049,213,0,213,2018
28051,5,4,9,2018
28053,0,0,0,2018
28057,6,0,6,2018
28059,381,0,381,2018
28061,0,0,0,2018
28063,0,0,0,2018
28065,0,0,0,2018
28067,11,0,11,2018
28071,159,101,260,2018
28073,6,0,6,2018
28075,75,2,77,2018
28077,0,0,0,2018
28079,0,0,0,2018
28081,135,0,135,2018
28083,7,0,7,2018
28085,4,0,4,2018
28087,123,0,123,2018
28089,598,0,598,2018
28091,0,0,0,2018
28093,122,0,122,2018
28095,6,0,6,2018
28097,13,74,87,2018
28099,0,0,0,2018
28101,0,0,0,2018
28103,0,0,0,2018
28105,59,60,119,2018
28107,21,0,21,2018
28109,245,11,256,2018
28111,1,0,1,2018
28113,1,187,188,2018
28115,16,26,42,2018
28117,9,0,9,2018
28119,1,0,1,2018
28121,473,16,489,2018
28123,7,0,7,2018
28125,3,0,3,2018
28127,34,0,34,2018
28129,3,0,3,2018
28131,43,0,43,2018
28133,11,0,11,2018
28135,1,0,1,2018
28137,125,0,125,2018
28139,4,0,4,2018
28141,5,0,5,2018
28143,110,0,110,2018
28145,9,0,9,2018
28147,0,0,0,2018
28149,3,0,3,2018
28151,11,0,11,2018
28153,0,12,12,2018
28155,4,0,4,2018
28157,0,0,0,2018
28159,5,0,5,2018
28161,14,0,14,2018
28163,0,0,0,2018
29001,37,24,61,2018
29003,1,0,1,2018
29005,1,0,1,2018
29007,14,2,16,2018
29009,22,0,22,2018
29011,3,0,3,2018
29013,0,0,0,2018
29015,4,6,10,2018
29017,0,0,0,2018
29019,555,2,557,2018
29021,70,8,78,2018
29023,8,2,10,2018
29025,25,0,25,2018
29027,69,0,69,2018
29029,150,13,163,2018
29031,131,685,816,2018
29033,4,0,4,2018
29035,0,0,0,2018
29037,457,64,521,2018
29039,9,0,9,2018
29041,2,0,2,2018
29043,580,28,608,2018
29045,5,0,5,2018
29047,462,4,466,2018
29049,63,0,63,2018
29051,151,20,171,2018
29053,0,0,0,2018
29055,3,2,5,2018
29057,1,0,1,2018
29059,1,0,1,2018
29061,1,0,1,2018
29063,6,0,6,2018
29065,0,0,0,2018
29067,2,0,2,2018
29069,19,0,19,2018
29071,448,9,457,2018
29073,4,0,4,2018
29075,2,2,4,2018
29077,687,584,1271,2018
29079,4,0,4,2018
29081,0,0,0,2018
29083,6,5,11,2018
29087,0,0,0,2018
29089,2,0,2,2018
29091,13,26,39,2018
29093,0,0,0,2018
29095,1772,1792,3564,2018
29097,428,174,602,2018
29099,675,2,677,2018
29101,34,11,45,2018
29103,2,0,2,2018
29105,14,6,20,2018
29107,60,0,60,2018
29109,11,0,11,2018
29111,1,0,1,2018
29113,128,12,140,2018
29115,1,0,1,2018
29117,18,21,39,2018
29119,7,0,7,2018
29121,9,0,9,2018
29123,7,8,15,2018
29125,1,0,1,2018
29127,50,0,50,2018
29129,0,0,0,2018
29131,14,0,14,2018
29133,8,0,8,2018
29135,4,0,4,2018
29137,0,0,0,2018
29139,21,0,21,2018
29141,2,0,2,2018
29143,6,4,10,2018
29145,29,9,38,2018
29147,22,18,40,2018
29149,0,0,0,2018
29151,1,4,5,2018
29153,0,0,0,2018
29155,4,5,9,2018
29157,35,50,85,2018
29159,0,14,14,2018
29161,29,102,131,2018
29163,13,0,13,2018
29165,346,0,346,2018
29167,32,0,32,2018
29169,49,0,49,2018
29171,0,0,0,2018
29173,2,0,2,2018
29175,54,2,56,2018
29177,48,0,48,2018
29179,0,0,0,2018
29181,3,0,3,2018
29183,1476,850,2326,2018
29185,0,0,0,2018
29186,4,0,4,2018
29187,75,106,181,2018
29189,897,239,1136,2018
29195,3,0,3,2018
29197,4,0,4,2018
29199,1,0,1,2018
29201,50,2,52,2018
29203,0,0,0,2018
29205,1,0,1,2018
29207,14,0,14,2018
29209,170,0,170,2018
29211,0,0,0,2018
29213,176,68,244,2018
29215,1,6,7,2018
29217,7,0,7,2018
29219,332,0,332,2018
29221,1,0,1,2018
29223,0,0,0,2018
29225,33,8,41,2018
29227,0,0,0,2018
29229,8,0,8,2018
29510,161,500,661,2018
30000,0,0,0,2018
30001,7,8,15,2018
30003,0,0,0,2018
30005,2,2,4,2018
30007,0,0,0,2018
30009,10,0,10,2018
30011,0,0,0,2018
30013,132,12,144,2018
30015,17,16,33,2018
30017,1,0,1,2018
30019,3,0,3,2018
30021,1,0,1,2018
30023,8,0,8,2018
30025,11,45,56,2018
30027,3,0,3,2018
30029,234,232,466,2018
30031,919,701,1620,2018
30033,0,0,0,2018
30035,0,0,0,2018
30041,1,0,1,2018
30043,7,2,9,2018
30047,8,7,15,2018
30049,55,131,186,2018
30053,7,0,7,2018
30055,1,0,1,2018
30057,5,0,5,2018
30061,2,0,2,2018
30063,459,230,689,2018
30065,2,0,2,2018
30067,25,44,69,2018
30071,1,0,1,2018
30073,0,0,0,2018
30077,38,0,38,2018
30081,19,8,27,2018
30083,13,0,13,2018
30085,2,0,2,2018
30087,0,0,0,2018
30089,0,0,0,2018
30091,0,0,0,2018
30093,55,130,185,2018
30095,2,0,2,2018
30097,0,0,0,2018
30099,1,0,1,2018
30101,0,0,0,2018
30105,5,0,5,2018
30109,9,0,9,2018
30111,1148,318,1466,2018
31001,38,0,38,2018
31003,4,0,4,2018
31011,6,0,6,2018
31013,2,0,2,2018
31015,2,0,2,2018
31017,0,0,0,2018
31019,181,8,189,2018
31021,3,0,3,2018
31023,2,2,4,2018
31025,101,12,113,2018
31027,10,0,10,2018
31029,12,0,12,2018
31031,17,0,17,2018
31033,15,10,25,2018
31035,11,2,13,2018
31037,14,24,38,2018
31039,16,6,22,2018
31041,25,2,27,2018
31043,31,0,31,2018
31045,8,2,10,2018
31047,31,12,43,2018
31049,0,0,0,2018
31051,7,0,7,2018
31053,62,2,64,2018
31055,1344,1650,2994,2018
31057,0,0,0,2018
31059,7,0,7,2018
31061,5,0,5,2018
31063,0,0,0,2018
31065,5,0,5,2018
31067,43,15,58,2018
31069,4,0,4,2018
31071,8,0,8,2018
31073,2,0,2,2018
31075,0,0,0,2018
31077,4,0,4,2018
31079,85,32,117,2018
31081,37,7,44,2018
31083,14,0,14,2018
31085,0,0,0,2018
31087,0,0,0,2018
31089,5,0,5,2018
31091,2,0,2,2018
31093,17,0,17,2018
31095,8,2,10,2018
31097,0,0,0,2018
31099,12,2,14,2018
31101,27,8,35,2018
31103,0,0,0,2018
31105,0,0,0,2018
31107,21,0,21,2018
31109,1053,687,1740,2018
31111,42,0,42,2018
31115,5,0,5,2018
31117,0,0,0,2018
31119,61,79,140,2018
31121,27,0,27,2018
31123,0,0,0,2018
31125,5,0,5,2018
31127,7,0,7,2018
31129,3,0,3,2018
31131,26,7,33,2018
31133,6,0,6,2018
31135,3,0,3,2018
31137,11,2,13,2018
31139,14,0,14,2018
31141,52,8,60,2018
31143,7,0,7,2018
31145,3,0,3,2018
31147,0,0,0,2018
31149,6,0,6,2018
31151,27,11,38,2018
31153,925,317,1242,2018
31155,135,2,137,2018
31157,14,0,14,2018
31159,64,0,64,2018
31161,3,0,3,2018
31163,10,0,10,2018
31165,0,0,0,2018
31167,7,0,7,2018
31169,11,0,11,2018
31171,2,0,2,2018
31173,3,0,3,2018
31175,6,0,6,2018
31177,87,0,87,2018
31179,8,7,15,2018
31181,2,0,2,2018
31183,0,0,0,2018
31185,17,48,65,2018
32001,73,0,73,2018
32003,9721,2323,12044,2018
32005,235,0,235,2018
32007,170,0,170,2018
32013,12,0,12,2018
32015,2,0,2,2018
32017,7,0,7,2018
32019,331,0,331,2018
32021,0,0,0,2018
32027,2,0,2,2018
32029,8,5,13,2018
32031,2247,2190,4437,2018
32033,9,0,9,2018
32510,180,130,310,2018
33001,170,3,173,2018
33003,232,2,234,2018
33005,102,60,162,2018
33007,66,4,70,2018
33009,160,137,297,2018
33011,709,697,1406,2018
33013,262,86,348,2018
33015,652,508,1160,2018
33017,298,234,532,2018
33019,59,4,63,2018
34001,349,484,833,2018
34003,838,2011,2849,2018
34005,591,677,1268,2018
34007,265,500,765,2018
34009,449,194,643,2018
34011,70,4,74,2018
34013,413,1640,2053,2018
34015,543,97,640,2018
34017,1065,3552,4617,2018
34019,205,416,621,2018
34021,180,321,501,2018
34023,767,1970,2737,2018
34025,868,1029,1897,2018
34027,771,818,1589,2018
34029,2003,280,2283,2018
34031,135,489,624,2018
34033,63,0,63,2018
34035,290,1019,1309,2018
34037,88,68,156,2018
34039,305,2007,2312,2018
34041,90,18,108,2018
35000,423,0,423,2018
35001,1282,2,1284,2018
35005,57,0,57,2018
35007,13,0,13,2018
35009,56,54,110,2018
35013,843,122,965,2018
35015,178,106,284,2018
35017,9,0,9,2018
35025,166,0,166,2018
35027,87,0,87,2018
35028,8,3,11,2018
35029,19,0,19,2018
35031,4,0,4,2018
35035,0,0,0,2018
35041,21,0,21,2018
35043,686,95,781,2018
35045,67,4,71,2018
35047,1,0,1,2018
35049,243,30,273,2018
35051,0,0,0,2018
35053,2,0,2,2018
35055,111,0,111,2018
35061,118,3,121,2018
36001,247,432,679,2018
36003,42,0,42,2018
36005,7,3691,3698,2018
36007,61,222,283,2018
36009,83,2,85,2018
36011,114,2,116,2018
36013,133,2,135,2018
36015,25,161,186,2018
36017,39,121,160,2018
36019,88,49,137,2018
36021,93,4,97,2018
36023,32,61,93,2018
36025,40,0,40,2018
36027,257,264,521,2018
36029,810,439,1249,2018
36031,98,0,98,2018
36033,94,23,117,2018
36035,51,0,51,2018
36037,31,62,93,2018
36039,63,2,65,2018
36041,20,6,26,2018
36043,61,2,63,2018
36045,138,0,138,2018
36047,50,8395,8445,2018
36049,52,8,60,2018
36051,27,86,113,2018
36053,84,2,86,2018
36055,735,698,1433,2018
36057,36,0,36,2018
36059,816,168,984,2018
36061,0,3584,3584,2018
36063,165,39,204,2018
36065,122,90,212,2018
36067,353,166,519,2018
36069,237,214,451,2018
36071,472,612,1084,2018
36073,17,0,17,2018
36075,133,0,133,2018
36077,49,4,53,2018
36079,48,3,51,2018
36081,119,4458,4577,2018
36083,115,127,242,2018
36085,241,365,606,2018
36087,102,222,324,2018
36089,142,7,149,2018
36091,768,329,1097,2018
36093,69,114,183,2018
36095,32,6,38,2018
36097,57,0,57,2018
36099,50,0,50,2018
36101,89,4,93,2018
36103,798,204,1002,2018
36105,307,45,352,2018
36107,32,0,32,2018
36109,155,650,805,2018
36111,193,59,252,2018
36113,137,0,137,2018
36115,88,2,90,2018
36117,96,24,120,2018
36119,322,1350,1672,2018
36121,34,157,191,2018
36123,64,8,72,2018
37001,1084,335,1419,2018
37003,92,5,97,2018
37005,39,0,39,2018
37007,45,0,45,2018
37009,94,0,94,2018
37011,104,14,118,2018
37013,140,0,140,2018
37015,11,0,11,2018
37017,29,2,31,2018
37019,2612,314,2926,2018
37021,1429,238,1667,2018
37023,161,124,285,2018
37025,1809,212,2021,2018
37027,146,66,212,2018
37029,81,0,81,2018
37031,364,14,378,2018
37033,58,0,58,2018
37035,494,248,742,2018
37037,666,44,710,2018
37039,198,0,198,2018
37041,20,0,20,2018
37043,73,0,73,2018
37045,165,4,169,2018
37047,47,0,47,2018
37049,330,0,330,2018
37051,563,12,575,2018
37053,425,0,425,2018
37055,337,0,337,2018
37057,583,2,585,2018
37059,153,290,443,2018
37061,52,0,52,2018
37063,2023,1336,3359,2018
37065,39,0,39,2018
37067,2261,84,2345,2018
37069,674,62,736,2018
37071,1050,180,1230,2018
37073,46,0,46,2018
37075,13,2,15,2018
37077,251,2,253,2018
37079,26,0,26,2018
37081,1413,249,1662,2018
37083,32,92,124,2018
37085,597,0,597,2018
37087,197,4,201,2018
37089,504,330,834,2018
37091,0,0,0,2018
37093,240,4,244,2018
37095,11,0,11,2018
37097,1395,596,1991,2018
37099,241,180,421,2018
37101,2539,11,2550,2018
37103,22,0,22,2018
37105,158,0,158,2018
37107,29,64,93,2018
37109,754,38,792,2018
37111,120,2,122,2018
37113,95,0,95,2018
37115,103,0,103,2018
37117,22,0,22,2018
37119,5813,8236,14049,2018
37121,40,0,40,2018
37123,72,0,72,2018
37125,762,0,762,2018
37127,196,0,196,2018
37129,1336,582,1918,2018
37131,23,0,23,2018
37133,1018,18,1036,2018
37135,495,747,1242,2018
37137,37,0,37,2018
37139,136,0,136,2018
37141,532,0,532,2018
37143,38,0,38,2018
37145,105,0,105,2018
37147,610,540,1150,2018
37149,79,0,79,2018
37151,332,22,354,2018
37153,132,98,230,2018
37155,102,4,106,2018
37157,204,4,208,2018
37159,447,94,541,2018
37161,150,0,150,2018
37163,118,2,120,2018
37165,20,0,20,2018
37167,272,0,272,2018
37169,69,0,69,2018
37171,99,60,159,2018
37173,65,0,65,2018
37175,120,8,128,2018
37177,3,0,3,2018
37179,1634,0,1634,2018
37181,44,0,44,2018
37183,7947,4717,12664,2018
37185,44,11,55,2018
37187,5,0,5,2018
37189,197,134,331,2018
37191,269,6,275,2018
37193,94,0,94,2018
37195,234,0,234,2018
37197,57,0,57,2018
37199,39,0,39,2018
38001,0,0,0,2018
38003,3,4,7,2018
38005,0,0,0,2018
38007,7,0,7,2018
38009,9,0,9,2018
38011,1,0,1,2018
38013,4,0,4,2018
38015,271,96,367,2018
38017,879,1038,1917,2018
38019,4,0,4,2018
38021,2,0,2,2018
38023,1,0,1,2018
38025,10,0,10,2018
38027,0,0,0,2018
38029,5,0,5,2018
38031,5,0,5,2018
38033,5,0,5,2018
38035,163,97,260,2018
38037,2,4,6,2018
38039,2,0,2,2018
38041,0,0,0,2018
38043,0,0,0,2018
38045,1,0,1,2018
38047,0,0,0,2018
38049,4,2,6,2018
38051,0,0,0,2018
38053,10,0,10,2018
38055,29,5,34,2018
38057,3,0,3,2018
38059,105,54,159,2018
38061,20,0,20,2018
38063,0,0,0,2018
38065,7,0,7,2018
38067,0,0,0,2018
38069,5,0,5,2018
38071,6,4,10,2018
38073,4,0,4,2018
38075,1,0,1,2018
38077,32,0,32,2018
38079,0,0,0,2018
38081,19,2,21,2018
38083,2,0,2,2018
38085,0,0,0,2018
38087,0,0,0,2018
38089,73,0,73,2018
38091,0,0,0,2018
38093,11,0,11,2018
38095,0,0,0,2018
38097,16,0,16,2018
38099,6,0,6,2018
38101,89,0,89,2018
38103,1,0,1,2018
38105,88,0,88,2018
39001,16,0,16,2018
39003,76,10,86,2018
39005,54,0,54,2018
39007,92,22,114,2018
39009,4,2,6,2018
39011,106,4,110,2018
39013,8,107,115,2018
39015,88,4,92,2018
39017,694,97,791,2018
39019,1,0,1,2018
39021,46,0,46,2018
39023,68,0,68,2018
39025,499,80,579,2018
39027,54,0,54,2018
39029,19,33,52,2018
39031,7,2,9,2018
39033,8,0,8,2018
39035,644,38,682,2018
39037,64,4,68,2018
39039,35,4,39,2018
39041,1245,384,1629,2018
39043,71,0,71,2018
39045,565,117,682,2018
39047,32,2,34,2018
39049,1444,4131,5575,2018
39051,54,6,60,2018
39053,5,2,7,2018
39055,147,0,147,2018
39057,452,137,589,2018
39059,39,0,39,2018
39061,749,724,1473,2018
39063,110,16,126,2018
39065,13,0,13,2018
39067,0,0,0,2018
39069,19,0,19,2018
39071,9,3,12,2018
39073,2,2,4,2018
39075,1,0,1,2018
39077,35,4,39,2018
39079,62,0,62,2018
39081,6,0,6,2018
39083,133,0,133,2018
39085,409,0,409,2018
39087,9,0,9,2018
39089,251,10,261,2018
39091,55,0,55,2018
39093,946,168,1114,2018
39095,430,305,735,2018
39097,135,0,135,2018
39099,162,0,162,2018
39101,33,2,35,2018
39103,587,42,629,2018
39105,10,0,10,2018
39107,71,67,138,2018
39109,217,10,227,2018
39111,0,0,0,2018
39113,469,292,761,2018
39115,30,0,30,2018
39117,78,0,78,2018
39119,22,11,33,2018
39121,22,0,22,2018
39123,114,54,168,2018
39125,29,4,33,2018
39127,36,2,38,2018
39129,173,2,175,2018
39131,66,0,66,2018
39133,364,140,504,2018
39135,43,2,45,2018
39137,54,0,54,2018
39139,61,19,80,2018
39141,13,0,13,2018
39143,42,2,44,2018
39145,4,0,4,2018
39147,23,3,26,2018
39149,53,0,53,2018
39151,412,115,527,2018
39153,647,59,706,2018
39155,86,8,94,2018
39157,48,18,66,2018
39159,564,299,863,2018
39161,18,0,18,2018
39163,0,0,0,2018
39165,1167,305,1472,2018
39167,7,6,13,2018
39169,241,12,253,2018
39171,29,0,29,2018
39173,301,0,301,2018
39175,22,0,22,2018
40001,4,0,4,2018
40003,0,0,0,2018
40005,9,0,9,2018
40007,0,0,0,2018
40009,9,0,9,2018
40011,0,0,0,2018
40013,102,92,194,2018
40015,3,6,9,2018
40017,395,90,485,2018
40019,77,0,77,2018
40021,65,38,103,2018
40023,10,0,10,2018
40025,0,0,0,2018
40027,661,20,681,2018
40029,11,0,11,2018
40031,67,0,67,2018
40033,1,0,1,2018
40035,0,0,0,2018
40037,84,156,240,2018
40039,51,4,55,2018
40041,29,0,29,2018
40045,0,0,0,2018
40047,43,0,43,2018
40049,12,0,12,2018
40051,88,4,92,2018
40053,4,0,4,2018
40055,1,0,1,2018
40059,0,0,0,2018
40061,14,0,14,2018
40063,2,0,2,2018
40065,22,0,22,2018
40069,4,0,4,2018
40071,6,0,6,2018
40073,18,14,32,2018
40075,1,0,1,2018
40077,1,0,1,2018
40079,33,28,61,2018
40081,8,0,8,2018
40083,7,2,9,2018
40085,0,0,0,2018
40087,377,8,385,2018
40089,26,0,26,2018
40091,7,0,7,2018
40093,6,0,6,2018
40095,7,4,11,2018
40097,19,0,19,2018
40099,7,0,7,2018
40101,24,0,24,2018
40103,0,0,0,2018
40105,5,0,5,2018
40107,5,0,5,2018
40109,3894,176,4070,2018
40111,7,0,7,2018
40113,117,9,126,2018
40115,10,0,10,2018
40117,2,0,2,2018
40119,78,51,129,2018
40121,13,0,13,2018
40123,19,10,29,2018
40125,69,19,88,2018
40127,20,0,20,2018
40129,0,0,0,2018
40131,501,22,523,2018
40133,16,0,16,2018
40135,65,8,73,2018
40137,44,0,44,2018
40139,1,0,1,2018
40141,0,0,0,2018
40143,1795,372,2167,2018
40145,339,8,347,2018
40147,23,0,23,2018
40149,0,0,0,2018
40151,11,0,11,2018
40153,12,0,12,2018
41000,176,0,176,2018
41001,23,0,23,2018
41003,103,519,622,2018
41005,1244,510,1754,2018
41007,140,10,150,2018
41009,86,60,146,2018
41011,41,13,54,2018
41013,305,0,305,2018
41015,45,0,45,2018
41017,1818,165,1983,2018
41019,276,8,284,2018
41025,7,0,7,2018
41027,112,28,140,2018
41029,681,252,933,2018
41031,110,0,110,2018
41033,204,23,227,2018
41035,138,8,146,2018
41037,14,0,14,2018
41039,814,575,1389,2018
41041,169,65,234,2018
41043,446,94,540,2018
41045,22,0,22,2018
41047,899,474,1373,2018
41049,20,120,140,2018
41051,1035,5203,6238,2018
41053,269,42,311,2018
41057,141,0,141,2018
41059,164,0,164,2018
41061,43,9,52,2018
41063,22,6,28,2018
41067,1298,591,1889,2018
41071,352,140,492,2018
42001,224,0,224,2018
42003,1341,881,2222,2018
42005,11,0,11,2018
42007,152,49,201,2018
42009,70,0,70,2018
42011,380,220,600,2018
42013,101,0,101,2018
42015,56,0,56,2018
42017,834,73,907,2018
42019,666,48,714,2018
42021,66,0,66,2018
42023,0,0,0,2018
42025,87,0,87,2018
42027,265,63,328,2018
42029,1299,640,1939,2018
42031,14,42,56,2018
42033,72,0,72,2018
42035,27,0,27,2018
42037,60,87,147,2018
42039,52,0,52,2018
42041,785,394,1179,2018
42043,465,275,740,2018
42045,232,54,286,2018
42047,25,2,27,2018
42049,176,129,305,2018
42051,163,0,163,2018
42053,0,0,0,2018
42055,349,74,423,2018
42057,32,0,32,2018
42059,33,0,33,2018
42061,49,0,49,2018
42063,44,2,46,2018
42065,40,0,40,2018
42067,42,0,42,2018
42069,190,22,212,2018
42071,966,285,1251,2018
42073,46,0,46,2018
42075,278,21,299,2018
42077,424,52,476,2018
42079,268,44,312,2018
42081,103,37,140,2018
42083,15,0,15,2018
42085,118,0,118,2018
42087,42,0,42,2018
42089,186,0,186,2018
42091,934,1596,2530,2018
42093,23,24,47,2018
42095,481,94,575,2018
42097,167,0,167,2018
42099,94,0,94,2018
42101,683,2556,3239,2018
42103,97,0,97,2018
42105,14,0,14,2018
42107,93,12,105,2018
42109,36,0,36,2018
42111,94,0,94,2018
42113,10,0,10,2018
42115,44,4,48,2018
42117,37,0,37,2018
42119,45,0,45,2018
42121,34,0,34,2018
42123,18,0,18,2018
42125,371,71,442,2018
42127,122,0,122,2018
42129,273,11,284,2018
42131,29,0,29,2018
42133,788,128,916,2018
44001,41,148,189,2018
44003,141,51,192,2018
44005,138,2,140,2018
44007,289,87,376,2018
44009,327,70,397,2018
45001,38,0,38,2018
45003,879,0,879,2018
45005,7,0,7,2018
45007,966,34,1000,2018
45009,14,0,14,2018
45011,10,0,10,2018
45013,1865,24,1889,2018
45015,1606,731,2337,2018
45017,29,0,29,2018
45019,2485,1484,3969,2018
45021,118,54,172,2018
45023,31,0,31,2018
45025,73,0,73,2018
45027,46,0,46,2018
45029,56,2,58,2018
45031,99,0,99,2018
45033,28,0,28,2018
45035,696,0,696,2018
45037,114,0,114,2018
45039,51,0,51,2018
45041,422,41,463,2018
45043,339,29,368,2018
45045,3531,1138,4669,2018
45047,115,0,115,2018
45049,6,0,6,2018
45051,4129,391,4520,2018
45053,443,4,447,2018
45055,292,0,292,2018
45057,1032,196,1228,2018
45059,161,0,161,2018
45061,11,0,11,2018
45063,1861,35,1896,2018
45065,65,0,65,2018
45067,67,10,77,2018
45069,13,0,13,2018
45071,77,0,77,2018
45073,437,0,437,2018
45075,59,0,59,2018
45077,596,4,600,2018
45079,2205,439,2644,2018
45081,40,0,40,2018
45083,2659,0,2659,2018
45085,279,0,279,2018
45087,26,0,26,2018
45089,61,42,103,2018
45091,2442,250,2692,2018
46003,7,0,7,2018
46005,17,0,17,2018
46007,3,0,3,2018
46009,10,0,10,2018
46011,131,113,244,2018
46013,49,20,69,2018
46015,9,6,15,2018
46017,0,0,0,2018
46019,22,0,22,2018
46021,0,0,0,2018
46023,16,0,16,2018
46025,10,0,10,2018
46027,30,243,273,2018
46029,65,114,179,2018
46031,0,0,0,2018
46033,62,2,64,2018
46035,30,10,40,2018
46037,18,0,18,2018
46039,1,0,1,2018
46041,0,0,0,2018
46043,9,0,9,2018
46045,14,0,14,2018
46047,10,0,10,2018
46049,11,0,11,2018
46051,10,0,10,2018
46053,3,0,3,2018
46055,0,0,0,2018
46057,37,10,47,2018
46059,1,0,1,2018
46061,13,0,13,2018
46063,2,0,2,2018
46065,22,0,22,2018
46067,6,0,6,2018
46069,0,0,0,2018
46071,0,0,0,2018
46073,2,0,2,2018
46075,0,6,6,2018
46077,18,0,18,2018
46079,34,4,38,2018
46081,159,49,208,2018
46083,118,84,202,2018
46085,3,0,3,2018
46087,22,0,22,2018
46089,0,8,8,2018
46091,12,0,12,2018
46093,136,12,148,2018
46095,2,0,2,2018
46097,3,0,3,2018
46099,1211,922,2133,2018
46101,6,0,6,2018
46103,334,288,622,2018
46105,0,0,0,2018
46107,0,0,0,2018
46109,30,0,30,2018
46111,3,0,3,2018
46115,10,2,12,2018
46117,12,0,12,2018
46119,12,0,12,2018
46121,1,0,1,2018
46123,3,0,3,2018
46125,29,2,31,2018
46127,143,19,162,2018
46129,9,4,13,2018
46135,55,60,115,2018
47001,196,2,198,2018
47003,256,2,258,2018
47005,15,0,15,2018
47007,0,0,0,2018
47009,684,184,868,2018
47011,416,68,484,2018
47013,264,0,264,2018
47015,7,0,7,2018
47017,3,0,3,2018
47019,123,4,127,2018
47021,292,0,292,2018
47023,21,0,21,2018
47025,73,20,93,2018
47027,18,0,18,2018
47029,0,0,0,2018
47031,252,10,262,2018
47033,25,0,25,2018
47035,914,0,914,2018
47037,3666,3268,6934,2018
47039,0,0,0,2018
47041,101,0,101,2018
47043,356,0,356,2018
47045,73,6,79,2018
47047,323,5,328,2018
47049,0,0,0,2018
47051,180,31,211,2018
47053,105,4,109,2018
47055,102,5,107,2018
47057,58,0,58,2018
47059,164,7,171,2018
47061,4,0,4,2018
47063,145,0,145,2018
47065,1461,226,1687,2018
47067,0,0,0,2018
47069,24,0,24,2018
47071,20,2,22,2018
47073,126,0,126,2018
47075,15,0,15,2018
47077,17,0,17,2018
47079,15,6,21,2018
47081,71,2,73,2018
47083,0,0,0,2018
47085,11,0,11,2018
47087,0,0,0,2018
47089,141,16,157,2018
47091,1,0,1,2018
47093,1861,537,2398,2018
47095,2,0,2,2018
47097,27,0,27,2018
47099,7,4,11,2018
47101,83,0,83,2018
47103,16,0,16,2018
47105,424,0,424,2018
47107,18,6,24,2018
47109,6,0,6,2018
47111,133,6,139,2018
47113,234,0,234,2018
47115,131,0,131,2018
47117,162,0,162,2018
47119,1538,28,1566,2018
47121,40,0,40,2018
47123,109,0,109,2018
47125,1446,277,1723,2018
47127,21,0,21,2018
47129,0,0,0,2018
47131,28,0,28,2018
47133,5,0,5,2018
47135,7,0,7,2018
47139,192,0,192,2018
47141,370,126,496,2018
47143,101,0,101,2018
47145,103,0,103,2018
47147,383,4,387,2018
47149,2585,1386,3971,2018
47151,9,0,9,2018
47153,10,0,10,2018
47155,647,393,1040,2018
47157,949,1302,2251,2018
47159,77,0,77,2018
47161,6,0,6,2018
47163,290,43,333,2018
47165,1262,466,1728,2018
47167,183,0,183,2018
47169,75,50,125,2018
47171,7,0,7,2018
47173,100,0,100,2018
47175,2,0,2,2018
47177,88,0,88,2018
47179,328,173,501,2018
47181,0,0,0,2018
47183,55,0,55,2018
47185,138,0,138,2018
47187,1716,405,2121,2018
47189,1309,74,1383,2018
48001,24,9,33,2018
48003,22,0,22,2018
48005,93,0,93,2018
48007,175,14,189,2018
48009,11,6,17,2018
48011,8,0,8,2018
48013,40,0,40,2018
48015,21,0,21,2018
48017,0,0,0,2018
48019,0,0,0,2018
48021,150,6,156,2018
48023,0,0,0,2018
48025,5,4,9,2018
48027,1822,348,2170,2018
48029,4371,2907,7278,2018
48031,3,2,5,2018
48035,5,0,5,2018
48037,52,102,154,2018
48039,3365,2,3367,2018
48041,933,833,1766,2018
48043,9,0,9,2018
48047,1,0,1,2018
48049,150,7,157,2018
48051,6,0,6,2018
48053,539,74,613,2018
48055,270,208,478,2018
48057,57,0,57,2018
48059,16,0,16,2018
48061,1392,95,1487,2018
48063,9,4,13,2018
48065,2,0,2,2018
48067,11,4,15,2018
48069,1,0,1,2018
48071,593,0,593,2018
48073,16,0,16,2018
48075,0,0,0,2018
48077,3,49,52,2018
48079,0,0,0,2018
48081,0,0,0,2018
48083,0,0,0,2018
48085,10424,5362,15786,2018
48087,0,0,0,2018
48089,14,9,23,2018
48091,2246,565,2811,2018
48093,3,10,13,2018
48095,0,0,0,2018
48097,55,0,55,2018
48099,208,40,248,2018
48101,0,0,0,2018
48103,1,0,1,2018
48107,1,0,1,2018
48109,7,0,7,2018
48111,8,10,18,2018
48113,4696,13427,18123,2018
48115,0,0,0,2018
48117,2,0,2,2018
48119,3,0,3,2018
48121,7173,1306,8479,2018
48123,9,0,9,2018
48127,0,0,0,2018
48129,0,0,0,2018
48133,5,6,11,2018
48135,716,24,740,2018
48139,1952,506,2458,2018
48141,1751,665,2416,2018
48143,42,157,199,2018
48145,4,0,4,2018
48147,34,9,43,2018
48149,16,0,16,2018
48153,0,0,0,2018
48157,8949,74,9023,2018
48159,6,0,6,2018
48161,5,0,5,2018
48163,9,2,11,2018
48165,1,0,1,2018
48167,2201,0,2201,2018
48169,1,0,1,2018
48171,60,0,60,2018
48175,0,0,0,2018
48177,20,0,20,2018
48179,2,0,2,2018
48181,531,226,757,2018
48183,169,74,243,2018
48185,106,0,106,2018
48187,955,12,967,2018
48189,12,0,12,2018
48191,0,0,0,2018
48193,6,0,6,2018
48195,0,0,0,2018
48197,0,0,0,2018
48199,230,0,230,2018
48201,17732,16417,34149,2018
48203,28,2,30,2018
48207,3,0,3,2018
48209,2890,0,2890,2018
48211,0,0,0,2018
48213,138,0,138,2018
48215,2959,1683,4642,2018
48217,11,0,11,2018
48219,17,0,17,2018
48221,256,16,272,2018
48223,26,20,46,2018
48225,0,0,0,2018
48227,38,0,38,2018
48231,173,34,207,2018
48233,0,0,0,2018
48235,0,0,0,2018
48237,3,0,3,2018
48239,4,0,4,2018
48241,1,0,1,2018
48245,417,192,609,2018
48249,6,0,6,2018
48251,683,4,687,2018
48253,0,0,0,2018
48255,55,0,55,2018
48257,772,340,1112,2018
48259,313,0,313,2018
48265,50,87,137,2018
48267,0,0,0,2018
48271,1,0,1,2018
48273,6,0,6,2018
48275,0,0,0,2018
48277,34,14,48,2018
48279,0,0,0,2018
48281,40,2,42,2018
48283,2,0,2,2018
48285,6,0,6,2018
48287,12,0,12,2018
48289,0,0,0,2018
48291,722,2,724,2018
48293,2,0,2,2018
48295,1,0,1,2018
48297,3,0,3,2018
48299,254,12,266,2018
48303,1400,79,1479,2018
48305,1,0,1,2018
48307,1,0,1,2018
48309,760,86,846,2018
48313,11,0,11,2018
48315,1,4,5,2018
48317,5,0,5,2018
48319,4,45,49,2018
48321,168,0,168,2018
48323,68,4,72,2018
48325,31,0,31,2018
48329,1222,0,1222,2018
48331,9,0,9,2018
48335,1,40,41,2018
48337,8,0,8,2018
48339,6663,399,7062,2018
48341,9,0,9,2018
48343,0,0,0,2018
48347,0,4,4,2018
48349,152,2,154,2018
48353,9,0,9,2018
48355,1165,2,1167,2018
48357,2,0,2,2018
48359,0,0,0,2018
48361,553,12,565,2018
48363,11,0,11,2018
48365,6,0,6,2018
48367,410,288,698,2018
48369,1,0,1,2018
48371,5,0,5,2018
48373,300,0,300,2018
48375,543,113,656,2018
48377,15,0,15,2018
48379,7,0,7,2018
48381,84,0,84,2018
48383,1,0,1,2018
48385,0,0,0,2018
48387,1,0,1,2018
48389,30,15,45,2018
48391,19,0,19,2018
48395,84,0,84,2018
48397,1517,0,1517,2018
48399,6,0,6,2018
48401,9,2,11,2018
48403,1,0,1,2018
48405,0,0,0,2018
48407,376,0,376,2018
48409,371,0,371,2018
48411,2,0,2,2018
48413,1,0,1,2018
48415,12,0,12,2018
48419,0,0,0,2018
48421,10,8,18,2018
48423,478,182,660,2018
48425,12,0,12,2018
48427,0,2,2,2018
48429,1,0,1,2018
48435,0,0,0,2018
48437,0,0,0,2018
48439,8688,5771,14459,2018
48441,319,22,341,2018
48445,0,0,0,2018
48449,22,4,26,2018
48451,262,0,262,2018
48453,8978,10542,19520,2018
48455,3,0,3,2018
48457,5,0,5,2018
48459,5,0,5,2018
48461,3,0,3,2018
48463,18,0,18,2018
48465,81,0,81,2018
48467,31,0,31,2018
48469,70,0,70,2018
48471,191,361,552,2018
48473,75,73,148,2018
48475,1,0,1,2018
48477,59,80,139,2018
48479,1078,297,1375,2018
48481,96,4,100,2018
48483,0,0,0,2018
48485,103,148,251,2018
48487,1,0,1,2018
48489,43,0,43,2018
48491,4742,2249,6991,2018
48493,57,0,57,2018
48495,1,0,1,2018
48497,76,7,83,2018
48499,11,2,13,2018
48501,4,0,4,2018
48503,3,0,3,2018
48507,0,0,0,2018
49001,13,2,15,2018
49003,264,30,294,2018
49005,664,499,1163,2018
49007,23,0,23,2018
49009,9,0,9,2018
49011,1536,633,2169,2018
49013,89,58,147,2018
49015,15,0,15,2018
49017,3,0,3,2018
49019,145,13,158,2018
49021,403,96,499,2018
49023,64,8,72,2018
49025,115,4,119,2018
49027,27,6,33,2018
49029,74,0,74,2018
49031,32,0,32,2018
49033,51,0,51,2018
49035,4759,3271,8030,2018
49037,33,0,33,2018
49039,62,0,62,2018
49041,66,4,70,2018
49043,255,133,388,2018
49045,632,88,720,2018
49047,53,0,53,2018
49049,5452,1317,6769,2018
49051,389,136,525,2018
49053,2351,538,2889,2018
49055,24,0,24,2018
49057,942,193,1135,2018
50001,77,12,89,2018
50003,42,10,52,2018
50005,36,20,56,2018
50007,294,693,987,2018
50009,16,0,16,2018
50011,126,22,148,2018
50013,27,2,29,2018
50015,78,18,96,2018
50017,14,0,14,2018
50019,41,112,153,2018
50021,47,0,47,2018
50023,133,10,143,2018
50025,93,48,141,2018
50027,107,2,109,2018
51001,88,4,92,2018
51003,638,459,1097,2018
51005,15,0,15,2018
51007,49,0,49,2018
51009,66,0,66,2018
51011,60,6,66,2018
51013,206,2550,2756,2018
51015,166,56,222,2018
51017,6,0,6,2018
51019,29,53,82,2018
51021,25,0,25,2018
51023,114,0,114,2018
51025,0,0,0,2018
51027,4,0,4,2018
51029,23,0,23,2018
51031,58,20,78,2018
51033,104,0,104,2018
51035,1,0,1,2018
51036,17,0,17,2018
51037,23,0,23,2018
51041,1535,725,2260,2018
51043,35,0,35,2018
51045,5,0,5,2018
51047,222,120,342,2018
51049,25,0,25,2018
51051,2,0,2,2018
51053,75,0,75,2018
51057,40,0,40,2018
51059,1058,499,1557,2018
51061,289,48,337,2018
51063,44,0,44,2018
51065,121,0,121,2018
51067,122,0,122,2018
51069,525,191,716,2018
51071,31,0,31,2018
51073,158,0,158,2018
51075,190,0,190,2018
51077,29,0,29,2018
51079,139,10,149,2018
51081,13,0,13,2018
51083,42,0,42,2018
51085,487,0,487,2018
51087,998,480,1478,2018
51089,21,0,21,2018
51091,14,0,14,2018
51093,178,0,178,2018
51095,386,68,454,2018
51097,15,0,15,2018
51099,132,0,132,2018
51101,129,0,129,2018
51103,51,0,51,2018
51105,15,0,15,2018
51107,2511,1204,3715,2018
51109,287,0,287,2018
51111,7,0,7,2018
51113,60,0,60,2018
51115,19,0,19,2018
51117,66,2,68,2018
51119,35,0,35,2018
51121,302,127,429,2018
51125,45,0,45,2018
51127,253,0,253,2018
51131,39,10,49,2018
51133,42,0,42,2018
51135,34,16,50,2018
51137,187,0,187,2018
51139,59,0,59,2018
51141,43,0,43,2018
51143,50,0,50,2018
51145,191,0,191,2018
51147,49,0,49,2018
51149,89,0,89,2018
51153,1248,313,1561,2018
51155,49,0,49,2018
51157,24,0,24,2018
51159,22,6,28,2018
51161,159,0,159,2018
51163,60,0,60,2018
51165,395,0,395,2018
51167,12,0,12,2018
51169,21,0,21,2018
51171,115,0,115,2018
51173,14,3,17,2018
51175,50,0,50,2018
51177,648,940,1588,2018
51179,1048,0,1048,2018
51181,25,0,25,2018
51183,33,0,33,2018
51185,14,0,14,2018
51187,158,0,158,2018
51191,61,4,65,2018
51193,95,0,95,2018
51195,6,0,6,2018
51197,42,19,61,2018
51199,191,506,697,2018
51510,112,0,112,2018
51520,5,6,11,2018
51530,1,0,1,2018
51540,62,118,180,2018
51550,921,110,1031,2018
51570,12,0,12,2018
51580,1,0,1,2018
51590,3,0,3,2018
51595,5,0,5,2018
51600,12,5,17,2018
51610,46,0,46,2018
51620,0,0,0,2018
51630,41,369,410,2018
51640,2,0,2,2018
51650,179,0,179,2018
51660,55,33,88,2018
51670,50,68,118,2018
51678,31,14,45,2018
51680,58,80,138,2018
51683,75,12,87,2018
51685,0,0,0,2018
51690,0,0,0,2018
51700,124,0,124,2018
51710,317,277,594,2018
51720,2,0,2,2018
51730,13,0,13,2018
51735,27,14,41,2018
51740,137,0,137,2018
51750,9,4,13,2018
51760,273,290,563,2018
51770,32,83,115,2018
51775,0,0,0,2018
51790,36,14,50,2018
51800,501,216,717,2018
51810,534,245,779,2018
51820,30,15,45,2018
51830,25,0,25,2018
51840,20,138,158,2018
53001,47,0,47,2018
53003,30,4,34,2018
53005,942,343,1285,2018
53007,420,170,590,2018
53009,320,16,336,2018
53011,2793,805,3598,2018
53013,4,0,4,2018
53015,294,24,318,2018
53017,206,11,217,2018
53019,1,0,1,2018
53021,616,0,616,2018
53023,2,0,2,2018
53025,383,68,451,2018
53027,455,8,463,2018
53029,375,16,391,2018
53031,143,0,143,2018
53033,4442,14018,18460,2018
53035,903,246,1149,2018
53037,435,194,629,2018
53039,119,8,127,2018
53041,271,4,275,2018
53043,58,0,58,2018
53045,266,10,276,2018
53047,149,4,153,2018
53049,94,37,131,2018
53051,48,0,48,2018
53053,2491,2958,5449,2018
53055,152,4,156,2018
53057,542,43,585,2018
53059,61,2,63,2018
53061,2201,2076,4277,2018
53063,1696,1230,2926,2018
53065,200,0,200,2018
53067,912,838,1750,2018
53069,11,0,11,2018
53071,221,0,221,2018
53073,767,697,1464,2018
53075,126,138,264,2018
53077,480,98,578,2018
54001,0,4,4,2018
54003,1057,26,1083,2018
54005,6,0,6,2018
54007,0,0,0,2018
54009,5,0,5,2018
54011,65,34,99,2018
54015,18,0,18,2018
54017,0,0,0,2018
54019,24,0,24,2018
54021,6,30,36,2018
54023,22,43,65,2018
54025,71,0,71,2018
54027,60,0,60,2018
54029,13,2,15,2018
54031,40,0,40,2018
54033,59,92,151,2018
54035,2,0,2,2018
54037,207,10,217,2018
54039,82,0,82,2018
54041,0,0,0,2018
54043,18,0,18,2018
54045,0,0,0,2018
54047,2,0,2,2018
54049,10,11,21,2018
54051,0,0,0,2018
54053,5,0,5,2018
54055,5,0,5,2018
54057,37,0,37,2018
54059,0,0,0,2018
54061,14,245,259,2018
54063,0,0,0,2018
54065,36,0,36,2018
54067,0,0,0,2018
54069,1,0,1,2018
54071,10,0,10,2018
54073,9,0,9,2018
54075,4,0,4,2018
54077,7,0,7,2018
54079,85,0,85,2018
54081,62,0,62,2018
54083,2,11,13,2018
54085,54,0,54,2018
54087,0,0,0,2018
54089,21,0,21,2018
54091,0,0,0,2018
54093,1,0,1,2018
54095,10,0,10,2018
54097,44,0,44,2018
54099,28,0,28,2018
54101,0,0,0,2018
54103,50,0,50,2018
54105,9,0,9,2018
54107,78,38,116,2018
54109,2,0,2,2018
55001,80,2,82,2018
55003,8,0,8,2018
55005,139,100,239,2018
55007,99,0,99,2018
55009,572,435,1007,2018
55011,27,0,27,2018
55013,82,0,82,2018
55015,143,88,231,2018
55017,199,100,299,2018
55019,40,28,68,2018
55021,157,8,165,2018
55023,33,2,35,2018
55025,1319,2011,3330,2018
55027,122,102,224,2018
55029,159,7,166,2018
55031,100,0,100,2018
55033,100,4,104,2018
55035,287,176,463,2018
55037,19,0,19,2018
55039,149,126,275,2018
55041,45,0,45,2018
55043,76,24,100,2018
55045,83,10,93,2018
55047,43,6,49,2018
55049,64,0,64,2018
55051,29,0,29,2018
55053,37,0,37,2018
55055,169,68,237,2018
55057,107,16,123,2018
55059,228,83,311,2018
55061,42,0,42,2018
55063,169,379,548,2018
55065,31,0,31,2018
55067,58,4,62,2018
55069,96,36,132,2018
55071,95,54,149,2018
55073,274,34,308,2018
55075,125,0,125,2018
55077,41,0,41,2018
55078,9,0,9,2018
55079,127,1408,1535,2018
55081,109,6,115,2018
55083,152,0,152,2018
55085,178,0,178,2018
55087,638,118,756,2018
55089,221,39,260,2018
55091,13,0,13,2018
55093,137,0,137,2018
55095,195,8,203,2018
55097,147,14,161,2018
55099,62,0,62,2018
55101,282,97,379,2018
55103,30,45,75,2018
55105,310,30,340,2018
55107,70,0,70,2018
55109,487,76,563,2018
55111,192,18,210,2018
55113,95,0,95,2018
55115,67,2,69,2018
55117,177,14,191,2018
55119,35,2,37,2018
55121,95,44,139,2018
55123,83,16,99,2018
55125,200,46,246,2018
55127,283,92,375,2018
55129,77,0,77,2018
55131,344,72,416,2018
55133,1042,538,1580,2018
55135,94,108,202,2018
55137,65,0,65,2018
55139,275,103,378,2018
55141,102,275,377,2018
56001,99,47,146,2018
56003,5,0,5,2018
56005,84,0,84,2018
56007,26,0,26,2018
56009,12,0,12,2018
56011,8,0,8,2018
56013,12,0,12,2018
56015,0,0,0,2018
56017,1,0,1,2018
56019,19,0,19,2018
56021,391,148,539,2018
56023,144,4,148,2018
56025,140,34,174,2018
56027,1,0,1,2018
56029,125,2,127,2018
56031,26,0,26,2018
56033,150,27,177,2018
56035,56,0,56,2018
56037,54,0,54,2018
56039,151,17,168,2018
56041,29,0,29,2018
56043,0,0,0,2018
56045,0,0,0,2018
01001,242,0,242,2019
01003,2740,410,3150,2019
01005,9,0,9,2019
01007,14,3,17,2019
01009,25,4,29,2019
01011,0,0,0,2019
01013,7,0,7,2019
01015,105,0,105,2019
01017,9,56,65,2019
01019,26,0,26,2019
01021,31,0,31,2019
01023,0,0,0,2019
01025,4,0,4,2019
01027,0,0,0,2019
01029,1,0,1,2019
01031,125,182,307,2019
01033,162,0,162,2019
01035,10,0,10,2019
01037,0,0,0,2019
01039,12,56,68,2019
01041,4,0,4,2019
01043,188,60,248,2019
01045,34,0,34,2019
01047,17,0,17,2019
01049,56,0,56,2019
01051,66,0,66,2019
01053,7,0,7,2019
01055,71,0,71,2019
01057,2,0,2,2019
01059,11,4,15,2019
01061,14,8,22,2019
01063,6,0,6,2019
01065,23,0,23,2019
01067,24,0,24,2019
01069,325,52,377,2019
01071,28,0,28,2019
01073,1625,128,1753,2019
01075,1,0,1,2019
01077,93,26,119,2019
01079,3,0,3,2019
01081,1129,962,2091,2019
01083,283,0,283,2019
01085,0,0,0,2019
01087,8,0,8,2019
01089,3116,167,3283,2019
01091,2,0,2,2019
01093,2,47,49,2019
01095,136,5,141,2019
01097,739,3,742,2019
01099,4,0,4,2019
01101,461,6,467,2019
01103,174,0,174,2019
01105,0,0,0,2019
01107,9,0,9,2019
01109,89,0,89,2019
01111,0,0,0,2019
01113,163,2,165,2019
01115,290,4,294,2019
01117,1078,0,1078,2019
01119,10,0,10,2019
01121,124,14,138,2019
01123,132,0,132,2019
01125,592,844,1436,2019
01127,34,0,34,2019
01129,4,0,4,2019
01131,1,0,1,2019
01133,5,0,5,2019
02013,0,0,0,2019
02016,4,0,4,2019
02020,838,221,1059,2019
02050,8,9,17,2019
02060,8,0,8,2019
02070,2,0,2,2019
02090,6,16,22,2019
02100,9,0,9,2019
02105,5,0,5,2019
02110,53,121,174,2019
02122,71,46,117,2019
02130,34,13,47,2019
02150,10,20,30,2019
02158,0,0,0,2019
02170,40,64,104,2019
02180,4,2,6,2019
02185,0,0,0,2019
02188,8,0,8,2019
02195,9,0,9,2019
02198,3,6,9,2019
02220,8,3,11,2019
02230,4,12,16,2019
02261,15,0,15,2019
02275,3,0,3,2019
02282,5,0,5,2019
02290,0,0,0,2019
04001,56,0,56,2019
04003,249,5,254,2019
04005,535,193,728,2019
04007,145,4,149,2019
04009,141,6,147,2019
04011,4,0,4,2019
04012,11,12,23,2019
04013,20075,10704,30779,2019
04015,1049,62,1111,2019
04017,332,49,381,2019
04019,3490,823,4313,2019
04021,4951,143,5094,2019
04023,155,0,155,2019
04025,1588,592,2180,2019
04027,1200,6,1206,2019
05001,17,0,17,2019
05003,1,0,1,2019
05005,7,13,20,2019
05007,2662,1212,3874,2019
05009,20,0,20,2019
05011,0,0,0,2019
05013,0,0,0,2019
05015,17,58,75,2019
05017,2,0,2,2019
05019,12,2,14,2019
05021,5,18,23,2019
05023,7,4,11,2019
05025,0,0,0,2019
05027,15,6,21,2019
05029,10,2,12,2019
05031,566,296,862,2019
05033,85,26,111,2019
05035,51,0,51,2019
05037,6,0,6,2019
05039,1,0,1,2019
05041,8,0,8,2019
05043,6,6,12,2019
05045,306,119,425,2019
05047,9,0,9,2019
05049,0,0,0,2019
05051,48,70,118,2019
05053,29,0,29,2019
05055,121,108,229,2019
05057,0,0,0,2019
05059,5,0,5,2019
05061,0,0,0,2019
05063,15,5,20,2019
05065,3,0,3,2019
05067,29,0,29,2019
05069,35,6,41,2019
05071,34,4,38,2019
05073,0,0,0,2019
05075,11,64,75,2019
05077,0,0,0,2019
05079,2,0,2,2019
05081,2,2,4,2019
05083,1,14,15,2019
05085,347,4,351,2019
05087,12,2,14,2019
05089,72,0,72,2019
05091,28,0,28,2019
05093,59,24,83,2019
05095,1,0,1,2019
05099,0,0,0,2019
05101,0,0,0,2019
05103,9,2,11,2019
05105,0,0,0,2019
05107,2,44,46,2019
05111,27,0,27,2019
05113,1,0,1,2019
05115,84,26,110,2019
05117,6,0,6,2019
05119,913,949,1862,2019
05121,19,2,21,2019
05123,1,0,1,2019
05125,326,12,338,2019
05127,1,0,1,2019
05129,0,0,0,2019
05131,219,184,403,2019
05133,7,0,7,2019
05135,3,0,3,2019
05137,5,4,9,2019
05139,11,0,11,2019
05141,4,0,4,2019
05143,1473,1544,3017,2019
05145,88,18,106,2019
05147,0,0,0,2019
05149,3,4,7,2019
06001,1972,4430,6402,2019
06003,5,0,5,2019
06005,119,0,119,2019
06007,885,541,1426,2019
06009,117,0,117,2019
06011,37,0,37,2019
06013,1549,1138,2687,2019
06015,28,2,30,2019
06017,578,18,596,2019
06019,2441,952,3393,2019
06021,44,4,48,2019
06023,289,98,387,2019
06025,266,132,398,2019
06027,8,0,8,2019
06029,2190,71,2261,2019
06031,382,27,409,2019
06033,88,0,88,2019
06035,8,4,12,2019
06037,5884,15681,21565,2019
06039,644,0,644,2019
06041,179,61,240,2019
06043,33,2,35,2019
06045,128,4,132,2019
06047,948,0,948,2019
06049,6,0,6,2019
06051,61,8,69,2019
06053,391,89,480,2019
06055,135,614,749,2019
06057,388,114,502,2019
06059,3422,5567,8989,2019
06061,2045,307,2352,2019
06063,38,0,38,2019
06065,7002,1990,8992,2019
06067,3897,1691,5588,2019
06069,727,7,734,2019
06071,4145,1462,5607,2019
06073,3019,5197,8216,2019
06075,22,3178,3200,2019
06077,2628,871,3499,2019
06079,680,414,1094,2019
06081,354,998,1352,2019
06083,631,544,1175,2019
06085,1876,3620,5496,2019
06087,236,193,429,2019
06089,447,97,544,2019
06091,7,0,7,2019
06093,48,2,50,2019
06095,1078,11,1089,2019
06097,2079,350,2429,2019
06099,611,88,699,2019
06101,116,24,140,2019
06103,152,0,152,2019
06105,16,0,16,2019
06107,1619,253,1872,2019
06109,66,0,66,2019
06111,609,537,1146,2019
06113,664,231,895,2019
06115,538,0,538,2019
08001,2273,393,2666,2019
08003,42,10,52,2019
08005,2386,1146,3532,2019
08007,162,6,168,2019
08009,4,0,4,2019
08011,1,0,1,2019
08013,742,908,1650,2019
08014,333,10,343,2019
08015,143,21,164,2019
08017,12,2,14,2019
08019,20,47,67,2019
08021,26,0,26,2019
08023,0,0,0,2019
08025,2,0,2,2019
08027,88,0,88,2019
08029,60,6,66,2019
08031,2257,5073,7330,2019
08033,4,0,4,2019
08035,2623,536,3159,2019
08037,156,474,630,2019
08039,196,0,196,2019
08041,3931,1457,5388,2019
08043,129,10,139,2019
08045,147,180,327,2019
08047,32,0,32,2019
08049,203,20,223,2019
08051,110,83,193,2019
08053,9,0,9,2019
08055,37,0,37,2019
08057,5,0,5,2019
08059,787,1022,1809,2019
08061,3,0,3,2019
08063,3,0,3,2019
08065,28,9,37,2019
08067,238,59,297,2019
08069,1580,910,2490,2019
08071,32,26,58,2019
08073,14,0,14,2019
08075,24,0,24,2019
08077,678,140,818,2019
08079,24,0,24,2019
08081,14,0,14,2019
08083,24,2,26,2019
08085,221,16,237,2019
08087,142,4,146,2019
08089,6,0,6,2019
08091,51,10,61,2019
08093,174,0,174,2019
08095,3,2,5,2019
08097,39,12,51,2019
08099,3,0,3,2019
08101,484,4,488,2019
08103,9,0,9,2019
08105,14,4,18,2019
08107,161,89,250,2019
08109,68,2,70,2019
08111,5,2,7,2019
08113,34,17,51,2019
08115,2,0,2,2019
08117,290,111,401,2019
08119,120,0,120,2019
08121,10,0,10,2019
08123,3335,1052,4387,2019
08125,3,2,5,2019
09001,635,1691,2326,2019
09003,561,229,790,2019
09005,117,15,132,2019
09007,126,6,132,2019
09009,399,1054,1453,2019
09011,249,288,537,2019
09013,136,205,341,2019
09015,141,2,143,2019
10001,1216,124,1340,2019
10003,1316,416,1732,2019
10005,3041,426,3467,2019
11001,168,5777,5945,2019
12001,769,1551,2320,2019
12003,133,0,133,2019
12005,1274,521,1795,2019
12007,62,0,62,2019
12009,2454,1748,4202,2019
12011,1635,3495,5130,2019
12013,13,0,13,2019
12015,2075,254,2329,2019
12017,709,156,865,2019
12019,1246,74,1320,2019
12021,3300,691,3991,2019
12023,161,0,161,2019
12027,127,0,127,2019
12029,35,0,35,2019
12031,4290,2650,6940,2019
12033,1183,488,1671,2019
12035,1345,423,1768,2019
12037,86,0,86,2019
12039,53,0,53,2019
12041,66,0,66,2019
12043,36,0,36,2019
12045,158,0,158,2019
12047,16,0,16,2019
12049,35,14,49,2019
12051,224,13,237,2019
12053,985,138,1123,2019
12055,233,20,253,2019
12057,8828,5594,14422,2019
12059,10,0,10,2019
12061,1362,97,1459,2019
12063,82,0,82,2019
12065,56,0,56,2019
12067,9,0,9,2019
12069,3104,393,3497,2019
12071,5633,3472,9105,2019
12073,678,1275,1953,2019
12075,181,0,181,2019
12077,22,0,22,2019
12079,39,0,39,2019
12081,3150,1629,4779,2019
12083,2349,18,2367,2019
12085,427,296,723,2019
12086,2343,7665,10008,2019
12087,350,322,672,2019
12089,1401,30,1431,2019
12091,879,17,896,2019
12093,69,0,69,2019
12095,5295,5296,10591,2019
12097,5428,2509,7937,2019
12099,3263,2287,5550,2019
12101,3933,618,4551,2019
12103,924,2520,3444,2019
12105,6435,2291,8726,2019
12107,85,0,85,2019
12109,4513,350,4863,2019
12111,3076,478,3554,2019
12113,1551,0,1551,2019
12115,3392,1838,5230,2019
12117,1168,1277,2445,2019
12119,2657,271,2928,2019
12121,64,0,64,2019
12123,43,0,43,2019
12125,35,0,35,2019
12127,2427,558,2985,2019
12129,283,0,283,2019
12131,1514,1134,2648,2019
12133,70,0,70,2019
13001,4,0,4,2019
13003,0,0,0,2019
13005,0,0,0,2019
13007,0,0,0,2019
13009,104,0,104,2019
13011,58,0,58,2019
13013,734,0,734,2019
13015,613,235,848,2019
13017,7,0,7,2019
13019,34,0,34,2019
13021,132,0,132,2019
13023,13,0,13,2019
13025,4,13,17,2019
13027,30,0,30,2019
13029,564,0,564,2019
13031,466,18,484,2019
13033,59,0,59,2019
13035,95,0,95,2019
13037,0,0,0,2019
13039,251,18,269,2019
13043,3,0,3,2019
13045,784,8,792,2019
13047,267,46,313,2019
13049,20,0,20,2019
13051,887,431,1318,2019
13053,0,0,0,2019
13055,1,0,1,2019
13057,2172,266,2438,2019
13059,517,766,1283,2019
13061,3,0,3,2019
13063,835,70,905,2019
13065,4,0,4,2019
13067,1581,2008,3589,2019
13069,57,0,57,2019
13071,82,6,88,2019
13073,1125,423,1548,2019
13075,20,30,50,2019
13077,976,328,1304,2019
13079,34,0,34,2019
13081,27,0,27,2019
13083,5,4,9,2019
13085,386,0,386,2019
13087,44,8,52,2019
13089,1993,29,2022,2019
13091,15,60,75,2019
13093,0,0,0,2019
13095,18,220,238,2019
13097,449,0,449,2019
13099,14,0,14,2019
13101,5,0,5,2019
13103,700,9,709,2019
13105,29,0,29,2019
13107,4,2,6,2019
13109,9,22,31,2019
13111,292,0,292,2019
13113,476,2,478,2019
13115,263,0,263,2019
13117,1851,0,1851,2019
13119,68,0,68,2019
13121,3817,2579,6396,2019
13123,203,0,203,2019
13127,368,10,378,2019
13129,239,0,239,2019
13131,29,0,29,2019
13133,494,0,494,2019
13135,3412,792,4204,2019
13137,167,18,185,2019
13139,1072,407,1479,2019
13141,14,0,14,2019
13143,46,0,46,2019
13145,224,0,224,2019
13147,94,0,94,2019
13149,26,0,26,2019
13151,1689,132,1821,2019
13153,1044,168,1212,2019
13155,25,0,25,2019
13157,1018,79,1097,2019
13159,75,0,75,2019
13161,4,0,4,2019
13163,0,0,0,2019
13165,16,0,16,2019
13167,0,0,0,2019
13169,81,8,89,2019
13171,107,0,107,2019
13173,35,0,35,2019
13175,14,6,20,2019
13177,128,0,128,2019
13179,286,468,754,2019
13181,38,0,38,2019
13183,205,0,205,2019
13185,1104,102,1206,2019
13187,199,0,199,2019
13189,35,0,35,2019
13191,65,0,65,2019
13193,4,0,4,2019
13195,9,0,9,2019
13197,17,0,17,2019
13199,90,0,90,2019
13201,9,0,9,2019
13205,12,0,12,2019
13207,158,0,158,2019
13209,15,0,15,2019
13211,160,0,160,2019
13213,56,4,60,2019
13215,293,388,681,2019
13217,617,6,623,2019
13219,242,4,246,2019
13221,53,0,53,2019
13223,1635,0,1635,2019
13225,70,0,70,2019
13227,164,0,164,2019
13229,71,0,71,2019
13231,120,0,120,2019
13233,111,0,111,2019
13235,14,0,14,2019
13237,73,0,73,2019
13239,8,0,8,2019
13241,77,0,77,2019
13243,4,0,4,2019
13245,356,73,429,2019
13247,275,0,275,2019
13249,12,0,12,2019
13251,35,0,35,2019
13253,3,24,27,2019
13255,297,120,417,2019
13257,11,0,11,2019
13259,0,0,0,2019
13261,17,0,17,2019
13263,10,0,10,2019
13267,28,0,28,2019
13269,5,0,5,2019
13271,0,0,0,2019
13273,5,0,5,2019
13275,92,2,94,2019
13277,77,112,189,2019
13279,5,4,9,2019
13281,57,0,57,2019
13283,2,0,2,2019
13285,179,240,419,2019
13287,9,0,9,2019
13289,7,0,7,2019
13291,223,0,223,2019
13293,56,0,56,2019
13295,145,88,233,2019
13297,786,0,786,2019
13299,24,4,28,2019
13301,0,0,0,2019
13303,90,0,90,2019
13305,56,0,56,2019
13307,4,0,4,2019
13309,0,0,0,2019
13311,131,0,131,2019
13313,242,24,266,2019
13317,25,0,25,2019
13319,5,0,5,2019
13321,31,0,31,2019
15001,948,29,977,2019
15003,912,1367,2279,2019
15007,174,6,180,2019
15009,513,144,657,2019
16001,4828,2220,7048,2019
16003,6,0,6,2019
16005,277,30,307,2019
16007,51,0,51,2019
16009,40,0,40,2019
16011,172,66,238,2019
16013,83,26,109,2019
16015,80,0,80,2019
16017,118,13,131,2019
16019,817,8,825,2019
16021,71,2,73,2019
16023,2,0,2,2019
16025,7,0,7,2019
16027,2486,834,3320,2019
16029,12,0,12,2019
16031,82,2,84,2019
16033,4,0,4,2019
16035,23,0,23,2019
16037,2,2,4,2019
16039,75,0,75,2019
16041,85,0,85,2019
16043,128,0,128,2019
16045,132,6,138,2019
16047,40,0,40,2019
16049,5,0,5,2019
16051,219,50,269,2019
16053,86,0,86,2019
16055,1577,949,2526,2019
16057,88,26,114,2019
16059,49,0,49,2019
16061,5,0,5,2019
16063,10,0,10,2019
16065,159,195,354,2019
16067,51,8,59,2019
16069,70,25,95,2019
16071,18,0,18,2019
16073,44,2,46,2019
16075,62,8,70,2019
16077,8,0,8,2019
16079,29,2,31,2019
16081,149,6,155,2019
16083,513,236,749,2019
16085,181,18,199,2019
16087,34,4,38,2019
17001,61,0,61,2019
17003,0,0,0,2019
17005,10,0,10,2019
17007,50,0,50,2019
17009,1,0,1,2019
17011,18,2,20,2019
17013,7,0,7,2019
17015,17,0,17,2019
17017,3,0,3,2019
17019,215,928,1143,2019
17021,22,0,22,2019
17023,1,0,1,2019
17025,1,7,8,2019
17027,87,40,127,2019
17029,4,0,4,2019
17031,1171,8385,9556,2019
17033,3,0,3,2019
17035,0,0,0,2019
17037,75,22,97,2019
17039,11,0,11,2019
17041,21,2,23,2019
17043,878,321,1199,2019
17045,3,0,3,2019
17049,29,52,81,2019
17051,3,0,3,2019
17053,9,6,15,2019
17055,7,0,7,2019
17057,33,0,33,2019
17061,3,0,3,2019
17063,83,124,207,2019
17067,3,0,3,2019
17069,0,0,0,2019
17071,7,0,7,2019
17073,24,40,64,2019
17075,23,0,23,2019
17077,4,0,4,2019
17079,1,0,1,2019
17081,12,22,34,2019
17083,73,0,73,2019
17085,19,0,19,2019
17087,0,0,0,2019
17089,697,534,1231,2019
17091,85,0,85,2019
17093,316,21,337,2019
17095,16,0,16,2019
17097,557,79,636,2019
17099,60,60,120,2019
17101,50,0,50,2019
17103,22,8,30,2019
17105,18,6,24,2019
17107,8,0,8,2019
17109,1,0,1,2019
17111,559,6,565,2019
17113,115,77,192,2019
17115,35,0,35,2019
17117,61,0,61,2019
17119,357,105,462,2019
17121,13,0,13,2019
17123,5,30,35,2019
17125,4,0,4,2019
17127,0,0,0,2019
17129,4,0,4,2019
17131,7,0,7,2019
17133,92,73,165,2019
17135,27,0,27,2019
17137,5,12,17,2019
17139,33,19,52,2019
17141,36,5,41,2019
17143,71,0,71,2019
17145,26,0,26,2019
17147,32,0,32,2019
17149,21,4,25,2019
17151,0,0,0,2019
17153,9,0,9,2019
17155,14,0,14,2019
17157,31,0,31,2019
17159,2,0,2,2019
17161,76,22,98,2019
17163,384,2,386,2019
17165,0,0,0,2019
17167,145,180,325,2019
17169,0,0,0,2019
17173,41,0,41,2019
17175,1,0,1,2019
17177,16,0,16,2019
17179,66,60,126,2019
17181,12,0,12,2019
17183,12,0,12,2019
17185,5,25,30,2019
17187,8,0,8,2019
17189,12,0,12,2019
17191,0,0,0,2019
17193,1,0,1,2019
17195,15,0,15,2019
17197,1181,419,1600,2019
17199,168,10,178,2019
17201,179,71,250,2019
17203,42,0,42,2019
18001,41,12,53,2019
18003,1212,626,1838,2019
18005,189,0,189,2019
18007,3,0,3,2019
18009,3,0,3,2019
18011,506,242,748,2019
18013,69,0,69,2019
18015,37,0,37,2019
18017,37,0,37,2019
18019,592,312,904,2019
18021,7,0,7,2019
18023,40,2,42,2019
18025,0,0,0,2019
18027,16,10,26,2019
18029,117,31,148,2019
18031,57,0,57,2019
18033,150,0,150,2019
18035,58,0,58,2019
18037,67,102,169,2019
18039,339,11,350,2019
18041,11,0,11,2019
18043,207,0,207,2019
18045,10,43,53,2019
18047,44,2,46,2019
18049,18,0,18,2019
18051,93,48,141,2019
18053,62,2,64,2019
18057,2402,720,3122,2019
18059,562,4,566,2019
18061,112,0,112,2019
18063,872,181,1053,2019
18065,54,0,54,2019
18067,87,152,239,2019
18069,70,0,70,2019
18071,62,104,166,2019
18073,112,4,116,2019
18075,16,0,16,2019
18077,44,0,44,2019
18079,79,8,87,2019
18081,813,26,839,2019
18083,31,4,35,2019
18085,227,89,316,2019
18087,158,0,158,2019
18089,1207,80,1287,2019
18091,113,2,115,2019
18093,28,0,28,2019
18095,228,56,284,2019
18097,1234,1274,2508,2019
18099,71,2,73,2019
18101,2,2,4,2019
18103,26,0,26,2019
18105,226,506,732,2019
18107,74,3,77,2019
18109,261,6,267,2019
18111,21,0,21,2019
18113,107,0,107,2019
18115,22,0,22,2019
18117,3,49,52,2019
18119,30,0,30,2019
18121,24,0,24,2019
18123,31,0,31,2019
18125,0,0,0,2019
18127,495,54,549,2019
18129,48,0,48,2019
18131,10,4,14,2019
18133,121,92,213,2019
18135,15,0,15,2019
18137,70,27,97,2019
18139,17,16,33,2019
18141,323,0,323,2019
18143,32,0,32,2019
18145,52,0,52,2019
18147,49,5,54,2019
18149,64,0,64,2019
18151,141,6,147,2019
18153,5,0,5,2019
18155,60,0,60,2019
18157,449,848,1297,2019
18159,26,0,26,2019
18161,11,0,11,2019
18163,304,34,338,2019
18165,10,0,10,2019
18167,17,24,41,2019
18169,33,2,35,2019
18171,13,0,13,2019
18173,263,170,433,2019
18175,41,0,41,2019
18177,53,0,53,2019
18179,49,4,53,2019
18181,25,0,25,2019
18183,118,0,118,2019
19001,18,0,18,2019
19003,3,0,3,2019
19005,43,0,43,2019
19007,11,0,11,2019
19009,7,0,7,2019
19011,29,6,35,2019
19013,176,205,381,2019
19015,26,16,42,2019
19017,73,15,88,2019
19019,10,32,42,2019
19021,14,0,14,2019
19023,25,0,25,2019
19025,16,0,16,2019
19027,22,6,28,2019
19029,15,0,15,2019
19031,31,22,53,2019
19033,42,0,42,2019
19035,10,4,14,2019
19037,6,0,6,2019
19039,97,0,97,2019
19041,12,95,107,2019
19043,22,0,22,2019
19045,58,32,90,2019
19047,7,2,9,2019
19049,740,58,798,2019
19051,3,0,3,2019
19053,3,0,3,2019
19055,18,26,44,2019
19057,21,18,39,2019
19059,186,14,200,2019
19061,181,81,262,2019
19063,8,0,8,2019
19065,16,0,16,2019
19067,9,0,9,2019
19069,5,0,5,2019
19071,8,0,8,2019
19073,14,12,26,2019
19075,20,0,20,2019
19077,12,0,12,2019
19079,19,0,19,2019
19081,5,10,15,2019
19083,8,0,8,2019
19085,34,0,34,2019
19087,19,0,19,2019
19089,4,0,4,2019
19091,10,0,10,2019
19093,8,2,10,2019
19095,11,9,20,2019
19097,42,2,44,2019
19099,83,4,87,2019
19101,3,38,41,2019
19103,401,693,1094,2019
19105,17,4,21,2019
19107,2,0,2,2019
19109,19,0,19,2019
19111,3,0,3,2019
19113,463,295,758,2019
19115,18,0,18,2019
19117,8,0,8,2019
19119,27,0,27,2019
19121,91,9,100,2019
19123,11,16,27,2019
19125,116,0,116,2019
19127,37,4,41,2019
19129,5,4,9,2019
19131,42,4,46,2019
19133,8,2,10,2019
19135,11,0,11,2019
19137,10,0,10,2019
19139,36,48,84,2019
19141,15,4,19,2019
19143,5,0,5,2019
19145,10,0,10,2019
19147,6,0,6,2019
19149,50,61,111,2019
19151,1,0,1,2019
19153,2640,1281,3921,2019
19155,134,26,160,2019
19157,25,0,25,2019
19159,3,0,3,2019
19161,5,0,5,2019
19163,426,206,632,2019
19165,17,40,57,2019
19167,76,24,100,2019
19169,232,275,507,2019
19171,9,0,9,2019
19173,5,0,5,2019
19175,4,0,4,2019
19177,1,0,1,2019
19179,20,0,20,2019
19181,349,2,351,2019
19183,54,4,58,2019
19185,0,0,0,2019
19187,25,0,25,2019
19189,3,0,3,2019
19191,41,6,47,2019
19193,114,276,390,2019
19195,1,0,1,2019
19197,18,0,18,2019
20001,14,0,14,2019
20003,18,0,18,2019
20005,4,0,4,2019
20007,0,0,0,2019
20009,7,2,9,2019
20011,0,0,0,2019
20013,2,0,2,2019
20015,159,69,228,2019
20017,1,0,1,2019
20019,0,0,0,2019
20021,11,4,15,2019
20023,1,0,1,2019
20025,0,0,0,2019
20027,11,0,11,2019
20029,0,0,0,2019
20031,29,0,29,2019
20033,0,0,0,2019
20035,34,54,88,2019
20037,74,0,74,2019
20039,0,0,0,2019
20041,20,0,20,2019
20043,4,0,4,2019
20045,256,199,455,2019
20047,1,0,1,2019
20051,26,18,44,2019
20053,0,4,4,2019
20055,65,0,65,2019
20057,48,18,66,2019
20059,61,7,68,2019
20061,13,0,13,2019
20063,0,22,22,2019
20065,0,0,0,2019
20067,1,6,7,2019
20069,5,0,5,2019
20071,0,0,0,2019
20073,1,0,1,2019
20075,1,6,7,2019
20077,0,0,0,2019
20079,47,6,53,2019
20081,2,0,2,2019
20083,0,0,0,2019
20085,13,2,15,2019
20087,48,2,50,2019
20089,0,0,0,2019
20091,1609,1514,3123,2019
20093,1,8,9,2019
20095,6,2,8,2019
20097,1,4,5,2019
20099,4,0,4,2019
20101,0,0,0,2019
20103,246,12,258,2019
20105,0,0,0,2019
20107,43,0,43,2019
20109,0,0,0,2019
20111,21,48,69,2019
20113,45,18,63,2019
20115,14,0,14,2019
20117,3,0,3,2019
20119,2,0,2,2019
20121,76,16,92,2019
20123,0,0,0,2019
20125,1,0,1,2019
20127,4,0,4,2019
20129,0,0,0,2019
20131,22,0,22,2019
20133,3,2,5,2019
20135,1,0,1,2019
20137,1,0,1,2019
20139,31,4,35,2019
20141,0,0,0,2019
20143,8,0,8,2019
20145,1,0,1,2019
20147,0,0,0,2019
20149,189,7,196,2019
20151,0,0,0,2019
20153,1,0,1,2019
20155,46,0,46,2019
20157,1,0,1,2019
20159,8,0,8,2019
20161,60,67,127,2019
20163,1,0,1,2019
20165,0,0,0,2019
20167,7,0,7,2019
20169,44,6,50,2019
20171,3,20,23,2019
20173,1146,660,1806,2019
20175,13,4,17,2019
20177,190,13,203,2019
20181,0,0,0,2019
20183,0,0,0,2019
20185,10,0,10,2019
20187,0,0,0,2019
20189,5,0,5,2019
20191,37,2,39,2019
20193,3,0,3,2019
20195,0,0,0,2019
20197,19,0,19,2019
20199,0,0,0,2019
20201,1,0,1,2019
20203,0,0,0,2019
20205,7,0,7,2019
20207,2,0,2,2019
20209,176,46,222,2019
21001,0,0,0,2019
21003,3,6,9,2019
21005,66,4,70,2019
21009,114,13,127,2019
21011,0,0,0,2019
21013,34,0,34,2019
21015,440,64,504,2019
21017,45,2,47,2019
21019,2,0,2,2019
21021,20,22,42,2019
21025,1,0,1,2019
21027,7,0,7,2019
21029,328,22,350,2019
21031,1,0,1,2019
21033,3,0,3,2019
21035,14,26,40,2019
21037,168,40,208,2019
21041,2,6,8,2019
21043,4,2,6,2019
21045,0,0,0,2019
21047,49,107,156,2019
21049,49,51,100,2019
21051,0,0,0,2019
21053,0,0,0,2019
21055,1,0,1,2019
21057,0,0,0,2019
21059,277,43,320,2019
21065,0,0,0,2019
21067,579,804,1383,2019
21069,0,0,0,2019
21071,3,0,3,2019
21073,82,0,82,2019
21075,0,0,0,2019
21077,20,0,20,2019
21079,0,0,0,2019
21081,59,0,59,2019
21083,2,0,2,2019
21085,1,0,1,2019
21087,1,0,1,2019
21089,12,0,12,2019
21091,3,0,3,2019
21093,282,64,346,2019
21095,0,0,0,2019
21097,57,4,61,2019
21099,14,13,27,2019
21101,32,79,111,2019
21103,33,2,35,2019
21107,61,58,119,2019
21109,0,0,0,2019
21111,1231,2204,3435,2019
21113,178,19,197,2019
21115,0,0,0,2019
21117,308,0,308,2019
21121,0,0,0,2019
21123,37,0,37,2019
21125,1,4,5,2019
21133,0,0,0,2019
21135,0,0,0,2019
21137,49,0,49,2019
21141,9,0,9,2019
21143,8,8,16,2019
21145,109,26,135,2019
21147,0,0,0,2019
21149,2,0,2,2019
21151,181,128,309,2019
21155,14,4,18,2019
21157,75,8,83,2019
21161,12,2,14,2019
21163,106,2,108,2019
21167,49,0,49,2019
21173,57,19,76,2019
21175,24,0,24,2019
21177,5,4,9,2019
21179,229,66,295,2019
21181,3,0,3,2019
21183,5,11,16,2019
21185,219,64,283,2019
21187,1,0,1,2019
21191,0,0,0,2019
21193,0,0,0,2019
21195,8,0,8,2019
21197,1,0,1,2019
21199,100,16,116,2019
21205,0,2,2,2019
21207,6,4,10,2019
21209,351,2,353,2019
21211,232,40,272,2019
21213,122,34,156,2019
21215,127,0,127,2019
21217,6,0,6,2019
21219,4,2,6,2019
21221,15,4,19,2019
21227,587,165,752,2019
21229,11,2,13,2019
21231,0,0,0,2019
21233,1,4,5,2019
21235,9,8,17,2019
21239,106,60,166,2019
22001,22,0,22,2019
22003,38,0,38,2019
22005,862,0,862,2019
22007,21,0,21,2019
22009,63,0,63,2019
22011,187,0,187,2019
22013,0,0,0,2019
22015,640,0,640,2019
22017,300,0,300,2019
22019,979,339,1318,2019
22021,23,0,23,2019
22023,68,0,68,2019
22025,5,0,5,2019
22027,0,0,0,2019
22029,23,52,75,2019
22031,100,0,100,2019
22033,1278,10,1288,2019
22035,0,0,0,2019
22037,53,0,53,2019
22039,66,57,123,2019
22041,17,0,17,2019
22043,49,2,51,2019
22045,76,10,86,2019
22047,99,0,99,2019
22049,37,0,37,2019
22051,547,0,547,2019
22053,113,4,117,2019
22055,1138,24,1162,2019
22057,355,4,359,2019
22059,7,0,7,2019
22061,161,154,315,2019
22063,920,0,920,2019
22065,81,0,81,2019
22067,0,0,0,2019
22069,81,0,81,2019
22071,558,748,1306,2019
22073,349,163,512,2019
22075,84,7,91,2019
22077,52,0,52,2019
22079,254,28,282,2019
22081,0,0,0,2019
22083,28,0,28,2019
22085,43,0,43,2019
22087,194,14,208,2019
22089,122,0,122,2019
22091,35,0,35,2019
22093,38,4,42,2019
22095,75,0,75,2019
22097,187,0,187,2019
22099,173,0,173,2019
22101,17,2,19,2019
22103,1623,12,1635,2019
22105,869,119,988,2019
22107,0,4,4,2019
22109,139,23,162,2019
22111,4,0,4,2019
22113,223,0,223,2019
22115,44,0,44,2019
22117,20,0,20,2019
22119,171,0,171,2019
22121,229,0,229,2019
22123,10,0,10,2019
22125,63,0,63,2019
22127,0,0,0,2019
23000,69,0,69,2019
23001,156,72,228,2019
23003,66,42,108,2019
23005,918,899,1817,2019
23007,66,0,66,2019
23009,171,40,211,2019
23011,284,19,303,2019
23013,110,4,114,2019
23015,103,0,103,2019
23017,181,2,183,2019
23019,216,50,266,2019
23021,18,0,18,2019
23023,105,0,105,2019
23025,87,0,87,2019
23027,92,0,92,2019
23029,37,0,37,2019
23031,795,158,953,2019
24001,25,40,65,2019
24003,1746,904,2650,2019
24005,788,629,1417,2019
24009,190,240,430,2019
24011,65,0,65,2019
24013,330,12,342,2019
24015,188,0,188,2019
24017,696,80,776,2019
24019,54,0,54,2019
24021,1688,719,2407,2019
24023,86,21,107,2019
24025,806,124,930,2019
24027,761,18,779,2019
24029,25,0,25,2019
24031,710,2515,3225,2019
24033,2113,456,2569,2019
24035,241,98,339,2019
24037,615,74,689,2019
24039,25,0,25,2019
24041,68,2,70,2019
24043,245,2,247,2019
24045,226,40,266,2019
24047,232,84,316,2019
24510,130,380,510,2019
25001,427,86,513,2019
25003,77,199,276,2019
25005,572,76,648,2019
25007,140,0,140,2019
25009,569,565,1134,2019
25011,83,2,85,2019
25013,220,38,258,2019
25015,158,293,451,2019
25017,1161,4408,5569,2019
25019,154,2,156,2019
25021,658,1420,2078,2019
25023,981,133,1114,2019
25025,45,3124,3169,2019
25027,1047,727,1774,2019
26000,61,0,61,2019
26001,26,0,26,2019
26003,17,0,17,2019
26005,378,13,391,2019
26007,21,5,26,2019
26009,84,0,84,2019
26011,8,0,8,2019
26013,7,0,7,2019
26015,212,0,212,2019
26017,83,0,83,2019
26019,71,0,71,2019
26021,201,5,206,2019
26023,77,2,79,2019
26025,54,2,56,2019
26027,105,0,105,2019
26029,100,4,104,2019
26031,46,0,46,2019
26033,28,67,95,2019
26035,59,0,59,2019
26037,182,129,311,2019
26039,24,0,24,2019
26041,33,0,33,2019
26043,25,6,31,2019
26045,99,0,99,2019
26047,63,0,63,2019
26049,441,135,576,2019
26051,46,0,46,2019
26053,22,0,22,2019
26055,346,192,538,2019
26057,25,0,25,2019
26059,73,4,77,2019
26061,47,8,55,2019
26063,34,0,34,2019
26065,277,280,557,2019
26067,107,42,149,2019
26069,27,20,47,2019
26071,30,0,30,2019
26073,51,34,85,2019
26075,135,251,386,2019
26077,460,182,642,2019
26079,33,0,33,2019
26081,1289,1285,2574,2019
26083,11,0,11,2019
26085,17,0,17,2019
26087,156,0,156,2019
26089,163,0,163,2019
26091,100,0,100,2019
26093,644,52,696,2019
26095,5,0,5,2019
26097,41,0,41,2019
26099,1346,765,2111,2019
26101,12,0,12,2019
26103,65,10,75,2019
26105,65,5,70,2019
26107,58,2,60,2019
26109,30,0,30,2019
26111,108,6,114,2019
26113,21,0,21,2019
26115,303,20,323,2019
26117,56,0,56,2019
26119,0,0,0,2019
26121,339,0,339,2019
26123,130,0,130,2019
26125,1976,866,2842,2019
26127,17,10,27,2019
26129,21,0,21,2019
26131,19,0,19,2019
26133,39,0,39,2019
26135,20,0,20,2019
26137,19,0,19,2019
26139,1079,297,1376,2019
26141,36,0,36,2019
26143,21,0,21,2019
26145,139,109,248,2019
26147,224,114,338,2019
26149,85,0,85,2019
26151,33,0,33,2019
26153,12,0,12,2019
26155,55,4,59,2019
26157,34,0,34,2019
26159,123,2,125,2019
26161,608,207,815,2019
26163,847,823,1670,2019
26165,39,19,58,2019
27001,119,0,119,2019
27003,975,301,1276,2019
27005,205,46,251,2019
27007,66,62,128,2019
27009,95,135,230,2019
27011,14,0,14,2019
27013,135,57,192,2019
27015,29,8,37,2019
27017,73,105,178,2019
27019,583,20,603,2019
27021,205,4,209,2019
27023,9,0,9,2019
27025,225,4,229,2019
27027,187,81,268,2019
27029,4,0,4,2019
27031,68,2,70,2019
27033,11,0,11,2019
27035,495,52,547,2019
27037,1090,1132,2222,2019
27039,83,0,83,2019
27041,182,0,182,2019
27043,9,0,9,2019
27045,67,0,67,2019
27047,11,0,11,2019
27049,89,114,203,2019
27051,0,0,0,2019
27053,1984,7211,9195,2019
27055,25,0,25,2019
27057,23,28,51,2019
27059,258,0,258,2019
27061,100,2,102,2019
27063,12,0,12,2019
27065,49,0,49,2019
27067,67,78,145,2019
27069,5,0,5,2019
27071,13,0,13,2019
27073,7,0,7,2019
27075,62,0,62,2019
27077,37,0,37,2019
27079,85,4,89,2019
27081,9,0,9,2019
27083,25,59,84,2019
27085,52,38,90,2019
27087,0,0,0,2019
27089,0,0,0,2019
27091,14,0,14,2019
27093,55,2,57,2019
27095,67,30,97,2019
27097,92,10,102,2019
27099,37,82,119,2019
27101,17,0,17,2019
27103,37,8,45,2019
27105,12,6,18,2019
27107,2,0,2,2019
27109,402,497,899,2019
27111,61,40,101,2019
27113,14,26,40,2019
27115,69,3,72,2019
27117,3,2,5,2019
27119,39,0,39,2019
27121,35,0,35,2019
27123,264,2461,2725,2019
27125,1,0,1,2019
27127,18,4,22,2019
27129,10,0,10,2019
27131,128,70,198,2019
27133,13,4,17,2019
27135,13,0,13,2019
27137,347,370,717,2019
27139,676,845,1521,2019
27141,439,50,489,2019
27143,19,40,59,2019
27145,409,79,488,2019
27147,55,28,83,2019
27149,6,4,10,2019
27151,9,0,9,2019
27153,36,44,80,2019
27155,4,0,4,2019
27157,62,0,62,2019
27159,24,0,24,2019
27161,22,2,24,2019
27163,1394,372,1766,2019
27165,9,0,9,2019
27167,13,4,17,2019
27169,51,44,95,2019
27171,882,203,1085,2019
27173,7,4,11,2019
28001,1,0,1,2019
28003,15,0,15,2019
28005,0,0,0,2019
28007,4,0,4,2019
28009,0,0,0,2019
28011,25,0,25,2019
28013,0,0,0,2019
28017,1,0,1,2019
28019,4,0,4,2019
28021,0,0,0,2019
28023,1,0,1,2019
28025,6,0,6,2019
28027,23,0,23,2019
28029,5,0,5,2019
28031,0,0,0,2019
28033,1475,0,1475,2019
28035,69,48,117,2019
28037,0,0,0,2019
28039,8,0,8,2019
28041,0,0,0,2019
28043,2,0,2,2019
28045,518,142,660,2019
28047,1035,12,1047,2019
28049,182,320,502,2019
28051,5,4,9,2019
28053,2,0,2,2019
28057,3,0,3,2019
28059,504,0,504,2019
28061,0,0,0,2019
28063,0,0,0,2019
28065,0,0,0,2019
28067,5,0,5,2019
28071,174,32,206,2019
28073,20,0,20,2019
28075,56,0,56,2019
28077,0,0,0,2019
28079,1,0,1,2019
28081,163,0,163,2019
28083,9,0,9,2019
28085,16,0,16,2019
28087,114,4,118,2019
28089,559,0,559,2019
28091,1,0,1,2019
28093,118,0,118,2019
28095,3,48,51,2019
28097,12,82,94,2019
28099,0,0,0,2019
28101,0,0,0,2019
28103,0,0,0,2019
28105,67,42,109,2019
28107,11,0,11,2019
28109,256,23,279,2019
28111,1,0,1,2019
28113,3,0,3,2019
28115,31,24,55,2019
28117,11,0,11,2019
28119,0,0,0,2019
28121,255,0,255,2019
28123,7,0,7,2019
28125,0,0,0,2019
28127,41,0,41,2019
28129,3,0,3,2019
28131,45,0,45,2019
28133,8,0,8,2019
28135,3,0,3,2019
28137,126,0,126,2019
28139,4,0,4,2019
28141,5,0,5,2019
28143,71,0,71,2019
28145,12,4,16,2019
28147,0,0,0,2019
28149,23,3,26,2019
28151,18,0,18,2019
28153,0,0,0,2019
28155,4,0,4,2019
28157,0,0,0,2019
28159,5,0,5,2019
28161,15,0,15,2019
28163,0,0,0,2019
29001,42,0,42,2019
29003,26,0,26,2019
29005,1,0,1,2019
29007,19,8,27,2019
29009,26,0,26,2019
29011,0,0,0,2019
29013,2,0,2,2019
29015,6,0,6,2019
29017,1,0,1,2019
29019,623,166,789,2019
29021,90,96,186,2019
29023,10,0,10,2019
29025,20,0,20,2019
29027,67,0,67,2019
29029,196,64,260,2019
29031,107,687,794,2019
29033,6,0,6,2019
29035,0,0,0,2019
29037,428,44,472,2019
29039,4,0,4,2019
29041,4,0,4,2019
29043,593,100,693,2019
29045,0,0,0,2019
29047,223,246,469,2019
29049,53,70,123,2019
29051,183,15,198,2019
29053,9,0,9,2019
29055,11,0,11,2019
29057,2,0,2,2019
29059,0,32,32,2019
29061,7,0,7,2019
29063,4,0,4,2019
29065,0,0,0,2019
29067,5,0,5,2019
29069,21,0,21,2019
29071,300,82,382,2019
29073,5,0,5,2019
29075,2,0,2,2019
29077,626,217,843,2019
29079,4,0,4,2019
29081,0,0,0,2019
29083,6,0,6,2019
29087,0,0,0,2019
29089,1,0,1,2019
29091,13,22,35,2019
29093,0,0,0,2019
29095,1515,2268,3783,2019
29097,483,185,668,2019
29099,702,10,712,2019
29101,41,60,101,2019
29103,1,0,1,2019
29105,17,8,25,2019
29107,63,4,67,2019
29109,12,0,12,2019
29111,3,2,5,2019
29113,141,52,193,2019
29115,0,0,0,2019
29117,16,0,16,2019
29119,2,2,4,2019
29121,4,0,4,2019
29123,3,12,15,2019
29125,0,0,0,2019
29127,57,0,57,2019
29129,0,0,0,2019
29131,22,0,22,2019
29133,6,0,6,2019
29135,0,0,0,2019
29137,1,0,1,2019
29139,20,0,20,2019
29141,7,0,7,2019
29143,4,0,4,2019
29145,31,5,36,2019
29147,38,16,54,2019
29149,1,0,1,2019
29151,1,4,5,2019
29153,1,0,1,2019
29155,4,5,9,2019
29157,36,6,42,2019
29159,20,0,20,2019
29161,33,60,93,2019
29163,0,0,0,2019
29165,316,316,632,2019
29167,8,9,17,2019
29169,50,0,50,2019
29171,0,0,0,2019
29173,7,0,7,2019
29175,30,0,30,2019
29177,41,0,41,2019
29179,0,0,0,2019
29181,3,0,3,2019
29183,1686,768,2454,2019
29185,3,0,3,2019
29186,12,0,12,2019
29187,60,14,74,2019
29189,869,316,1185,2019
29195,1,2,3,2019
29197,4,0,4,2019
29199,1,0,1,2019
29201,34,13,47,2019
29203,0,0,0,2019
29205,1,0,1,2019
29207,17,0,17,2019
29209,144,8,152,2019
29211,0,0,0,2019
29213,169,78,247,2019
29215,1,4,5,2019
29217,13,0,13,2019
29219,295,161,456,2019
29221,0,0,0,2019
29223,0,0,0,2019
29225,34,2,36,2019
29227,0,0,0,2019
29229,10,0,10,2019
29510,115,266,381,2019
30000,0,0,0,2019
30001,13,0,13,2019
30003,0,0,0,2019
30005,0,0,0,2019
30007,0,0,0,2019
30009,16,0,16,2019
30011,0,0,0,2019
30013,122,12,134,2019
30015,11,0,11,2019
30017,0,0,0,2019
30019,1,0,1,2019
30021,0,0,0,2019
30023,19,0,19,2019
30025,11,22,33,2019
30027,5,0,5,2019
30029,285,287,572,2019
30031,977,735,1712,2019
30033,0,0,0,2019
30035,0,0,0,2019
30041,1,0,1,2019
30043,4,2,6,2019
30047,14,4,18,2019
30049,48,156,204,2019
30053,10,0,10,2019
30055,0,0,0,2019
30057,6,0,6,2019
30061,1,0,1,2019
30063,422,242,664,2019
30065,0,0,0,2019
30067,25,2,27,2019
30071,1,0,1,2019
30073,0,0,0,2019
30077,39,21,60,2019
30081,22,10,32,2019
30083,11,0,11,2019
30085,1,0,1,2019
30087,0,0,0,2019
30091,0,0,0,2019
30093,47,18,65,2019
30095,0,0,0,2019
30097,1,2,3,2019
30099,0,2,2,2019
30101,1,0,1,2019
30105,6,2,8,2019
30109,1,0,1,2019
30111,893,245,1138,2019
31001,57,114,171,2019
31003,15,2,17,2019
31011,5,0,5,2019
31013,2,0,2,2019
31015,0,0,0,2019
31017,0,0,0,2019
31019,101,41,142,2019
31021,6,0,6,2019
31023,4,0,4,2019
31025,88,2,90,2019
31027,10,0,10,2019
31029,2,0,2,2019
31031,17,2,19,2019
31033,5,0,5,2019
31035,3,4,7,2019
31037,4,0,4,2019
31039,14,0,14,2019
31041,15,0,15,2019
31043,30,0,30,2019
31045,8,0,8,2019
31047,23,34,57,2019
31049,1,0,1,2019
31051,6,0,6,2019
31053,43,182,225,2019
31055,1249,965,2214,2019
31057,1,0,1,2019
31059,7,0,7,2019
31061,4,0,4,2019
31063,3,0,3,2019
31065,10,0,10,2019
31067,21,5,26,2019
31069,4,0,4,2019
31071,6,0,6,2019
31073,5,0,5,2019
31075,0,0,0,2019
31077,6,0,6,2019
31079,93,34,127,2019
31081,31,4,35,2019
31083,7,0,7,2019
31085,0,0,0,2019
31087,1,0,1,2019
31089,6,6,12,2019
31091,1,6,7,2019
31093,25,0,25,2019
31095,11,0,11,2019
31097,2,0,2,2019
31099,14,0,14,2019
31101,12,0,12,2019
31103,0,0,0,2019
31105,3,0,3,2019
31107,13,4,17,2019
31109,1023,864,1887,2019
31111,40,4,44,2019
31115,8,0,8,2019
31117,0,0,0,2019
31119,118,142,260,2019
31121,25,0,25,2019
31123,1,0,1,2019
31125,7,0,7,2019
31127,4,0,4,2019
31129,3,0,3,2019
31131,22,2,24,2019
31133,3,0,3,2019
31135,2,0,2,2019
31137,8,14,22,2019
31139,11,0,11,2019
31141,73,250,323,2019
31143,5,0,5,2019
31145,4,0,4,2019
31147,0,0,0,2019
31149,3,0,3,2019
31151,43,2,45,2019
31153,931,468,1399,2019
31155,138,2,140,2019
31157,10,0,10,2019
31159,65,146,211,2019
31161,3,0,3,2019
31163,10,0,10,2019
31165,2,0,2,2019
31167,8,0,8,2019
31169,6,0,6,2019
31171,0,0,0,2019
31173,12,0,12,2019
31175,10,0,10,2019
31177,54,0,54,2019
31179,6,4,10,2019
31181,2,0,2,2019
31183,0,0,0,2019
31185,18,50,68,2019
32001,97,2,99,2019
32003,10042,3861,13903,2019
32005,154,0,154,2019
32007,141,6,147,2019
32013,13,4,17,2019
32015,3,0,3,2019
32017,9,0,9,2019
32019,295,0,295,2019
32021,0,0,0,2019
32027,2,0,2,2019
32029,12,0,12,2019
32031,2145,3106,5251,2019
32033,3,0,3,2019
32510,172,76,248,2019
33001,213,10,223,2019
33003,234,31,265,2019
33005,111,0,111,2019
33007,88,0,88,2019
33009,175,164,339,2019
33011,691,561,1252,2019
33013,297,89,386,2019
33015,661,585,1246,2019
33017,224,554,778,2019
33019,52,3,55,2019
34001,364,593,957,2019
34003,806,3118,3924,2019
34005,589,2017,2606,2019
34007,425,1005,1430,2019
34009,552,311,863,2019
34011,132,0,132,2019
34013,515,2637,3152,2019
34015,427,279,706,2019
34017,2070,5637,7707,2019
34019,177,507,684,2019
34021,181,357,538,2019
34023,749,2258,3007,2019
34025,888,678,1566,2019
34027,787,740,1527,2019
34029,1901,357,2258,2019
34031,108,909,1017,2019
34033,68,0,68,2019
34035,326,1382,1708,2019
34037,120,52,172,2019
34039,243,2073,2316,2019
34041,98,69,167,2019
35000,365,0,365,2019
35001,1120,188,1308,2019
35005,55,4,59,2019
35007,0,0,0,2019
35009,54,46,100,2019
35013,876,102,978,2019
35015,244,21,265,2019
35017,10,0,10,2019
35025,164,0,164,2019
35027,64,0,64,2019
35028,40,0,40,2019
35029,8,0,8,2019
35031,2,0,2,2019
35035,0,0,0,2019
35041,22,0,22,2019
35043,677,88,765,2019
35045,74,15,89,2019
35047,1,0,1,2019
35049,344,245,589,2019
35051,0,0,0,2019
35053,0,0,0,2019
35055,90,26,116,2019
35061,75,0,75,2019
36001,235,258,493,2019
36003,50,0,50,2019
36005,2,5539,5541,2019
36007,38,269,307,2019
36009,79,0,79,2019
36011,120,0,120,2019
36013,105,0,105,2019
36015,24,196,220,2019
36017,35,147,182,2019
36019,80,70,150,2019
36021,73,2,75,2019
36023,24,0,24,2019
36025,68,0,68,2019
36027,284,206,490,2019
36029,756,777,1533,2019
36031,106,0,106,2019
36033,92,30,122,2019
36035,53,8,61,2019
36037,49,0,49,2019
36039,62,18,80,2019
36041,42,0,42,2019
36043,65,0,65,2019
36045,138,0,138,2019
36047,35,9661,9696,2019
36049,50,8,58,2019
36051,58,5,63,2019
36053,71,2,73,2019
36055,627,773,1400,2019
36057,41,4,45,2019
36059,736,811,1547,2019
36061,1,5511,5512,2019
36063,156,4,160,2019
36065,134,153,287,2019
36067,323,164,487,2019
36069,241,15,256,2019
36071,512,911,1423,2019
36073,19,40,59,2019
36075,144,53,197,2019
36077,48,2,50,2019
36079,36,80,116,2019
36081,94,5043,5137,2019
36083,101,73,174,2019
36085,200,461,661,2019
36087,87,307,394,2019
36089,149,4,153,2019
36091,678,315,993,2019
36093,79,104,183,2019
36095,27,0,27,2019
36097,48,0,48,2019
36099,48,0,48,2019
36101,83,131,214,2019
36103,681,96,777,2019
36105,194,76,270,2019
36107,26,18,44,2019
36109,87,736,823,2019
36111,188,201,389,2019
36113,141,12,153,2019
36115,88,0,88,2019
36117,86,30,116,2019
36119,397,2239,2636,2019
36121,33,202,235,2019
36123,85,42,127,2019
37001,943,464,1407,2019
37003,93,0,93,2019
37005,49,0,49,2019
37007,47,0,47,2019
37009,103,12,115,2019
37011,117,14,131,2019
37013,162,0,162,2019
37015,19,0,19,2019
37017,48,4,52,2019
37019,2601,751,3352,2019
37021,1406,690,2096,2019
37023,207,83,290,2019
37025,1890,824,2714,2019
37027,13,60,73,2019
37029,83,0,83,2019
37031,448,45,493,2019
37033,21,0,21,2019
37035,384,468,852,2019
37037,554,348,902,2019
37039,190,0,190,2019
37041,19,0,19,2019
37043,65,0,65,2019
37045,157,6,163,2019
37047,53,0,53,2019
37049,394,72,466,2019
37051,672,290,962,2019
37053,436,12,448,2019
37055,353,6,359,2019
37057,592,96,688,2019
37059,158,78,236,2019
37061,47,0,47,2019
37063,2061,1884,3945,2019
37065,32,0,32,2019
37067,2255,0,2255,2019
37069,914,4,918,2019
37071,1293,103,1396,2019
37073,31,0,31,2019
37075,2,0,2,2019
37077,341,0,341,2019
37079,25,0,25,2019
37081,1547,409,1956,2019
37083,47,4,51,2019
37085,639,0,639,2019
37087,200,234,434,2019
37089,541,78,619,2019
37091,0,2,2,2019
37093,236,2,238,2019
37095,5,0,5,2019
37097,1195,68,1263,2019
37099,218,531,749,2019
37101,2643,8,2651,2019
37103,22,0,22,2019
37105,185,0,185,2019
37107,40,50,90,2019
37109,713,12,725,2019
37111,103,24,127,2019
37113,5,0,5,2019
37115,105,0,105,2019
37117,0,0,0,2019
37119,5433,6996,12429,2019
37121,25,0,25,2019
37123,78,0,78,2019
37125,836,0,836,2019
37127,200,0,200,2019
37129,1381,1625,3006,2019
37131,20,0,20,2019
37133,1303,28,1331,2019
37135,493,2,495,2019
37137,64,0,64,2019
37139,144,0,144,2019
37141,569,0,569,2019
37143,41,0,41,2019
37145,112,0,112,2019
37147,625,405,1030,2019
37149,84,0,84,2019
37151,294,8,302,2019
37153,141,108,249,2019
37155,168,258,426,2019
37157,161,4,165,2019
37159,458,6,464,2019
37161,143,2,145,2019
37163,132,8,140,2019
37165,24,0,24,2019
37167,385,0,385,2019
37169,97,0,97,2019
37171,98,0,98,2019
37173,77,0,77,2019
37175,118,0,118,2019
37177,4,0,4,2019
37179,1623,0,1623,2019
37181,42,0,42,2019
37183,7585,2166,9751,2019
37185,57,0,57,2019
37187,8,0,8,2019
37189,187,301,488,2019
37191,315,8,323,2019
37193,92,0,92,2019
37195,177,4,181,2019
37197,58,0,58,2019
37199,68,0,68,2019
38001,2,0,2,2019
38003,5,0,5,2019
38005,0,0,0,2019
38007,1,0,1,2019
38009,9,0,9,2019
38011,2,0,2,2019
38013,2,0,2,2019
38015,275,126,401,2019
38017,752,405,1157,2019
38019,11,0,11,2019
38021,2,0,2,2019
38023,1,0,1,2019
38025,10,0,10,2019
38027,0,0,0,2019
38029,7,0,7,2019
38031,5,0,5,2019
38033,3,0,3,2019
38035,101,55,156,2019
38037,1,2,3,2019
38039,2,0,2,2019
38041,0,0,0,2019
38043,0,0,0,2019
38045,0,0,0,2019
38047,3,0,3,2019
38049,3,0,3,2019
38051,0,0,0,2019
38053,25,0,25,2019
38055,28,5,33,2019
38057,2,0,2,2019
38059,94,131,225,2019
38061,30,4,34,2019
38063,2,0,2,2019
38065,5,0,5,2019
38067,0,0,0,2019
38069,5,0,5,2019
38071,4,0,4,2019
38073,3,0,3,2019
38075,0,0,0,2019
38077,28,0,28,2019
38079,0,0,0,2019
38081,16,0,16,2019
38083,4,0,4,2019
38085,0,0,0,2019
38087,0,0,0,2019
38089,87,0,87,2019
38091,1,0,1,2019
38093,13,0,13,2019
38095,0,0,0,2019
38097,17,0,17,2019
38099,2,0,2,2019
38101,79,0,79,2019
38103,0,0,0,2019
38105,125,0,125,2019
39001,4,0,4,2019
39003,86,105,191,2019
39005,56,0,56,2019
39007,122,16,138,2019
39009,10,0,10,2019
39011,108,9,117,2019
39013,8,0,8,2019
39015,102,0,102,2019
39017,793,12,805,2019
39019,0,0,0,2019
39021,55,0,55,2019
39023,70,6,76,2019
39025,513,121,634,2019
39027,50,6,56,2019
39029,47,36,83,2019
39031,4,2,6,2019
39033,7,0,7,2019
39035,570,241,811,2019
39037,63,2,65,2019
39039,43,0,43,2019
39041,1386,541,1927,2019
39043,87,14,101,2019
39045,497,54,551,2019
39047,39,106,145,2019
39049,1390,2945,4335,2019
39051,36,19,55,2019
39053,5,0,5,2019
39055,155,0,155,2019
39057,463,126,589,2019
39059,38,0,38,2019
39061,732,1048,1780,2019
39063,118,63,181,2019
39065,14,3,17,2019
39067,6,0,6,2019
39069,25,0,25,2019
39071,6,0,6,2019
39073,12,0,12,2019
39075,1,0,1,2019
39077,30,2,32,2019
39079,83,0,83,2019
39081,1,0,1,2019
39083,133,4,137,2019
39085,431,0,431,2019
39087,6,4,10,2019
39089,257,5,262,2019
39091,101,0,101,2019
39093,964,163,1127,2019
39095,406,497,903,2019
39097,163,0,163,2019
39099,135,0,135,2019
39101,37,0,37,2019
39103,464,44,508,2019
39105,5,0,5,2019
39107,60,0,60,2019
39109,202,0,202,2019
39111,0,0,0,2019
39113,406,34,440,2019
39115,29,0,29,2019
39117,84,0,84,2019
39119,16,2,18,2019
39121,23,0,23,2019
39123,130,6,136,2019
39125,36,4,40,2019
39127,32,0,32,2019
39129,157,0,157,2019
39131,106,2,108,2019
39133,361,2,363,2019
39135,36,0,36,2019
39137,47,4,51,2019
39139,57,4,61,2019
39141,12,0,12,2019
39143,50,0,50,2019
39145,4,0,4,2019
39147,24,59,83,2019
39149,49,0,49,2019
39151,478,146,624,2019
39153,495,87,582,2019
39155,73,7,80,2019
39157,35,14,49,2019
39159,411,156,567,2019
39161,20,0,20,2019
39163,0,0,0,2019
39165,1159,217,1376,2019
39167,9,3,12,2019
39169,180,26,206,2019
39171,21,2,23,2019
39173,320,0,320,2019
39175,19,0,19,2019
40001,0,0,0,2019
40003,0,0,0,2019
40005,0,0,0,2019
40007,4,0,4,2019
40009,21,0,21,2019
40011,0,0,0,2019
40013,104,36,140,2019
40015,4,4,8,2019
40017,428,81,509,2019
40019,46,0,46,2019
40021,67,40,107,2019
40023,11,0,11,2019
40025,0,0,0,2019
40027,667,312,979,2019
40029,20,0,20,2019
40031,65,0,65,2019
40033,2,0,2,2019
40035,0,0,0,2019
40037,78,96,174,2019
40039,37,0,37,2019
40041,26,0,26,2019
40045,0,0,0,2019
40047,26,0,26,2019
40049,14,0,14,2019
40051,38,2,40,2019
40053,4,0,4,2019
40055,0,0,0,2019
40059,0,0,0,2019
40061,13,0,13,2019
40063,3,0,3,2019
40065,17,2,19,2019
40069,0,0,0,2019
40071,4,0,4,2019
40073,34,0,34,2019
40075,0,0,0,2019
40077,11,0,11,2019
40079,33,28,61,2019
40081,8,0,8,2019
40083,14,0,14,2019
40085,0,0,0,2019
40087,576,4,580,2019
40089,61,0,61,2019
40091,9,0,9,2019
40093,7,0,7,2019
40095,8,0,8,2019
40097,23,0,23,2019
40099,9,0,9,2019
40101,33,0,33,2019
40103,6,0,6,2019
40105,5,0,5,2019
40107,0,0,0,2019
40109,4193,234,4427,2019
40111,9,0,9,2019
40113,133,10,143,2019
40115,14,0,14,2019
40117,1,0,1,2019
40119,74,58,132,2019
40121,41,0,41,2019
40123,8,10,18,2019
40125,96,2,98,2019
40127,10,0,10,2019
40129,0,0,0,2019
40131,597,156,753,2019
40133,14,0,14,2019
40135,69,17,86,2019
40137,13,0,13,2019
40139,1,0,1,2019
40141,1,0,1,2019
40143,2059,667,2726,2019
40145,500,0,500,2019
40147,16,0,16,2019
40149,2,0,2,2019
40151,3,0,3,2019
40153,3,0,3,2019
41000,402,0,402,2019
41001,23,0,23,2019
41003,218,324,542,2019
41005,1373,411,1784,2019
41007,124,28,152,2019
41009,78,113,191,2019
41011,30,2,32,2019
41013,291,99,390,2019
41015,72,0,72,2019
41017,1488,540,2028,2019
41019,268,2,270,2019
41025,4,0,4,2019
41027,70,8,78,2019
41029,656,265,921,2019
41031,109,23,132,2019
41033,197,34,231,2019
41035,137,0,137,2019
41037,10,0,10,2019
41039,731,340,1071,2019
41041,179,154,333,2019
41043,466,250,716,2019
41045,27,0,27,2019
41047,817,821,1638,2019
41049,17,6,23,2019
41051,933,5165,6098,2019
41053,222,176,398,2019
41057,143,0,143,2019
41059,119,50,169,2019
41061,39,4,43,2019
41063,32,0,32,2019
41065,0,0,0,2019
41067,1925,1471,3396,2019
41071,386,165,551,2019
42001,220,0,220,2019
42003,1097,862,1959,2019
42005,11,0,11,2019
42007,131,26,157,2019
42009,51,0,51,2019
42011,350,278,628,2019
42013,111,0,111,2019
42015,64,0,64,2019
42017,654,36,690,2019
42019,771,40,811,2019
42021,54,0,54,2019
42023,0,0,0,2019
42025,69,0,69,2019
42027,351,90,441,2019
42029,1182,605,1787,2019
42031,14,0,14,2019
42033,71,21,92,2019
42035,32,0,32,2019
42037,65,16,81,2019
42039,59,2,61,2019
42041,702,564,1266,2019
42043,362,300,662,2019
42045,243,38,281,2019
42047,27,0,27,2019
42049,121,40,161,2019
42051,155,8,163,2019
42053,0,0,0,2019
42055,284,9,293,2019
42057,22,0,22,2019
42059,37,0,37,2019
42061,55,2,57,2019
42063,49,0,49,2019
42065,16,0,16,2019
42067,33,0,33,2019
42069,171,6,177,2019
42071,985,511,1496,2019
42073,78,0,78,2019
42075,322,0,322,2019
42077,397,97,494,2019
42079,246,69,315,2019
42081,66,12,78,2019
42083,28,0,28,2019
42085,115,0,115,2019
42087,66,0,66,2019
42089,176,0,176,2019
42091,977,576,1553,2019
42093,26,4,30,2019
42095,514,101,615,2019
42097,53,0,53,2019
42099,90,0,90,2019
42101,894,3672,4566,2019
42103,113,0,113,2019
42105,15,0,15,2019
42107,92,0,92,2019
42109,39,0,39,2019
42111,62,0,62,2019
42113,8,0,8,2019
42115,48,0,48,2019
42117,29,0,29,2019
42119,87,0,87,2019
42121,36,0,36,2019
42123,26,0,26,2019
42125,330,23,353,2019
42127,100,0,100,2019
42129,335,195,530,2019
42131,33,3,36,2019
42133,858,455,1313,2019
44001,41,6,47,2019
44003,105,75,180,2019
44005,150,6,156,2019
44007,356,231,587,2019
44009,368,62,430,2019
45001,43,8,51,2019
45003,878,50,928,2019
45005,2,0,2,2019
45007,1050,112,1162,2019
45009,6,0,6,2019
45011,16,0,16,2019
45013,1771,540,2311,2019
45015,1605,676,2281,2019
45017,7,0,7,2019
45019,2450,1261,3711,2019
45021,132,0,132,2019
45023,65,0,65,2019
45025,83,35,118,2019
45027,60,14,74,2019
45029,63,0,63,2019
45031,121,2,123,2019
45033,31,0,31,2019
45035,703,0,703,2019
45037,164,0,164,2019
45039,50,0,50,2019
45041,565,441,1006,2019
45043,295,35,330,2019
45045,3664,924,4588,2019
45047,170,0,170,2019
45049,10,0,10,2019
45051,4388,100,4488,2019
45053,575,0,575,2019
45055,318,0,318,2019
45057,1238,0,1238,2019
45059,159,0,159,2019
45061,8,0,8,2019
45063,2117,205,2322,2019
45065,75,0,75,2019
45067,94,2,96,2019
45069,3,0,3,2019
45071,110,0,110,2019
45073,425,0,425,2019
45075,64,0,64,2019
45077,512,142,654,2019
45079,1677,10,1687,2019
45081,40,0,40,2019
45083,2599,0,2599,2019
45085,283,50,333,2019
45087,28,0,28,2019
45089,37,0,37,2019
45091,2298,375,2673,2019
46003,9,0,9,2019
46005,11,2,13,2019
46007,0,0,0,2019
46009,10,3,13,2019
46011,129,108,237,2019
46013,68,0,68,2019
46015,18,0,18,2019
46017,0,0,0,2019
46019,17,0,17,2019
46021,2,0,2,2019
46023,15,0,15,2019
46025,8,0,8,2019
46027,27,0,27,2019
46029,60,28,88,2019
46031,0,0,0,2019
46033,148,0,148,2019
46035,30,12,42,2019
46037,27,8,35,2019
46039,5,0,5,2019
46041,0,0,0,2019
46043,9,0,9,2019
46045,9,0,9,2019
46047,10,0,10,2019
46049,7,0,7,2019
46051,17,0,17,2019
46053,13,0,13,2019
46055,2,0,2,2019
46057,38,4,42,2019
46059,3,0,3,2019
46061,10,0,10,2019
46063,1,0,1,2019
46065,16,0,16,2019
46067,29,16,45,2019
46069,3,0,3,2019
46071,0,0,0,2019
46073,1,0,1,2019
46075,0,4,4,2019
46077,22,0,22,2019
46079,33,6,39,2019
46081,173,26,199,2019
46083,191,90,281,2019
46085,4,0,4,2019
46087,19,0,19,2019
46089,5,0,5,2019
46091,11,0,11,2019
46093,115,2,117,2019
46095,2,0,2,2019
46097,3,0,3,2019
46099,1129,653,1782,2019
46101,24,10,34,2019
46103,354,251,605,2019
46105,0,0,0,2019
46107,0,0,0,2019
46109,31,0,31,2019
46111,8,0,8,2019
46115,6,0,6,2019
46117,11,0,11,2019
46119,5,0,5,2019
46121,0,0,0,2019
46123,2,0,2,2019
46125,37,0,37,2019
46127,136,17,153,2019
46129,8,4,12,2019
46135,46,44,90,2019
47001,164,0,164,2019
47003,295,18,313,2019
47005,16,0,16,2019
47007,0,0,0,2019
47009,725,168,893,2019
47011,409,148,557,2019
47013,266,0,266,2019
47015,30,0,30,2019
47017,3,0,3,2019
47019,125,2,127,2019
47021,344,0,344,2019
47023,23,2,25,2019
47025,63,12,75,2019
47027,20,0,20,2019
47029,3,2,5,2019
47031,306,24,330,2019
47033,39,0,39,2019
47035,405,0,405,2019
47037,3980,5935,9915,2019
47039,0,0,0,2019
47041,109,0,109,2019
47043,359,0,359,2019
47045,63,2,65,2019
47047,406,0,406,2019
47049,0,0,0,2019
47051,205,14,219,2019
47053,143,2,145,2019
47055,108,0,108,2019
47057,57,0,57,2019
47059,137,0,137,2019
47061,4,0,4,2019
47063,130,4,134,2019
47065,1315,698,2013,2019
47067,0,0,0,2019
47069,27,0,27,2019
47071,14,0,14,2019
47073,121,0,121,2019
47075,16,0,16,2019
47077,16,0,16,2019
47079,16,2,18,2019
47081,104,6,110,2019
47083,2,0,2,2019
47085,10,0,10,2019
47087,0,0,0,2019
47089,263,0,263,2019
47091,1,0,1,2019
47093,1234,794,2028,2019
47095,7,0,7,2019
47097,28,0,28,2019
47099,8,2,10,2019
47101,90,0,90,2019
47103,5,0,5,2019
47105,392,0,392,2019
47107,24,0,24,2019
47109,6,0,6,2019
47111,156,0,156,2019
47113,241,0,241,2019
47115,121,0,121,2019
47117,161,0,161,2019
47119,1347,175,1522,2019
47121,55,0,55,2019
47123,163,0,163,2019
47125,2265,210,2475,2019
47127,23,0,23,2019
47129,0,0,0,2019
47131,14,0,14,2019
47133,7,6,13,2019
47135,8,0,8,2019
47139,198,0,198,2019
47141,426,126,552,2019
47143,201,8,209,2019
47145,108,0,108,2019
47147,520,0,520,2019
47149,2744,1144,3888,2019
47151,4,2,6,2019
47153,8,0,8,2019
47155,1033,621,1654,2019
47157,900,355,1255,2019
47159,75,0,75,2019
47161,3,4,7,2019
47163,261,134,395,2019
47165,1284,132,1416,2019
47167,172,0,172,2019
47169,95,3,98,2019
47171,4,0,4,2019
47173,96,0,96,2019
47175,0,0,0,2019
47177,105,0,105,2019
47179,432,155,587,2019
47181,0,0,0,2019
47183,48,0,48,2019
47185,158,0,158,2019
47187,1798,669,2467,2019
47189,1728,184,1912,2019
48001,20,136,156,2019
48003,28,140,168,2019
48005,95,76,171,2019
48007,241,0,241,2019
48009,31,0,31,2019
48011,8,0,8,2019
48013,45,0,45,2019
48015,27,0,27,2019
48017,0,0,0,2019
48019,1,0,1,2019
48021,166,10,176,2019
48023,0,0,0,2019
48025,11,6,17,2019
48027,2111,244,2355,2019
48029,5083,6076,11159,2019
48031,11,0,11,2019
48035,7,0,7,2019
48037,50,0,50,2019
48039,3207,3,3210,2019
48041,1009,317,1326,2019
48043,19,0,19,2019
48047,1,0,1,2019
48049,154,9,163,2019
48051,6,72,78,2019
48053,603,2,605,2019
48055,292,10,302,2019
48057,92,4,96,2019
48059,11,0,11,2019
48061,1390,427,1817,2019
48063,7,2,9,2019
48065,3,0,3,2019
48067,16,8,24,2019
48069,0,0,0,2019
48071,792,0,792,2019
48073,17,0,17,2019
48075,0,0,0,2019
48077,3,0,3,2019
48079,0,0,0,2019
48081,1,0,1,2019
48083,0,0,0,2019
48085,9259,4552,13811,2019
48087,0,0,0,2019
48089,13,6,19,2019
48091,2747,198,2945,2019
48093,0,0,0,2019
48095,0,0,0,2019
48097,68,0,68,2019
48099,174,16,190,2019
48101,0,0,0,2019
48103,0,0,0,2019
48107,1,0,1,2019
48109,8,0,8,2019
48111,5,0,5,2019
48113,5547,11503,17050,2019
48115,0,0,0,2019
48117,2,0,2,2019
48119,7,0,7,2019
48121,6477,1654,8131,2019
48123,7,0,7,2019
48127,0,0,0,2019
48129,0,0,0,2019
48133,5,10,15,2019
48135,743,1039,1782,2019
48139,1913,145,2058,2019
48141,2433,633,3066,2019
48143,35,306,341,2019
48145,13,0,13,2019
48147,30,2,32,2019
48149,13,0,13,2019
48153,0,0,0,2019
48157,8452,2306,10758,2019
48159,2,0,2,2019
48161,5,0,5,2019
48163,6,0,6,2019
48165,2,0,2,2019
48167,2197,334,2531,2019
48169,2,0,2,2019
48171,64,4,68,2019
48175,0,0,0,2019
48177,13,0,13,2019
48179,1,0,1,2019
48181,634,364,998,2019
48183,192,22,214,2019
48185,102,0,102,2019
48187,816,518,1334,2019
48189,9,0,9,2019
48191,0,0,0,2019
48193,3,0,3,2019
48195,2,0,2,2019
48197,0,0,0,2019
48199,208,52,260,2019
48201,17903,19852,37755,2019
48203,56,0,56,2019
48207,3,0,3,2019
48209,3211,263,3474,2019
48211,0,0,0,2019
48213,66,7,73,2019
48215,3526,1844,5370,2019
48217,40,0,40,2019
48219,9,0,9,2019
48221,202,26,228,2019
48223,26,16,42,2019
48225,1,0,1,2019
48227,42,4,46,2019
48231,290,0,290,2019
48233,0,0,0,2019
48235,0,0,0,2019
48237,0,0,0,2019
48239,8,0,8,2019
48241,32,72,104,2019
48245,623,203,826,2019
48249,16,0,16,2019
48251,712,352,1064,2019
48253,0,0,0,2019
48255,60,0,60,2019
48257,542,153,695,2019
48259,365,0,365,2019
48265,88,4,92,2019
48267,1,0,1,2019
48271,0,0,0,2019
48273,37,0,37,2019
48275,0,0,0,2019
48277,31,64,95,2019
48279,5,0,5,2019
48281,32,2,34,2019
48283,0,0,0,2019
48285,18,0,18,2019
48287,20,2,22,2019
48289,0,0,0,2019
48291,823,0,823,2019
48293,14,0,14,2019
48295,0,0,0,2019
48297,5,0,5,2019
48299,107,2,109,2019
48303,1507,745,2252,2019
48305,1,0,1,2019
48307,0,0,0,2019
48309,863,346,1209,2019
48313,7,0,7,2019
48315,4,0,4,2019
48317,16,0,16,2019
48319,4,0,4,2019
48321,156,0,156,2019
48323,88,4,92,2019
48325,26,0,26,2019
48329,1290,0,1290,2019
48331,8,0,8,2019
48335,5,0,5,2019
48337,9,0,9,2019
48339,6082,1592,7674,2019
48341,16,0,16,2019
48343,1,0,1,2019
48347,21,4,25,2019
48349,312,16,328,2019
48353,5,0,5,2019
48355,1262,22,1284,2019
48357,1,0,1,2019
48359,0,0,0,2019
48361,269,8,277,2019
48363,10,0,10,2019
48365,8,0,8,2019
48367,390,418,808,2019
48369,1,0,1,2019
48371,6,38,44,2019
48373,268,98,366,2019
48375,446,26,472,2019
48377,21,0,21,2019
48379,18,0,18,2019
48381,97,4,101,2019
48383,0,6,6,2019
48385,0,0,0,2019
48387,6,0,6,2019
48389,67,0,67,2019
48391,49,0,49,2019
48395,76,0,76,2019
48397,1283,288,1571,2019
48399,5,0,5,2019
48401,0,0,0,2019
48403,1,0,1,2019
48405,0,0,0,2019
48407,394,0,394,2019
48409,339,192,531,2019
48411,3,0,3,2019
48413,0,0,0,2019
48415,3,0,3,2019
48419,1,0,1,2019
48421,11,2,13,2019
48423,592,65,657,2019
48425,19,0,19,2019
48427,3,0,3,2019
48429,4,0,4,2019
48435,0,0,0,2019
48437,0,0,0,2019
48439,8432,8551,16983,2019
48441,343,16,359,2019
48445,0,0,0,2019
48449,34,0,34,2019
48451,283,0,283,2019
48453,9524,11893,21417,2019
48455,3,0,3,2019
48457,6,0,6,2019
48459,6,0,6,2019
48461,4,0,4,2019
48463,28,0,28,2019
48465,123,8,131,2019
48467,32,4,36,2019
48469,141,60,201,2019
48471,353,235,588,2019
48473,24,78,102,2019
48475,0,0,0,2019
48477,55,0,55,2019
48479,1302,300,1602,2019
48481,125,0,125,2019
48483,0,0,0,2019
48485,99,56,155,2019
48487,2,0,2,2019
48489,46,0,46,2019
48491,5233,1435,6668,2019
48493,20,0,20,2019
48495,3,0,3,2019
48497,94,153,247,2019
48499,17,66,83,2019
48501,4,0,4,2019
48503,2,0,2,2019
48507,0,0,0,2019
49001,18,0,18,2019
49003,291,29,320,2019
49005,979,615,1594,2019
49007,20,0,20,2019
49009,7,4,11,2019
49011,1496,246,1742,2019
49013,81,4,85,2019
49015,17,0,17,2019
49017,3,0,3,2019
49019,71,62,133,2019
49021,421,40,461,2019
49023,59,11,70,2019
49025,88,2,90,2019
49027,44,4,48,2019
49029,79,0,79,2019
49031,22,0,22,2019
49033,47,0,47,2019
49035,4163,5692,9855,2019
49037,36,0,36,2019
49039,49,0,49,2019
49041,67,7,74,2019
49043,228,158,386,2019
49045,597,228,825,2019
49047,52,0,52,2019
49049,5364,1513,6877,2019
49051,445,88,533,2019
49053,2420,1137,3557,2019
49055,21,0,21,2019
49057,1006,748,1754,2019
50001,94,4,98,2019
50003,39,4,43,2019
50005,36,20,56,2019
50007,251,453,704,2019
50009,11,0,11,2019
50011,110,28,138,2019
50013,21,4,25,2019
50015,71,65,136,2019
50017,25,0,25,2019
50019,31,142,173,2019
50021,41,0,41,2019
50023,128,22,150,2019
50025,73,49,122,2019
50027,56,23,79,2019
51001,81,0,81,2019
51003,650,298,948,2019
51005,14,0,14,2019
51007,54,0,54,2019
51009,47,0,47,2019
51011,78,0,78,2019
51013,161,582,743,2019
51015,174,216,390,2019
51017,9,0,9,2019
51019,36,17,53,2019
51021,24,0,24,2019
51023,105,0,105,2019
51025,0,0,0,2019
51027,4,0,4,2019
51029,49,0,49,2019
51031,59,15,74,2019
51033,109,0,109,2019
51035,2,0,2,2019
51036,19,0,19,2019
51037,16,0,16,2019
51041,1557,1645,3202,2019
51043,54,120,174,2019
51045,8,0,8,2019
51047,264,20,284,2019
51049,33,2,35,2019
51051,1,0,1,2019
51053,89,0,89,2019
51057,33,0,33,2019
51059,1118,1020,2138,2019
51061,202,0,202,2019
51063,18,8,26,2019
51065,123,0,123,2019
51067,117,0,117,2019
51069,594,177,771,2019
51071,28,0,28,2019
51073,100,0,100,2019
51075,218,0,218,2019
51077,28,0,28,2019
51079,117,53,170,2019
51081,12,0,12,2019
51083,56,26,82,2019
51085,574,418,992,2019
51087,901,874,1775,2019
51089,16,0,16,2019
51091,13,0,13,2019
51093,203,0,203,2019
51095,250,61,311,2019
51097,26,0,26,2019
51099,155,0,155,2019
51101,118,0,118,2019
51103,27,0,27,2019
51105,12,0,12,2019
51107,2137,841,2978,2019
51109,276,0,276,2019
51111,11,0,11,2019
51113,61,0,61,2019
51115,9,0,9,2019
51117,104,0,104,2019
51119,38,0,38,2019
51121,260,273,533,2019
51125,46,0,46,2019
51127,173,12,185,2019
51131,48,28,76,2019
51133,46,0,46,2019
51135,29,42,71,2019
51137,229,24,253,2019
51139,71,0,71,2019
51141,16,0,16,2019
51143,52,0,52,2019
51145,238,0,238,2019
51147,41,8,49,2019
51149,75,0,75,2019
51153,1186,288,1474,2019
51155,43,4,47,2019
51157,22,0,22,2019
51159,16,7,23,2019
51161,162,0,162,2019
51163,58,10,68,2019
51165,288,0,288,2019
51167,17,0,17,2019
51169,13,0,13,2019
51171,123,0,123,2019
51173,16,0,16,2019
51175,59,0,59,2019
51177,675,633,1308,2019
51179,913,0,913,2019
51181,26,0,26,2019
51183,40,0,40,2019
51185,10,0,10,2019
51187,150,0,150,2019
51191,53,10,63,2019
51193,99,0,99,2019
51195,7,0,7,2019
51197,46,2,48,2019
51199,230,30,260,2019
51510,65,0,65,2019
51520,5,0,5,2019
51530,5,6,11,2019
51540,60,28,88,2019
51550,991,0,991,2019
51570,3,0,3,2019
51580,4,0,4,2019
51590,7,0,7,2019
51595,2,2,4,2019
51600,12,0,12,2019
51610,24,322,346,2019
51620,0,0,0,2019
51630,62,212,274,2019
51640,0,0,0,2019
51650,183,0,183,2019
51660,73,0,73,2019
51670,33,23,56,2019
51678,8,0,8,2019
51680,40,290,330,2019
51683,109,2,111,2019
51685,0,0,0,2019
51690,0,0,0,2019
51700,122,96,218,2019
51710,333,486,819,2019
51720,0,0,0,2019
51730,10,0,10,2019
51735,26,0,26,2019
51740,93,0,93,2019
51750,22,2,24,2019
51760,353,887,1240,2019
51770,40,238,278,2019
51775,32,0,32,2019
51790,38,4,42,2019
51800,500,195,695,2019
51810,667,683,1350,2019
51820,100,122,222,2019
51830,29,0,29,2019
51840,37,0,37,2019
53001,71,2,73,2019
53003,29,57,86,2019
53005,1082,458,1540,2019
53007,384,222,606,2019
53009,275,12,287,2019
53011,2929,1793,4722,2019
53013,4,0,4,2019
53015,309,42,351,2019
53017,248,101,349,2019
53019,27,0,27,2019
53021,574,27,601,2019
53023,2,0,2,2019
53025,441,48,489,2019
53027,340,4,344,2019
53029,351,18,369,2019
53031,174,0,174,2019
53033,3777,14142,17919,2019
53035,931,186,1117,2019
53037,396,15,411,2019
53039,102,10,112,2019
53041,260,41,301,2019
53043,46,2,48,2019
53045,291,2,293,2019
53047,154,2,156,2019
53049,91,0,91,2019
53051,50,0,50,2019
53053,2551,1721,4272,2019
53055,113,20,133,2019
53057,436,82,518,2019
53059,64,9,73,2019
53061,2409,1999,4408,2019
53063,1696,1410,3106,2019
53065,192,2,194,2019
53067,812,901,1713,2019
53069,16,0,16,2019
53071,160,30,190,2019
53073,816,1005,1821,2019
53075,128,287,415,2019
53077,569,474,1043,2019
54001,0,4,4,2019
54003,1081,180,1261,2019
54005,6,0,6,2019
54007,0,0,0,2019
54009,8,0,8,2019
54011,77,57,134,2019
54015,41,0,41,2019
54017,0,0,0,2019
54019,38,0,38,2019
54021,8,50,58,2019
54023,20,41,61,2019
54025,51,4,55,2019
54027,88,0,88,2019
54029,16,0,16,2019
54031,58,0,58,2019
54033,47,2,49,2019
54035,0,0,0,2019
54037,197,0,197,2019
54039,249,4,253,2019
54041,0,0,0,2019
54043,18,0,18,2019
54045,2,0,2,2019
54047,3,19,22,2019
54049,43,11,54,2019
54051,0,2,2,2019
54053,3,0,3,2019
54055,4,0,4,2019
54057,40,0,40,2019
54059,0,0,0,2019
54061,18,8,26,2019
54063,0,0,0,2019
54065,57,0,57,2019
54067,5,0,5,2019
54069,2,0,2,2019
54071,14,0,14,2019
54073,10,0,10,2019
54075,6,0,6,2019
54077,8,0,8,2019
54079,62,0,62,2019
54081,39,0,39,2019
54083,6,0,6,2019
54085,14,0,14,2019
54087,0,0,0,2019
54089,16,0,16,2019
54091,3,0,3,2019
54093,3,11,14,2019
54095,0,0,0,2019
54097,31,0,31,2019
54099,27,0,27,2019
54101,0,0,0,2019
54103,54,0,54,2019
54105,9,0,9,2019
54107,67,66,133,2019
54109,2,0,2,2019
55001,86,2,88,2019
55003,12,0,12,2019
55005,120,50,170,2019
55007,82,0,82,2019
55009,506,405,911,2019
55011,30,0,30,2019
55013,85,4,89,2019
55015,123,2,125,2019
55017,210,82,292,2019
55019,44,0,44,2019
55021,138,52,190,2019
55023,28,0,28,2019
55025,1266,1749,3015,2019
55027,111,106,217,2019
55029,166,6,172,2019
55031,69,6,75,2019
55033,90,8,98,2019
55035,262,191,453,2019
55037,25,0,25,2019
55039,143,112,255,2019
55041,72,0,72,2019
55043,80,44,124,2019
55045,75,2,77,2019
55047,34,0,34,2019
55049,57,4,61,2019
55051,25,0,25,2019
55053,38,0,38,2019
55055,168,82,250,2019
55057,130,0,130,2019
55059,246,438,684,2019
55061,34,0,34,2019
55063,200,316,516,2019
55065,27,0,27,2019
55067,46,2,48,2019
55069,82,0,82,2019
55071,82,6,88,2019
55073,289,208,497,2019
55075,105,0,105,2019
55077,55,2,57,2019
55078,9,0,9,2019
55079,170,378,548,2019
55081,99,10,109,2019
55083,183,2,185,2019
55085,207,0,207,2019
55087,367,85,452,2019
55089,234,218,452,2019
55091,24,2,26,2019
55093,163,138,301,2019
55095,206,8,214,2019
55097,142,210,352,2019
55099,53,0,53,2019
55101,192,130,322,2019
55103,25,0,25,2019
55105,321,323,644,2019
55107,72,0,72,2019
55109,525,33,558,2019
55111,148,2,150,2019
55113,138,16,154,2019
55115,57,2,59,2019
55117,127,59,186,2019
55119,23,0,23,2019
55121,127,20,147,2019
55123,88,0,88,2019
55125,193,12,205,2019
55127,289,44,333,2019
55129,66,0,66,2019
55131,294,166,460,2019
55133,811,169,980,2019
55135,105,6,111,2019
55137,61,0,61,2019
55139,246,88,334,2019
55141,92,182,274,2019
56001,119,16,135,2019
56003,11,0,11,2019
56005,62,4,66,2019
56007,20,0,20,2019
56009,17,0,17,2019
56011,9,0,9,2019
56013,13,0,13,2019
56015,2,0,2,2019
56017,0,0,0,2019
56019,18,2,20,2019
56021,386,46,432,2019
56023,144,4,148,2019
56025,158,19,177,2019
56027,0,0,0,2019
56029,123,20,143,2019
56031,25,0,25,2019
56033,147,43,190,2019
56035,33,0,33,2019
56037,68,0,68,2019
56039,122,33,155,2019
56041,42,0,42,2019
56043,2,0,2,2019
56045,0,0,0,2019
